7.28052	2	20	7.27435	2	20	6.4356	2	16	0	0	0	0.00503313	0.00481	0.00530333	0.00503313	0.00481	0.0053	0.00901479	0.00842333	0.00938667	0.00901479	0.00842333	0.00938667	1.79109	1.79109	7.46728	
7.32546	2	20	7.31253	2	20	6.5278	2	18	0	0	0	0.0100071	0.00965667	0.0101967	0.0100071	0.00965667	0.0102	0.0181071	0.0176567	0.0190767	0.0181075	0.0176567	0.01908	1.80943	1.80947	7.46921	
7.35519	2	22	7.3365	2	22	6.56675	2	20	0	0	0	0.0149985	0.0147133	0.0155233	0.0149985	0.0147133	0.01552	0.0269394	0.0256067	0.0280867	0.0269394	0.0256067	0.0280867	1.79613	1.79613	7.48577	
7.35484	2	24	7.33049	2	24	6.52728	2	20	0	0	0	0.019986	0.01961	0.02052	0.019986	0.01961	0.0205167	0.0358335	0.03493	0.03684	0.0358327	0.03493	0.0368367	1.79293	1.79289	7.46599	
7.38205	2	26	7.35221	2	26	6.56856	2	23	0	0	0	0.0249837	0.0244333	0.0254267	0.024984	0.0244333	0.0254233	0.0448033	0.0432067	0.0459867	0.0448044	0.0432067	0.0459833	1.7933	1.79333	7.46671	
7.4209	2	26	7.3794	2	24	6.57626	2	21	0	0	0	0.0300242	0.0295467	0.03048	0.0300242	0.0295433	0.0304767	0.0540175	0.05332	0.0554333	0.0540175	0.0533167	0.0554333	1.79913	1.79913	7.46503	
7.43873	2	24	7.38987	2	24	6.58643	2	22	0	0	0	0.0350258	0.03456	0.0356267	0.0350258	0.0345567	0.0356267	0.0631567	0.0616533	0.06481	0.0631567	0.06165	0.0648067	1.80315	1.80315	7.45171	
7.46633	2	26	7.40589	2	26	6.60886	2	23	0	0	0	0.0400277	0.03946	0.04073	0.0400277	0.0394567	0.0407267	0.0721635	0.0709767	0.07374	0.0721635	0.0709833	0.0737367	1.80284	1.80284	7.44602	
7.51455	2	32	7.44673	2	32	6.63216	2	28	0	0	0	0.0450169	0.0439567	0.0456967	0.0450171	0.0439567	0.0456967	0.0811485	0.0793167	0.08211	0.0811504	0.0793167	0.08211	1.80262	1.80266	7.46462	
7.5403	2	33	7.46103	2	33	6.66647	2	30	0	0	0	0.0499998	0.0493	0.0506933	0.0500002	0.0493	0.05069	0.0900577	0.0887133	0.0915567	0.090059	0.0887133	0.0915667	1.80116	1.80117	7.45464	
7.57828	2	45	7.48478	2	45	6.69873	2	41	0	0	0	0.0550015	0.05412	0.0556867	0.0550015	0.0541167	0.0556833	0.0989573	0.0961867	0.101667	0.0989571	0.0961767	0.101663	1.79918	1.79917	7.45399	
7.60817	2	39	7.50235	2	35	6.71114	2	31	0	0	0	0.0599671	0.0591933	0.0606667	0.0599673	0.0591933	0.0606633	0.107884	0.10628	0.110047	0.107884	0.106283	0.110047	1.79905	1.79904	7.45182	
7.6614	2	44	7.53644	2	43	6.74328	2	39	0	0	0	0.0650215	0.0644433	0.06613	0.0650213	0.06444	0.0661367	0.116787	0.114973	0.119243	0.116787	0.11497	0.119243	1.79613	1.79614	7.46103	
7.70728	2	40	7.56625	2	40	6.77838	2	36	0	0	0	0.0699785	0.0688767	0.0706767	0.0699781	0.0688767	0.0706767	0.125762	0.123223	0.12785	0.12576	0.123223	0.127837	1.79715	1.79714	7.46426	
7.74532	2	59	7.58919	2	44	6.79454	2	40	0	0	0	0.0749754	0.0739667	0.0760933	0.0749748	0.0739633	0.0760933	0.134679	0.132943	0.137253	0.134676	0.132943	0.137253	1.79631	1.79628	7.46188	
7.80813	2	42	7.63179	2	41	6.84317	2	37	0	0	0	0.0799906	0.0789433	0.0806033	0.0799912	0.07894	0.08061	0.143754	0.1418	0.145303	0.143756	0.141793	0.145303	1.79713	1.79714	7.4728	
7.89362	2	47	7.68238	2	47	6.90572	2	43	0	0	0	0.0850135	0.0841767	0.08594	0.0850133	0.08418	0.0859433	0.152908	0.15066	0.154753	0.152905	0.15065	0.154737	1.79864	1.7986	7.48232	
7.9458	2	52	7.71163	2	39	6.91901	2	39	0	0	0	0.0900248	0.0892033	0.09142	0.0900267	0.0892067	0.09142	0.16201	0.159603	0.16706	0.16201	0.159607	0.16706	1.79961	1.79958	7.48438	
8.02945	2	47	7.75633	2	43	6.96852	2	39	0	0	0	0.0950098	0.0942767	0.09608	0.0950106	0.0942767	0.0960767	0.170997	0.16884	0.173027	0.170998	0.168837	0.17303	1.79979	1.79978	7.49061	
8.08476	2	54	7.7904	2	48	6.99977	2	44	0	0	0	0.100001	0.0992933	0.10096	0.100001	0.0992867	0.100963	0.180058	0.177937	0.182947	0.180056	0.177937	0.18295	1.80056	1.80054	7.49161	
8.19858	2	68	7.84681	2	61	7.05906	2	57	0	0	0	0.105056	0.104367	0.105867	0.105057	0.104363	0.10587	0.189182	0.1872	0.191547	0.189183	0.187193	0.19155	1.80077	1.80077	7.50138	
8.28857	2	68	7.88904	2	57	7.097	2	53	0	0	0	0.110075	0.108663	0.11093	0.110075	0.108667	0.110927	0.198212	0.19493	0.200707	0.198213	0.194933	0.200707	1.80071	1.80071	7.51022	
8.41004	2	63	7.95697	2	52	7.174	2	52	0	0	0	0.115057	0.113993	0.11592	0.115056	0.11399	0.115923	0.207168	0.20457	0.210507	0.207164	0.204573	0.21051	1.80056	1.80055	7.52696	
8.53316	2	78	8.00952	2	58	7.23149	2	54	0	0	0	0.120091	0.11929	0.121323	0.120091	0.119293	0.121317	0.216163	0.21313	0.21876	0.216167	0.213147	0.218757	1.8	1.80003	7.53687	
8.67355	2	96	8.07054	2	47	7.29292	2	44	0	0	0	0.125085	0.12432	0.126297	0.125085	0.12433	0.126297	0.22529	0.223193	0.229163	0.225288	0.223183	0.22915	1.80109	1.80108	7.54136	
8.81039	2	119	8.12965	2	56	7.35547	2	52	0	0	0	0.130036	0.12924	0.131267	0.130036	0.12924	0.13127	0.23412	0.231557	0.23707	0.23412	0.23156	0.237083	1.80043	1.80043	7.55337	
8.98387	2	102	8.19701	2	61	7.42173	2	57	0	0	0	0.135046	0.134093	0.136103	0.135048	0.134083	0.136107	0.243109	0.241307	0.245997	0.243109	0.24132	0.246	1.80019	1.80017	7.56592	
9.20904	2	117	8.2624	2	67	7.48957	2	63	0	0	0	0.140089	0.13944	0.141097	0.140087	0.139437	0.1411	0.252135	0.24934	0.25455	0.252128	0.24934	0.254553	1.79982	1.7998	7.57551	
9.45198	2	104	8.35571	2	71	7.58411	2	67	0	0	0	0.145101	0.143857	0.14625	0.1451	0.143857	0.146247	0.261322	0.259377	0.263003	0.261325	0.25939	0.263	1.80097	1.80099	7.5901	
9.72196	2	136	8.41287	2	65	7.6491	2	61	0	0	0	0.150073	0.148857	0.15121	0.150071	0.14886	0.15121	0.270177	0.26602	0.273463	0.270172	0.26603	0.273437	1.80031	1.80029	7.59731	
10.0826	2	152	8.50528	2	70	7.7448	2	66	0	0	0	0.155095	0.153963	0.155983	0.155095	0.153967	0.15598	0.279321	0.275037	0.28224	0.279321	0.275043	0.282243	1.80096	1.80097	7.60806	
10.5661	2	223	8.60741	2	64	7.85199	2	60	0	0	0	0.160132	0.159087	0.161083	0.160129	0.159093	0.16108	0.288289	0.285193	0.291183	0.288286	0.285227	0.291183	1.80032	1.80034	7.63135	
11.2363	2	222	8.70167	2	69	7.94264	2	69	0	0	0	0.165183	0.164203	0.166453	0.165181	0.1642	0.166443	0.297368	0.293813	0.300543	0.297367	0.293813	0.300563	1.80023	1.80025	7.64085	
11.9497	2	215	8.80342	2	71	8.05047	2	67	0	0	0	0.170181	0.169017	0.171337	0.170182	0.169013	0.171323	0.306336	0.302677	0.31067	0.30634	0.3027	0.310707	1.80006	1.80007	7.66073	
13.5125	2	431	8.88751	2	79	8.13135	2	75	0	0	0	0.175217	0.174117	0.176273	0.175218	0.174123	0.17627	0.315385	0.312637	0.31849	0.315386	0.31265	0.318513	1.79997	1.79997	7.66958	
15.9537	2	616	8.99882	2	92	8.24901	2	88	0	0	0	0.18028	0.178787	0.181217	0.180282	0.17878	0.181217	0.324327	0.32116	0.326523	0.324326	0.321163	0.326517	1.79901	1.79899	7.68683	
22.71	2	719	9.10142	2	75	8.35326	2	72	0	0	0	0.18528	0.18345	0.18669	0.185289	0.18344	0.186693	0.333208	0.331463	0.33741	0.333226	0.331573	0.3374	1.7984	1.79841	7.70508	
44.455	2	1367	9.10531	2	91	8.35879	2	87	0	0	0	0.190087	0.189215	0.190908	0.190108	0.189208	0.191043	0.341774	0.340388	0.343682	0.341813	0.340382	0.343685	1.79798	1.798	7.71367	
318.333	2	8812	9.09914	2	77	8.34746	2	73	0	0	0	0.195028	0.193676	0.19598	0.195002	0.193683	0.19598	0.350685	0.347699	0.353186	0.350635	0.347711	0.353186	1.79813	1.79811	7.72018	
