5.54237	1	26	5.54141	1	26	4.77891	1	22	0	0	0	0.00503313	0.00481	0.00530333	0.00503292	0	0.02034	0.00901479	0.00842333	0.00938667	0.00901458	0	0.03638	1.79109	1.79113	5.69564	
5.63243	1	31	5.62941	1	31	4.83642	1	27	0	0	0	0.0100071	0.00965667	0.0101967	0.0100071	0	0.0406567	0.0181071	0.0176567	0.0190767	0.0181073	0	0.0732967	1.80943	1.80945	5.7034	
5.74968	1	32	5.74509	1	32	4.98692	1	28	0	0	0	0.0149985	0.0147133	0.0155233	0.0149981	0	0.0602167	0.0269394	0.0256067	0.0280867	0.0269388	0	0.10803	1.79613	1.79614	5.76678	
5.81951	1	37	5.81182	1	37	5.06614	1	33	0	0	0	0.019986	0.01961	0.02052	0.0199863	0	0.0805133	0.0358335	0.03493	0.03684	0.0358337	0	0.14498	1.79293	1.79292	5.76656	
5.95585	1	37	5.94585	1	37	5.21537	1	33	0	0	0	0.0249837	0.0244333	0.0254267	0.024984	0	0.1007	0.0448033	0.0432067	0.0459867	0.0448048	0	0.18158	1.7933	1.79334	5.81603	
6.05046	1	38	6.03575	1	38	5.27955	1	34	0	0	0	0.0300242	0.0295467	0.03048	0.0300242	0	0.12085	0.0540175	0.05332	0.0554333	0.0540175	0	0.21757	1.79913	1.79913	5.81375	
6.18972	1	39	6.16878	1	39	5.43798	1	35	0	0	0	0.0350258	0.03456	0.0356267	0.0350258	0	0.14059	0.0631567	0.0616533	0.06481	0.0631567	0	0.253737	1.80315	1.80315	5.84883	
6.34788	1	42	6.31981	1	42	5.61999	1	38	0	0	0	0.0400277	0.03946	0.04073	0.0400277	0	0.160507	0.0721635	0.0709767	0.07374	0.0721644	0	0.2902	1.80284	1.80286	5.89313	
6.52022	1	58	6.48687	1	58	5.79188	1	54	0	0	0	0.0450169	0.0439567	0.0456967	0.0450169	0	0.18061	0.0811485	0.0793167	0.08211	0.0811494	0	0.325537	1.80262	1.80264	5.93986	
6.68997	1	55	6.64235	1	55	5.98912	1	51	0	0	0	0.0499998	0.0493	0.0506933	0.0500002	0	0.201597	0.0900577	0.0887133	0.0915567	0.0900588	0	0.361357	1.80116	1.80117	5.97951	
6.9002	1	51	6.83775	1	51	6.20974	1	50	0	0	0	0.0550015	0.05412	0.0556867	0.0550015	0	0.221877	0.0989573	0.0961867	0.101667	0.0989558	0	0.397133	1.79918	1.79915	6.03575	
7.12535	1	64	7.0427	1	64	6.44835	1	60	0	0	0	0.0599671	0.0591933	0.0606667	0.0599673	0	0.241723	0.107884	0.10628	0.110047	0.107884	0	0.433653	1.79905	1.79904	6.08279	
7.38204	1	72	7.27378	1	69	6.72388	1	65	0	0	0	0.0650215	0.0644433	0.06613	0.0650213	0	0.262283	0.116787	0.114973	0.119243	0.116787	0	0.47075	1.79613	1.79614	6.14845	
7.69481	1	87	7.5642	1	61	7.03886	1	61	0	0	0	0.0699785	0.0688767	0.0706767	0.0699783	0	0.281813	0.125762	0.123223	0.12785	0.125761	0	0.506803	1.79715	1.79714	6.23313	
8.06167	1	100	7.87648	1	70	7.40058	1	70	0	0	0	0.0749754	0.0739667	0.0760933	0.0749754	0	0.30211	0.134679	0.132943	0.137253	0.134676	0	0.543017	1.79631	1.79626	6.323	
8.52745	1	145	8.27904	1	92	7.88418	1	88	0	0	0	0.0799906	0.0789433	0.0806033	0.0799896	0	0.32179	0.143754	0.1418	0.145303	0.143753	0	0.578613	1.79713	1.79715	6.44944	
9.1381	1	261	8.77866	1	82	8.44626	1	78	0	0	0	0.0850135	0.0841767	0.08594	0.0850121	0	0.34175	0.152908	0.15066	0.154753	0.152901	0	0.61483	1.79864	1.79858	6.61434	
9.79681	1	152	9.32471	1	89	9.04756	1	85	0	0	0	0.0900248	0.0892033	0.09142	0.0900258	0	0.361837	0.16201	0.159603	0.16706	0.16201	0	0.650827	1.79961	1.7996	6.78886	
10.7339	1	326	10.0056	1	111	9.82627	1	108	0	0	0	0.0950098	0.0942767	0.09608	0.0950108	0	0.381363	0.170997	0.16884	0.173027	0.170998	0	0.688103	1.79979	1.79978	7.03351	
11.9542	1	236	10.8515	1	112	10.7504	1	112	0	0	0	0.100001	0.0992933	0.10096	0.0999992	0	0.401573	0.180058	0.177937	0.182947	0.180053	0	0.725733	1.80056	1.80054	7.33888	
14.0069	1	348	12.038	1	129	12.0281	1	129	0	0	0	0.105056	0.104367	0.105867	0.105056	0	0.421717	0.189182	0.1872	0.191547	0.18918	0	0.760577	1.80077	1.80076	7.79731	
17.9789	1	625	13.6461	1	142	13.7728	1	140	0	0	0	0.110075	0.108663	0.11093	0.110074	0	0.441893	0.198212	0.19493	0.200707	0.198212	0	0.795773	1.80071	1.80071	8.45326	
27.4291	1	1168	15.8313	1	194	16.0965	1	194	0	0	0	0.114937	0.114482	0.115466	0.114936	0	0.461008	0.206925	0.205576	0.208906	0.206924	0	0.831766	1.80033	1.80034	9.38103	
463.737	1	10579	19.31	1	223	19.6815	1	219	0	0	0	0.119907	0.119181	0.120634	0.119884	0	0.481149	0.215782	0.214177	0.217339	0.215742	0	0.866359	1.79958	1.79959	10.885	
