7.55114	2	20	7.54344	2	20	6.76686	2	18	0	0	0	0.00503313	0.00481	0.00530333	0.00503313	0.00481	0.0053	0.00901479	0.00842333	0.00938667	0.00901479	0.00842333	0.00938667	1.79109	1.79109	7.72743	
7.62308	2	24	7.60555	2	24	6.78265	2	20	0	0	0	0.0100071	0.00965667	0.0101967	0.0100069	0.00965667	0.0102	0.0181071	0.0176567	0.0190767	0.0181075	0.0176567	0.01908	1.80943	1.80951	7.74847	
7.63891	2	22	7.61248	2	22	6.83934	2	20	0	0	0	0.0149985	0.0147133	0.0155233	0.0149983	0.0147133	0.01552	0.0269394	0.0256067	0.0280867	0.0269392	0.0256067	0.0280867	1.79613	1.79614	7.74379	
7.65832	2	24	7.62224	2	24	6.83571	2	20	0	0	0	0.019986	0.01961	0.02052	0.0199863	0.01961	0.0205167	0.0358335	0.03493	0.03684	0.0358337	0.03493	0.0368367	1.79293	1.79292	7.72574	
7.6786	2	32	7.63416	2	32	6.84834	2	28	0	0	0	0.0249837	0.0244333	0.0254267	0.0249842	0.0244333	0.0254233	0.0448033	0.0432067	0.0459867	0.044805	0.0432067	0.0459833	1.7933	1.79334	7.71116	
7.73355	2	32	7.67337	2	27	6.86148	2	23	0	0	0	0.0300242	0.0295467	0.03048	0.0300246	0.0295433	0.0304767	0.0540175	0.05332	0.0554333	0.0540179	0.0533167	0.0554333	1.79913	1.79912	7.71139	
7.77341	2	34	7.70343	2	34	6.9146	2	30	0	0	0	0.0350258	0.03456	0.0356267	0.0350258	0.03456	0.0356267	0.0631567	0.0616533	0.06481	0.0631567	0.0616533	0.0648067	1.80315	1.80315	7.70364	
7.82393	2	37	7.73801	2	37	6.93831	2	33	0	0	0	0.0400277	0.03946	0.04073	0.0400275	0.03946	0.0407267	0.0721635	0.0709767	0.07374	0.0721642	0.07098	0.0737367	1.80284	1.80286	7.71433	
7.8541	2	35	7.75836	2	35	6.94678	2	31	0	0	0	0.0450169	0.0439567	0.0456967	0.0450173	0.0439567	0.0456967	0.0811485	0.0793167	0.08211	0.0811506	0.0793167	0.08211	1.80262	1.80265	7.70388	
7.90046	2	36	7.7889	2	36	6.98629	2	36	0	0	0	0.0499998	0.0493	0.0506933	0.0500002	0.0493	0.05069	0.0900577	0.0887133	0.0915567	0.0900594	0.0887133	0.0915667	1.80116	1.80118	7.70651	
7.94081	2	40	7.80834	2	37	7.01087	2	33	0	0	0	0.0550015	0.05412	0.0556867	0.0550019	0.0541233	0.0556867	0.0989573	0.0961867	0.101667	0.0989575	0.09619	0.101667	1.79918	1.79917	7.69775	
7.9832	2	41	7.8359	2	41	7.04376	2	37	0	0	0	0.0599671	0.0591933	0.0606667	0.0599673	0.05919	0.0606667	0.107884	0.10628	0.110047	0.107883	0.106283	0.110047	1.79905	1.79903	7.69739	
8.04006	2	42	7.87057	2	39	7.09138	2	35	0	0	0	0.0650215	0.0644433	0.06613	0.0650215	0.0644433	0.0661367	0.116787	0.114973	0.119243	0.116787	0.114973	0.119243	1.79613	1.79613	7.70226	
8.09557	2	45	7.89894	2	44	7.1011	2	40	0	0	0	0.0699785	0.0688767	0.0706767	0.0699779	0.0688767	0.0706767	0.125762	0.123223	0.12785	0.125759	0.123223	0.127837	1.79715	1.79713	7.69683	
8.15518	2	47	7.94141	2	38	7.14249	2	36	0	0	0	0.0749754	0.0739667	0.0760933	0.0749752	0.0739633	0.0760933	0.134679	0.132943	0.137253	0.134675	0.13293	0.137243	1.79631	1.79626	7.70869	
8.20615	2	52	7.97065	2	41	7.18816	2	37	0	0	0	0.0799906	0.0789433	0.0806033	0.0799917	0.07894	0.08061	0.143754	0.1418	0.145303	0.143756	0.141793	0.145307	1.79713	1.79714	7.7017	
8.29088	2	57	8.01007	2	42	7.22906	2	39	0	0	0	0.0850135	0.0841767	0.08594	0.0850137	0.08418	0.0859433	0.152908	0.15066	0.154753	0.152906	0.15066	0.154753	1.79864	1.79861	7.70228	
8.36199	2	66	8.04967	2	47	7.26104	2	43	0	0	0	0.0900248	0.0892033	0.09142	0.0900265	0.0892067	0.0914233	0.16201	0.159603	0.16706	0.162012	0.159617	0.167063	1.79961	1.7996	7.70072	
8.45757	2	66	8.10043	2	56	7.31743	2	56	0	0	0	0.0950098	0.0942767	0.09608	0.095011	0.0942767	0.0960767	0.170997	0.16884	0.173027	0.170998	0.16884	0.17303	1.79979	1.79977	7.71472	
8.52843	2	56	8.13359	2	49	7.35858	2	45	0	0	0	0.100001	0.0992933	0.10096	0.100001	0.0992867	0.100963	0.180058	0.177937	0.182947	0.18006	0.177937	0.18295	1.80056	1.80058	7.71124	
8.61538	2	73	8.17215	2	53	7.37995	2	49	0	0	0	0.105056	0.104367	0.105867	0.105057	0.104363	0.105867	0.189182	0.1872	0.191547	0.189184	0.187197	0.191547	1.80077	1.80077	7.70949	
8.74865	2	100	8.22492	2	52	7.44907	2	49	0	0	0	0.110075	0.108663	0.11093	0.110073	0.108663	0.110927	0.198212	0.19493	0.200707	0.198211	0.19493	0.20071	1.80071	1.80072	7.72185	
8.86354	2	82	8.27205	2	46	7.49219	2	44	0	0	0	0.115057	0.113993	0.11592	0.115056	0.113983	0.115927	0.207168	0.20457	0.210507	0.207162	0.204577	0.2105	1.80056	1.80053	7.72633	
8.97632	2	90	8.32162	2	51	7.54601	2	47	0	0	0	0.120091	0.11929	0.121323	0.120091	0.119297	0.121317	0.216163	0.21313	0.21876	0.216165	0.21314	0.21876	1.8	1.80001	7.73059	
9.15622	2	91	8.38219	2	66	7.61332	2	66	0	0	0	0.125085	0.12432	0.126297	0.125085	0.12433	0.126297	0.22529	0.223193	0.229163	0.225287	0.223183	0.22915	1.80109	1.80107	7.73617	
9.31593	2	135	8.43689	2	60	7.67043	2	56	0	0	0	0.130036	0.12924	0.131267	0.130036	0.12924	0.13127	0.23412	0.231557	0.23707	0.234121	0.23156	0.237083	1.80043	1.80044	7.74187	
9.48457	2	146	8.49014	2	64	7.71618	2	60	0	0	0	0.135046	0.134093	0.136103	0.135046	0.13408	0.136107	0.243109	0.241307	0.245997	0.243107	0.24131	0.246	1.80019	1.80019	7.74996	
9.74335	2	149	8.54429	2	59	7.77469	2	59	0	0	0	0.140089	0.13944	0.141097	0.140088	0.13944	0.1411	0.252135	0.24934	0.25455	0.252129	0.24934	0.254553	1.79982	1.79979	7.74967	
9.96378	2	147	8.61573	2	79	7.84628	2	75	0	0	0	0.145101	0.143857	0.14625	0.145099	0.143853	0.14624	0.261322	0.259377	0.263003	0.261322	0.259387	0.263	1.80097	1.80099	7.75713	
10.3762	2	204	8.66822	2	63	7.90407	2	59	0	0	0	0.150073	0.148857	0.15121	0.150073	0.14886	0.151207	0.270177	0.26602	0.273463	0.270176	0.26603	0.273453	1.80031	1.8003	7.76252	
10.7141	2	195	8.74496	2	68	7.99002	2	64	0	0	0	0.155095	0.153963	0.155983	0.155096	0.153967	0.155987	0.279321	0.275037	0.28224	0.279325	0.275047	0.282253	1.80096	1.80098	7.76612	
11.1885	2	212	8.81845	2	79	8.06388	2	75	0	0	0	0.160132	0.159087	0.161083	0.160127	0.159103	0.161083	0.288289	0.285193	0.291183	0.288279	0.28524	0.291183	1.80032	1.80032	7.77222	
12.0087	2	284	8.8952	2	69	8.13345	2	69	0	0	0	0.165183	0.164203	0.166453	0.165178	0.164197	0.166443	0.297368	0.293813	0.300543	0.297361	0.29382	0.300553	1.80023	1.80024	7.77925	
12.769	2	268	8.96192	2	90	8.21332	2	86	0	0	0	0.170181	0.169017	0.171337	0.17018	0.169013	0.17133	0.306336	0.302677	0.31067	0.306336	0.30269	0.310697	1.80006	1.80007	7.78718	
14.6796	2	449	9.05557	2	78	8.30654	2	74	0	0	0	0.175217	0.174117	0.176273	0.175217	0.17412	0.17627	0.315385	0.312637	0.31849	0.315389	0.312653	0.318513	1.79997	1.79998	7.79148	
18.0126	2	536	9.11126	2	86	8.36218	2	83	0	0	0	0.18028	0.178787	0.181217	0.18028	0.178787	0.181217	0.324327	0.32116	0.326523	0.324323	0.32117	0.326517	1.79901	1.799	7.80069	
26.5243	2	1114	9.16392	2	83	8.42	2	79	0	0	0	0.18528	0.18345	0.18669	0.185284	0.183447	0.18669	0.333208	0.331463	0.33741	0.333211	0.331077	0.337397	1.7984	1.79838	7.79909	
56.3327	2	2137	9.14127	2	76	8.39439	2	76	0	0	0	0.190058	0.189287	0.190674	0.190076	0.189287	0.19067	0.341824	0.340273	0.343451	0.341854	0.340271	0.343447	1.79852	1.79852	7.79702	
1019.82	2	22825	9.07944	2	81	8.33146	2	80	0	0	0	0.195028	0.193676	0.19598	0.194757	0.1903	0.195977	0.350685	0.347699	0.353186	0.350193	0.341711	0.353183	1.79813	1.7981	7.79015	
