5.65429	1	25	5.65408	1	25	4.90547	1	21	0	0	0	0.00503313	0.00481	0.00530333	0.00503292	0.00485333	0.00523333	0.00901479	0.00842333	0.00938667	0.00901458	0.00845333	0.00953333	1.79109	1.79113	5.84002	
5.67334	1	31	5.67211	1	31	4.87724	1	27	0	0	0	0.0100071	0.00965667	0.0101967	0.0100069	0.00964667	0.01039	0.0181071	0.0176567	0.0190767	0.0181071	0.01748	0.01876	1.80943	1.80946	5.8173	
5.71867	1	31	5.71719	1	31	4.93312	1	27	0	0	0	0.0149985	0.0147133	0.0155233	0.0149981	0.0148167	0.01522	0.0269394	0.0256067	0.0280867	0.0269388	0.02633	0.0278433	1.79613	1.79614	5.85274	
5.72959	1	27	5.727	1	27	4.94055	1	23	0	0	0	0.019986	0.01961	0.02052	0.0199867	0.01966	0.0203033	0.0358335	0.03493	0.03684	0.0358342	0.0350033	0.03669	1.79293	1.7929	5.84507	
5.77147	1	29	5.76778	1	29	4.97644	1	25	0	0	0	0.0249837	0.0244333	0.0254267	0.024984	0.0247	0.0254733	0.0448033	0.0432067	0.0459867	0.0448044	0.0433767	0.04618	1.7933	1.79333	5.85732	
5.80382	1	32	5.79843	1	32	5.00792	1	28	0	0	0	0.0300242	0.0295467	0.03048	0.0300242	0.0292733	0.0305967	0.0540175	0.05332	0.0554333	0.0540175	0.05254	0.0554367	1.79913	1.79913	5.8559	
5.85505	1	31	5.8483	1	31	5.05693	1	27	0	0	0	0.0350258	0.03456	0.0356267	0.0350256	0.0344667	0.0356367	0.0631567	0.0616533	0.06481	0.0631565	0.06177	0.0643333	1.80315	1.80315	5.87855	
5.89243	1	31	5.88472	1	31	5.09019	1	28	0	0	0	0.0400277	0.03946	0.04073	0.0400277	0.03949	0.0405033	0.0721635	0.0709767	0.07374	0.0721644	0.07009	0.0736167	1.80284	1.80286	5.88524	
5.9418	1	33	5.93182	1	33	5.14446	1	29	0	0	0	0.0450169	0.0439567	0.0456967	0.0450171	0.0445133	0.0458567	0.0811485	0.0793167	0.08211	0.0811496	0.0791133	0.0825967	1.80262	1.80264	5.90416	
5.9835	1	30	5.97099	1	30	5.18679	1	26	0	0	0	0.0499998	0.0493	0.0506933	0.0499998	0.0491033	0.0508833	0.0900577	0.0887133	0.0915567	0.0900579	0.0884933	0.0920333	1.80116	1.80117	5.91479	
6.01926	1	38	6.0035	1	38	5.21555	1	34	0	0	0	0.0550015	0.05412	0.0556867	0.0550015	0.05423	0.05599	0.0989573	0.0961867	0.101667	0.0989569	0.0973667	0.10109	1.79918	1.79917	5.91931	
6.06708	1	38	6.0481	1	38	5.28458	1	34	0	0	0	0.0599671	0.0591933	0.0606667	0.0599675	0.0593167	0.0608333	0.107884	0.10628	0.110047	0.107884	0.10633	0.110247	1.79905	1.79904	5.93172	
6.11862	1	36	6.09665	1	36	5.32946	1	32	0	0	0	0.0650215	0.0644433	0.06613	0.0650219	0.0643067	0.06615	0.116787	0.114973	0.119243	0.116788	0.114763	0.11975	1.79613	1.79613	5.95164	
6.17747	1	38	6.15281	1	38	5.38202	1	34	0	0	0	0.0699785	0.0688767	0.0706767	0.0699788	0.0693367	0.07104	0.125762	0.123223	0.12785	0.125761	0.123567	0.129007	1.79715	1.79713	5.97484	
6.22454	1	39	6.19564	1	39	5.42322	1	35	0	0	0	0.0749754	0.0739667	0.0760933	0.0749754	0.0743267	0.0759933	0.134679	0.132943	0.137253	0.134677	0.132207	0.137427	1.79631	1.79628	5.9836	
6.28242	1	43	6.2478	1	43	5.4845	1	39	0	0	0	0.0799906	0.0789433	0.0806033	0.079991	0.0792	0.0808833	0.143754	0.1418	0.145303	0.143756	0.14093	0.14601	1.79713	1.79715	5.99722	
6.34566	1	45	6.30531	1	45	5.54695	1	41	0	0	0	0.0850135	0.0841767	0.08594	0.0850133	0.0843767	0.0859067	0.152908	0.15066	0.154753	0.152905	0.150483	0.154637	1.79864	1.7986	6.01242	
6.40689	1	42	6.35908	1	42	5.6039	1	38	0	0	0	0.0900248	0.0892033	0.09142	0.0900258	0.0891133	0.09116	0.16201	0.159603	0.16706	0.162012	0.15898	0.163893	1.79961	1.79962	6.02365	
6.46441	1	39	6.40868	1	39	5.65194	1	35	0	0	0	0.0950098	0.0942767	0.09608	0.0950102	0.0940267	0.0964067	0.170997	0.16884	0.173027	0.170998	0.16776	0.173433	1.79979	1.79979	6.03234	
6.54548	1	47	6.48061	1	47	5.72656	1	43	0	0	0	0.100001	0.0992933	0.10096	0.100001	0.09872	0.10145	0.180058	0.177937	0.182947	0.180058	0.17672	0.18333	1.80056	1.80055	6.05914	
6.60706	1	49	6.53365	1	49	5.79241	1	45	0	0	0	0.105056	0.104367	0.105867	0.105056	0.103987	0.106647	0.189182	0.1872	0.191547	0.189182	0.18624	0.192593	1.80077	1.80077	6.07203	
6.70672	1	48	6.62116	1	48	5.87792	1	44	0	0	0	0.110075	0.108663	0.11093	0.110076	0.109253	0.11175	0.198212	0.19493	0.200707	0.198213	0.19617	0.202417	1.80071	1.8007	6.1043	
6.77226	1	51	6.67492	1	51	5.93507	1	47	0	0	0	0.115057	0.113993	0.11592	0.115058	0.113957	0.116773	0.207168	0.20457	0.210507	0.207168	0.204103	0.212373	1.80056	1.80055	6.11	
6.85789	1	51	6.74701	1	51	6.01573	1	47	0	0	0	0.120091	0.11929	0.121323	0.120091	0.119153	0.122063	0.216163	0.21313	0.21876	0.216166	0.213493	0.221263	1.8	1.80003	6.12823	
6.94509	1	49	6.81841	1	49	6.09323	1	46	0	0	0	0.125085	0.12432	0.126297	0.125085	0.12381	0.126907	0.22529	0.223193	0.229163	0.225287	0.222677	0.23032	1.80109	1.80107	6.14871	
7.0532	1	56	6.90606	1	56	6.18897	1	52	0	0	0	0.130036	0.12924	0.131267	0.130037	0.128733	0.131547	0.23412	0.231557	0.23707	0.234124	0.231667	0.23868	1.80043	1.80044	6.17498	
7.14529	1	58	6.97728	1	58	6.25658	1	54	0	0	0	0.135046	0.134093	0.136103	0.135047	0.13397	0.136863	0.243109	0.241307	0.245997	0.243109	0.241153	0.248143	1.80019	1.80018	6.18778	
7.24601	1	56	7.05353	1	56	6.34242	1	52	0	0	0	0.140089	0.13944	0.141097	0.140089	0.138693	0.142097	0.252135	0.24934	0.25455	0.252134	0.250057	0.257657	1.79982	1.79981	6.20785	
7.39298	1	55	7.17	1	53	6.45947	1	50	0	0	0	0.145101	0.143857	0.14625	0.145101	0.143973	0.14687	0.261322	0.259377	0.263003	0.261323	0.259287	0.266137	1.80097	1.80097	6.24108	
7.50106	1	64	7.24504	1	58	6.54696	1	54	0	0	0	0.150073	0.148857	0.15121	0.150073	0.14875	0.15162	0.270177	0.26602	0.273463	0.270176	0.26766	0.274967	1.80031	1.80029	6.25974	
7.64504	1	66	7.35062	1	62	6.65937	1	62	0	0	0	0.155095	0.153963	0.155983	0.155096	0.153557	0.156493	0.279321	0.275037	0.28224	0.279327	0.276477	0.28424	1.80096	1.80099	6.2791	
7.77894	1	70	7.44309	1	67	6.75183	1	63	0	0	0	0.160132	0.159087	0.161083	0.16013	0.158513	0.161477	0.288289	0.285193	0.291183	0.288288	0.28542	0.292897	1.80032	1.80033	6.30433	
7.96205	1	64	7.57407	1	64	6.8881	1	60	0	0	0	0.165183	0.164203	0.166453	0.165183	0.163543	0.166557	0.297368	0.293813	0.300543	0.297369	0.294463	0.301823	1.80023	1.80024	6.34424	
8.13832	1	63	7.68862	1	63	7.02079	1	59	0	0	0	0.170181	0.169017	0.171337	0.170181	0.168737	0.17179	0.306336	0.302677	0.31067	0.306337	0.30321	0.311043	1.80006	1.80007	6.36261	
8.32032	1	74	7.80709	1	68	7.13502	1	64	0	0	0	0.175217	0.174117	0.176273	0.175217	0.173847	0.17675	0.315385	0.312637	0.31849	0.315388	0.312307	0.319443	1.79997	1.79998	6.39424	
8.52207	1	88	7.9309	1	68	7.26596	1	68	0	0	0	0.18028	0.178787	0.181217	0.18028	0.1791	0.181567	0.324327	0.32116	0.326523	0.324325	0.320703	0.328397	1.79901	1.79901	6.42738	
8.72797	1	91	8.05759	1	68	7.405	1	67	0	0	0	0.18528	0.18345	0.18669	0.18528	0.18392	0.187003	0.333208	0.331463	0.33741	0.333207	0.32872	0.337003	1.7984	1.7984	6.45423	
9.00082	1	106	8.20405	1	71	7.5487	1	67	0	0	0	0.190258	0.18945	0.191683	0.190257	0.188937	0.191603	0.34208	0.339013	0.34423	0.342077	0.337777	0.346057	1.79798	1.79798	6.48639	
9.29291	1	111	8.35051	1	74	7.71162	1	70	0	0	0	0.195212	0.19321	0.1966	0.195211	0.193903	0.19685	0.350996	0.34645	0.353823	0.350998	0.346893	0.354703	1.79803	1.79804	6.52236	
9.61968	1	99	8.52504	1	73	7.89002	1	73	0	0	0	0.200214	0.19899	0.201843	0.200212	0.198623	0.201773	0.360125	0.35611	0.364773	0.360121	0.354983	0.363763	1.7987	1.79869	6.56139	
9.9966	1	133	8.68133	1	84	8.04936	1	80	0	0	0	0.205178	0.203447	0.206533	0.205178	0.20334	0.2066	0.369072	0.365927	0.371617	0.369075	0.36399	0.372753	1.79879	1.79881	6.59242	
10.4606	1	138	8.89113	1	82	8.27433	1	82	0	0	0	0.210146	0.209193	0.210833	0.210145	0.208207	0.21147	0.377912	0.37409	0.37995	0.377906	0.372417	0.381193	1.79833	1.79832	6.6424	
10.904	1	133	9.06688	1	87	8.44636	1	83	0	0	0	0.215113	0.214033	0.21652	0.215111	0.213487	0.21649	0.386873	0.383873	0.390327	0.386865	0.38156	0.389877	1.79846	1.79844	6.6726	
11.5679	1	161	9.30503	1	99	8.7031	1	99	0	0	0	0.220135	0.218983	0.22155	0.220129	0.218297	0.221553	0.395772	0.393563	0.397797	0.39576	0.390117	0.398773	1.79786	1.79786	6.72212	
12.3108	1	163	9.5357	1	115	8.94284	1	111	0	0	0	0.225164	0.224647	0.225963	0.225168	0.223333	0.226653	0.404797	0.402063	0.407097	0.404806	0.399813	0.407763	1.79779	1.79779	6.76989	
13.3821	1	263	9.76793	1	99	9.17688	1	99	0	0	0	0.230132	0.228587	0.232	0.230126	0.228147	0.231783	0.413767	0.408927	0.41791	0.413759	0.408687	0.41689	1.79796	1.79797	6.81021	
14.8371	1	266	10.0636	1	117	9.49101	1	117	0	0	0	0.23507	0.23383	0.23663	0.235077	0.23327	0.236853	0.422628	0.418507	0.42607	0.422639	0.41791	0.42555	1.79788	1.79787	6.87286	
16.5835	1	254	10.3407	1	104	9.7703	1	103	0	0	0	0.24003	0.238893	0.242187	0.240026	0.238247	0.241723	0.43155	0.427747	0.436627	0.431541	0.427013	0.434497	1.7979	1.79789	6.92203	
20.0893	1	388	10.6535	1	105	10.0952	1	101	0	0	0	0.24505	0.244253	0.246043	0.245058	0.243477	0.246747	0.440688	0.436627	0.444483	0.440699	0.435913	0.443347	1.79836	1.79834	6.98198	
26.2481	1	610	11.0245	1	112	10.4703	1	112	0	0	0	0.249869	0.24872	0.25139	0.249875	0.248257	0.251792	0.449284	0.44511	0.45246	0.449291	0.445798	0.452902	1.79808	1.79807	7.05298	
51.2331	1	1347	11.3903	1	136	10.8527	1	132	0	0	0	0.25486	0.253981	0.255719	0.254867	0.253594	0.255719	0.458241	0.456441	0.460941	0.458252	0.455516	0.460701	1.79801	1.79801	7.1128	
2930.43	1	36439	11.7319	1	142	11.1723	1	152	0	0	0	0.259878	0.258987	0.26098	0.258947	0.257774	0.25996	0.46732	0.465181	0.469511	0.465627	0.462799	0.46832	1.79823	1.79815	7.17195	
