3.81055	1	16	3.81055	1	16	3.032	1	12	0	0	0	0.00503313	0.00481	0.00530333	0.00503292	0.00485333	0.00523333	0.00901479	0.00842333	0.00938667	0.00901458	0.00845333	0.00953333	1.79109	1.79113	4.01594	
3.81247	1	16	3.81247	1	16	3.00893	1	12	0	0	0	0.0100071	0.00965667	0.0101967	0.0100069	0.00964667	0.01039	0.0181071	0.0176567	0.0190767	0.0181071	0.01748	0.01876	1.80943	1.80946	3.99588	
3.81332	1	16	3.81329	1	16	3.02687	1	14	0	0	0	0.0149985	0.0147133	0.0155233	0.0149981	0.0148167	0.01522	0.0269394	0.0256067	0.0280867	0.026939	0.02633	0.0278433	1.79613	1.79616	4.00714	
3.81585	1	16	3.81576	1	16	3.02545	1	12	0	0	0	0.019986	0.01961	0.02052	0.0199858	0.01966	0.0203033	0.0358335	0.03493	0.03684	0.0358333	0.0350033	0.03669	1.79293	1.79294	4.01016	
3.81892	1	19	3.8189	1	19	3.02847	1	15	0	0	0	0.0249837	0.0244333	0.0254267	0.024984	0.0247	0.0254733	0.0448033	0.0432067	0.0459867	0.0448044	0.0433767	0.04618	1.7933	1.79333	4.00902	
3.8197	1	17	3.81957	1	17	3.01683	1	16	0	0	0	0.0300242	0.0295467	0.03048	0.030024	0.0292733	0.0305967	0.0540175	0.05332	0.0554333	0.0540173	0.05254	0.0554367	1.79913	1.79914	3.99973	
3.83531	1	18	3.83525	1	18	3.03095	1	16	0	0	0	0.0350258	0.03456	0.0356267	0.0350256	0.0344667	0.0356367	0.0631567	0.0616533	0.06481	0.0631565	0.06177	0.0643333	1.80315	1.80315	4.0086	
3.83895	1	19	3.83892	1	19	3.04173	1	16	0	0	0	0.0400277	0.03946	0.04073	0.0400277	0.03949	0.0405033	0.0721635	0.0709767	0.07374	0.0721642	0.07009	0.0736167	1.80284	1.80286	4.00702	
3.84185	1	20	3.84176	1	20	3.04321	1	16	0	0	0	0.0450169	0.0439567	0.0456967	0.0450173	0.0445133	0.0458567	0.0811485	0.0793167	0.08211	0.0811494	0.0791133	0.0825967	1.80262	1.80263	4.00701	
3.85096	1	21	3.85079	1	21	3.05393	1	18	0	0	0	0.0499998	0.0493	0.0506933	0.0499998	0.0491	0.0508833	0.0900577	0.0887133	0.0915567	0.0900581	0.0884933	0.0920333	1.80116	1.80117	4.01419	
3.85396	1	20	3.85377	1	20	3.0543	1	16	0	0	0	0.0550015	0.05412	0.0556867	0.0550015	0.05423	0.05599	0.0989573	0.0961867	0.101667	0.0989569	0.0973667	0.10109	1.79918	1.79917	4.01514	
3.85932	1	20	3.85896	1	20	3.06893	1	16	0	0	0	0.0599671	0.0591933	0.0606667	0.0599673	0.0593167	0.0608333	0.107884	0.10628	0.110047	0.107884	0.10633	0.110247	1.79905	1.79904	4.01619	
3.86245	1	27	3.86212	1	27	3.07535	1	23	0	0	0	0.0650215	0.0644433	0.06613	0.0650215	0.0643067	0.06615	0.116787	0.114973	0.119243	0.116787	0.114763	0.11975	1.79613	1.79613	4.01765	
3.86604	1	19	3.86575	1	19	3.07045	1	18	0	0	0	0.0699785	0.0688767	0.0706767	0.0699788	0.0693367	0.07104	0.125762	0.123223	0.12785	0.125762	0.123577	0.129007	1.79715	1.79715	4.01756	
3.87467	1	23	3.87402	1	23	3.08257	1	19	0	0	0	0.0749754	0.0739667	0.0760933	0.0749752	0.0743267	0.0759933	0.134679	0.132943	0.137253	0.134678	0.132207	0.137433	1.79631	1.7963	4.02229	
3.88307	1	21	3.88256	1	21	3.08971	1	18	0	0	0	0.0799906	0.0789433	0.0806033	0.0799906	0.0791933	0.0808833	0.143754	0.1418	0.145303	0.143754	0.14093	0.14601	1.79713	1.79714	4.02419	
3.88922	1	20	3.88864	1	20	3.09315	1	18	0	0	0	0.0850135	0.0841767	0.08594	0.0850133	0.0843767	0.0859067	0.152908	0.15066	0.154753	0.152906	0.150483	0.154637	1.79864	1.79862	4.02463	
3.89534	1	25	3.89464	1	25	3.10074	1	21	0	0	0	0.0900248	0.0892033	0.09142	0.0900256	0.0891133	0.09116	0.16201	0.159603	0.16706	0.162011	0.15898	0.16389	1.79961	1.79961	4.02399	
3.90242	1	21	3.90148	1	21	3.1106	1	17	0	0	0	0.0950098	0.0942767	0.09608	0.0950106	0.0940267	0.0964067	0.170997	0.16884	0.173027	0.170998	0.16776	0.173433	1.79979	1.79978	4.02846	
3.90687	1	23	3.90577	1	23	3.10616	1	19	0	0	0	0.100001	0.0992933	0.10096	0.100001	0.09872	0.10145	0.180058	0.177937	0.182947	0.180059	0.17672	0.18333	1.80056	1.80057	4.02666	
3.91559	1	24	3.9146	1	24	3.12328	1	20	0	0	0	0.105056	0.104367	0.105867	0.105056	0.103987	0.106647	0.189182	0.1872	0.191547	0.189182	0.186237	0.192593	1.80077	1.80077	4.02964	
3.92324	1	23	3.92193	1	23	3.12873	1	21	0	0	0	0.110075	0.108663	0.11093	0.110076	0.10925	0.11175	0.198212	0.19493	0.200707	0.198213	0.196167	0.202417	1.80071	1.8007	4.03226	
3.93051	1	22	3.92916	1	22	3.13872	1	22	0	0	0	0.115057	0.113993	0.11592	0.115057	0.113957	0.11677	0.207168	0.20457	0.210507	0.207167	0.204103	0.21237	1.80056	1.80056	4.03418	
3.93672	1	21	3.93501	1	21	3.14412	1	20	0	0	0	0.120091	0.11929	0.121323	0.120092	0.119157	0.122063	0.216163	0.21313	0.21876	0.216167	0.213493	0.221263	1.8	1.80002	4.03829	
3.94283	1	24	3.9412	1	24	3.14777	1	20	0	0	0	0.125085	0.12432	0.126297	0.125085	0.123813	0.126907	0.22529	0.223193	0.229163	0.225289	0.222693	0.230323	1.80109	1.80109	4.03631	
3.95053	1	25	3.94866	1	25	3.16044	1	21	0	0	0	0.130036	0.12924	0.131267	0.130036	0.128733	0.131547	0.23412	0.231557	0.23707	0.234122	0.231667	0.23868	1.80043	1.80044	4.0394	
3.95523	1	28	3.95324	1	28	3.15973	1	24	0	0	0	0.135046	0.134093	0.136103	0.135047	0.13397	0.136863	0.243109	0.241307	0.245997	0.243107	0.241153	0.248143	1.80019	1.80017	4.03907	
3.95954	1	29	3.95723	1	29	3.1673	1	25	0	0	0	0.140089	0.13944	0.141097	0.140088	0.13869	0.142097	0.252135	0.24934	0.25455	0.252133	0.25004	0.257657	1.79982	1.79982	4.03856	
3.97676	1	32	3.97419	1	32	3.18232	1	28	0	0	0	0.145101	0.143857	0.14625	0.145101	0.143967	0.14687	0.261322	0.259377	0.263003	0.261323	0.259287	0.266137	1.80097	1.80098	4.047	
3.97626	1	24	3.97343	1	24	3.1807	1	20	0	0	0	0.150073	0.148857	0.15121	0.150073	0.14875	0.15162	0.270177	0.26602	0.273463	0.270176	0.267667	0.274967	1.80031	1.8003	4.04272	
3.98523	1	27	3.98203	1	27	3.19576	1	23	0	0	0	0.155095	0.153963	0.155983	0.155095	0.153553	0.156497	0.279321	0.275037	0.28224	0.279321	0.276473	0.284243	1.80096	1.80097	4.04522	
3.99053	1	24	3.98702	1	24	3.19638	1	21	0	0	0	0.160132	0.159087	0.161083	0.160131	0.158517	0.161477	0.288289	0.285193	0.291183	0.288288	0.285423	0.29289	1.80032	1.80033	4.04593	
4.00604	1	27	4.00254	1	27	3.21135	1	23	0	0	0	0.165183	0.164203	0.166453	0.165184	0.163547	0.16656	0.297368	0.293813	0.300543	0.29737	0.294467	0.301827	1.80023	1.80024	4.05334	
4.01281	1	25	4.00877	1	25	3.21766	1	22	0	0	0	0.170181	0.169017	0.171337	0.170179	0.168733	0.171793	0.306336	0.302677	0.31067	0.306335	0.30321	0.311047	1.80006	1.80007	4.05301	
4.01623	1	26	4.01163	1	26	3.22331	1	22	0	0	0	0.175217	0.174117	0.176273	0.175217	0.173847	0.17675	0.315385	0.312637	0.31849	0.315385	0.312303	0.319443	1.79997	1.79997	4.05051	
4.02535	1	28	4.02067	1	28	3.23435	1	24	0	0	0	0.18028	0.178787	0.181217	0.180281	0.179097	0.181567	0.324327	0.32116	0.326523	0.324326	0.320703	0.328403	1.79901	1.799	4.05452	
4.03064	1	25	4.02559	1	25	3.24488	1	22	0	0	0	0.18528	0.18345	0.18669	0.185281	0.183917	0.187003	0.333208	0.331463	0.33741	0.333211	0.328717	0.337003	1.7984	1.7984	4.05535	
4.04113	1	26	4.03548	1	26	3.25209	1	22	0	0	0	0.190258	0.18945	0.191683	0.190258	0.188933	0.191603	0.34208	0.339013	0.34423	0.342078	0.337773	0.346067	1.79798	1.79797	4.05801	
4.05244	1	31	4.0466	1	31	3.26421	1	27	0	0	0	0.195212	0.19321	0.1966	0.195212	0.193913	0.19685	0.350996	0.34645	0.353823	0.350996	0.346883	0.354703	1.79803	1.79802	4.06317	
4.06004	1	28	4.05297	1	28	3.27301	1	24	0	0	0	0.200214	0.19899	0.201843	0.200212	0.198623	0.20177	0.360125	0.35611	0.364773	0.360123	0.354987	0.363777	1.7987	1.79871	4.06285	
4.07262	1	29	4.06513	1	29	3.28283	1	25	0	0	0	0.205178	0.203447	0.206533	0.205177	0.20334	0.206597	0.369072	0.365927	0.371617	0.369073	0.363997	0.372773	1.79879	1.7988	4.06666	
4.07898	1	28	4.07109	1	28	3.2908	1	24	0	0	0	0.210146	0.209193	0.210833	0.210145	0.20821	0.211467	0.377912	0.37409	0.37995	0.377909	0.372417	0.381203	1.79833	1.79833	4.06589	
4.0862	1	30	4.07741	1	30	3.29327	1	26	0	0	0	0.215113	0.214033	0.21652	0.215113	0.21349	0.21649	0.386873	0.383873	0.390327	0.38687	0.381597	0.38988	1.79846	1.79845	4.06646	
4.09768	1	28	4.08808	1	28	3.305	1	27	0	0	0	0.220135	0.218983	0.22155	0.220136	0.218303	0.221567	0.395772	0.393563	0.397797	0.395773	0.390117	0.398797	1.79786	1.79785	4.06999	
4.10618	1	28	4.09647	1	28	3.31692	1	24	0	0	0	0.225164	0.224647	0.225963	0.225164	0.22333	0.22665	0.404797	0.402063	0.407097	0.404799	0.399803	0.407763	1.79779	1.7978	4.07109	
4.11693	1	31	4.10564	1	31	3.32475	1	27	0	0	0	0.230132	0.228587	0.232	0.230132	0.228147	0.231783	0.413767	0.408927	0.41791	0.413769	0.408693	0.416877	1.79796	1.79796	4.07326	
4.12811	1	32	4.11612	1	32	3.33787	1	28	0	0	0	0.23507	0.23383	0.23663	0.235071	0.233253	0.236853	0.422628	0.418507	0.42607	0.422629	0.41788	0.42556	1.79788	1.79788	4.07644	
4.13924	1	29	4.12605	1	29	3.34865	1	27	0	0	0	0.24003	0.238893	0.242187	0.24003	0.238267	0.241723	0.43155	0.427747	0.436627	0.431551	0.42708	0.434527	1.7979	1.7979	4.07791	
4.1516	1	31	4.13769	1	31	3.36041	1	27	0	0	0	0.24505	0.244253	0.246043	0.24505	0.24346	0.246743	0.440688	0.436627	0.444483	0.440689	0.435887	0.443357	1.79836	1.79836	4.08262	
4.16311	1	30	4.14844	1	28	3.37005	1	24	0	0	0	0.249961	0.248477	0.25131	0.249961	0.24841	0.251763	0.449549	0.445797	0.452603	0.449547	0.44541	0.452243	1.79847	1.79847	4.08224	
4.17253	1	31	4.15617	1	31	3.37915	1	27	0	0	0	0.254964	0.25383	0.256647	0.254964	0.25351	0.256927	0.458597	0.45551	0.46243	0.458596	0.454403	0.461633	1.79868	1.79867	4.08352	
4.18431	1	32	4.16735	1	32	3.39318	1	28	0	0	0	0.259973	0.2587	0.261123	0.259975	0.25846	0.261463	0.467604	0.46453	0.470857	0.467607	0.46303	0.470617	1.79867	1.79866	4.08557	
4.19686	1	30	4.17754	1	30	3.40359	1	26	0	0	0	0.265002	0.26314	0.266663	0.265002	0.263273	0.26632	0.476581	0.4737	0.478723	0.476583	0.472487	0.48008	1.79841	1.79841	4.08822	
4.20819	1	29	4.18806	1	29	3.4161	1	27	0	0	0	0.270024	0.26872	0.271523	0.270021	0.268423	0.271377	0.485605	0.481313	0.491187	0.4856	0.48163	0.48851	1.79838	1.79838	4.08872	
4.22305	1	40	4.20056	1	40	3.42728	1	36	0	0	0	0.275017	0.274063	0.276677	0.275016	0.273437	0.27668	0.494525	0.490707	0.49701	0.494523	0.49064	0.497613	1.79816	1.79816	4.09296	
4.23197	1	28	4.20822	1	28	3.43699	1	26	0	0	0	0.280041	0.278987	0.28115	0.28004	0.27853	0.282007	0.503516	0.49919	0.50723	0.503516	0.50048	0.50725	1.79801	1.79802	4.09388	
4.24649	1	37	4.22139	1	37	3.44958	1	33	0	0	0	0.285015	0.28285	0.286227	0.285015	0.2836	0.286997	0.512439	0.509477	0.517123	0.512441	0.509627	0.51614	1.79794	1.79794	4.09762	
4.25694	1	33	4.22958	1	33	3.4585	1	29	0	0	0	0.290035	0.288213	0.29115	0.290034	0.288327	0.292347	0.521427	0.518177	0.52464	0.521426	0.517843	0.526007	1.79781	1.79781	4.09688	
4.27878	1	32	4.24793	1	32	3.47867	1	29	0	0	0	0.295025	0.293633	0.29691	0.295024	0.293253	0.297367	0.530447	0.52501	0.53639	0.530445	0.527003	0.534877	1.79797	1.79798	4.10251	
4.28875	1	39	4.25674	1	39	3.48918	1	35	0	0	0	0.300039	0.298963	0.301397	0.300037	0.297633	0.302247	0.539366	0.534617	0.545557	0.539363	0.53534	0.54306	1.79766	1.79766	4.10316	
4.30343	1	35	4.26969	1	35	3.50001	1	31	0	0	0	0.305054	0.30396	0.306623	0.305053	0.302197	0.306973	0.548402	0.545333	0.551867	0.548398	0.5434	0.551893	1.79772	1.79772	4.10599	
4.31988	1	34	4.28292	1	34	3.51596	1	30	0	0	0	0.310057	0.30876	0.311037	0.310058	0.30722	0.311843	0.557393	0.555433	0.56053	0.557395	0.552417	0.56141	1.79771	1.79771	4.11039	
4.33564	1	33	4.29534	1	32	3.53018	1	29	0	0	0	0.315018	0.3131	0.315813	0.315019	0.312307	0.316803	0.56651	0.56362	0.569487	0.56651	0.561713	0.570617	1.79834	1.79834	4.11168	
4.35423	1	32	4.31111	1	32	3.55008	1	28	0	0	0	0.319978	0.318667	0.321327	0.319979	0.317407	0.32171	0.575376	0.57096	0.578647	0.575377	0.570833	0.579307	1.79817	1.79817	4.11711	
4.368	1	39	4.32045	1	39	3.55426	1	35	0	0	0	0.324963	0.323333	0.32657	0.324963	0.323073	0.326607	0.584288	0.579693	0.590617	0.584287	0.58	0.588217	1.79801	1.79801	4.11559	
4.38867	1	36	4.33848	1	36	3.57074	1	32	0	0	0	0.329995	0.328477	0.331403	0.329994	0.328283	0.331553	0.593321	0.589803	0.597323	0.59332	0.589667	0.597217	1.79797	1.79797	4.12084	
4.40476	1	40	4.34815	1	40	3.58508	1	36	0	0	0	0.33498	0.33369	0.336843	0.334978	0.332957	0.336507	0.602199	0.596837	0.608647	0.602194	0.598897	0.606723	1.79772	1.79771	4.1218	
4.4227	1	36	4.36218	1	36	3.60227	1	32	0	0	0	0.339972	0.3384	0.341493	0.339974	0.33777	0.341583	0.611186	0.606573	0.61572	0.611187	0.607557	0.616453	1.79775	1.79775	4.12474	
4.44832	1	41	4.38177	1	41	3.62143	1	37	0	0	0	0.344972	0.34323	0.347067	0.344969	0.342767	0.34671	0.620326	0.61706	0.624693	0.620322	0.61694	0.625537	1.79819	1.7982	4.13041	
4.46572	1	38	4.39572	1	38	3.63643	1	34	0	0	0	0.350013	0.348187	0.352047	0.35001	0.347747	0.351607	0.629309	0.624293	0.634783	0.629303	0.625777	0.634897	1.79796	1.79796	4.1323	
4.48871	1	38	4.411	1	38	3.65236	1	34	0	0	0	0.354954	0.353333	0.35686	0.354952	0.352633	0.356593	0.638292	0.63419	0.642183	0.638291	0.63462	0.643973	1.79824	1.79825	4.13533	
4.50988	1	33	4.42515	1	33	3.66897	1	29	0	0	0	0.35996	0.35773	0.361793	0.359963	0.358003	0.361533	0.647306	0.642303	0.65166	0.647311	0.64403	0.652543	1.79827	1.79827	4.13582	
4.53537	1	36	4.43937	1	36	3.68317	1	32	0	0	0	0.364936	0.363277	0.366163	0.364943	0.36292	0.36645	0.656224	0.650983	0.659817	0.656236	0.652747	0.661867	1.79819	1.79819	4.13922	
4.55872	1	39	4.45799	1	39	3.70421	1	35	0	0	0	0.369957	0.368493	0.371237	0.369959	0.36801	0.37141	0.665191	0.659613	0.66898	0.665191	0.661453	0.67068	1.79802	1.79801	4.14622	
4.57556	1	35	4.46744	1	35	3.71246	1	34	0	0	0	0.374921	0.373173	0.376247	0.374922	0.37276	0.37672	0.674083	0.66984	0.677047	0.674081	0.67016	0.679973	1.79793	1.79793	4.145	
4.60627	1	47	4.48608	1	47	3.73288	1	43	0	0	0	0.379932	0.37863	0.381637	0.379937	0.377507	0.381577	0.683162	0.678603	0.68721	0.683176	0.678573	0.688747	1.79812	1.79813	4.14923	
4.64966	1	39	4.51367	1	39	3.76199	1	35	0	0	0	0.384976	0.38337	0.386727	0.384976	0.382377	0.386743	0.692235	0.688357	0.69705	0.692239	0.687483	0.697883	1.79813	1.79813	4.1571	
4.66484	1	46	4.52354	1	46	3.77389	1	42	0	0	0	0.389952	0.38869	0.39126	0.389954	0.387597	0.392157	0.701052	0.69886	0.705543	0.701052	0.69595	0.70698	1.79779	1.79778	4.15556	
4.69295	1	39	4.53646	1	39	3.7892	1	35	0	0	0	0.395009	0.393167	0.397207	0.395008	0.392747	0.39677	0.710141	0.7045	0.715577	0.710137	0.705107	0.716367	1.79778	1.79778	4.15777	
4.73245	1	39	4.55906	1	39	3.81369	1	35	0	0	0	0.400024	0.398363	0.402627	0.400026	0.397747	0.40172	0.719033	0.715263	0.72273	0.719031	0.714007	0.72511	1.79747	1.79746	4.16352	
4.77685	1	42	4.58166	1	42	3.8405	1	38	0	0	0	0.405089	0.40309	0.406393	0.405087	0.402917	0.406697	0.728214	0.72333	0.731237	0.728212	0.723153	0.734257	1.79766	1.79767	4.17015	
4.80238	1	47	4.59323	1	46	3.85151	1	42	0	0	0	0.410108	0.408213	0.411807	0.410106	0.407953	0.411977	0.737305	0.733977	0.74122	0.737309	0.7317	0.742967	1.79783	1.79785	4.17034	
4.85688	1	38	4.61489	1	37	3.87068	1	33	0	0	0	0.415085	0.4142	0.416767	0.415089	0.41298	0.416907	0.746271	0.74253	0.750153	0.746279	0.741873	0.751983	1.79788	1.79788	4.17298	
4.90084	1	52	4.63279	1	52	3.89559	1	48	0	0	0	0.420102	0.418253	0.42133	0.420102	0.417957	0.42188	0.755261	0.750157	0.759943	0.755264	0.750843	0.761057	1.7978	1.79781	4.17674	
4.94382	1	49	4.65731	1	49	3.9201	1	45	0	0	0	0.425086	0.423807	0.426337	0.425086	0.42284	0.42678	0.764183	0.760887	0.768857	0.764181	0.758937	0.770757	1.79771	1.79771	4.18293	
4.99537	1	40	4.67037	1	40	3.93779	1	36	0	0	0	0.4301	0.42872	0.43173	0.430098	0.42776	0.432027	0.773359	0.76845	0.77745	0.773364	0.76824	0.781023	1.79809	1.79811	4.1828	
5.05652	1	48	4.69525	1	41	3.96197	1	37	0	0	0	0.435073	0.4324	0.43784	0.435066	0.432633	0.436843	0.782345	0.777883	0.789433	0.782344	0.776723	0.78957	1.79819	1.79822	4.18734	
5.1262	1	40	4.71927	1	40	3.98718	1	36	0	0	0	0.440063	0.438263	0.441067	0.440062	0.43759	0.44207	0.791433	0.788127	0.79339	0.791429	0.78554	0.79857	1.79845	1.79845	4.19411	
5.19252	1	44	4.7364	1	42	4.00554	1	38	0	0	0	0.445105	0.44385	0.447273	0.445102	0.442923	0.447047	0.800465	0.795767	0.80475	0.800463	0.794167	0.807973	1.79837	1.79838	4.19628	
5.29867	1	47	4.76492	1	47	4.03624	1	44	0	0	0	0.450058	0.44845	0.451563	0.450061	0.448333	0.45221	0.809415	0.804397	0.814523	0.809417	0.803057	0.816633	1.79847	1.79846	4.20352	
5.38567	1	48	4.78708	1	48	4.06341	1	44	0	0	0	0.455178	0.45404	0.456367	0.45518	0.453423	0.457403	0.818735	0.814133	0.82382	0.818735	0.811933	0.825513	1.79871	1.79871	4.20625	
5.49626	1	51	4.80627	1	48	4.08383	1	44	0	0	0	0.460152	0.458843	0.462797	0.460153	0.458233	0.4622	0.827663	0.823687	0.83235	0.827659	0.820693	0.835403	1.79867	1.79866	4.21029	
5.59281	1	46	4.83056	1	46	4.11108	1	42	0	0	0	0.465125	0.46325	0.467117	0.46513	0.462953	0.467107	0.836574	0.8275	0.843463	0.836581	0.830417	0.843813	1.7986	1.7986	4.21474	
5.79857	1	63	4.85575	1	51	4.13454	1	47	0	0	0	0.470138	0.468543	0.471377	0.470134	0.46786	0.472263	0.845524	0.83959	0.849097	0.845514	0.839917	0.85221	1.79846	1.79845	4.22065	
6.01926	1	74	4.88178	1	42	4.16611	1	42	0	0	0	0.475104	0.473507	0.476767	0.475107	0.47271	0.476987	0.854463	0.851957	0.8578	0.854469	0.8489	0.862093	1.79848	1.79848	4.22639	
6.19044	1	55	4.90766	1	49	4.19489	1	45	0	0	0	0.480159	0.47844	0.481763	0.48016	0.477753	0.48214	0.863581	0.85808	0.868407	0.863583	0.85716	0.871303	1.79853	1.79853	4.23095	
6.45617	1	72	4.93097	1	54	4.2198	1	50	0	0	0	0.485168	0.483233	0.48779	0.485164	0.482467	0.48717	0.872531	0.86797	0.876697	0.872527	0.866587	0.880027	1.79841	1.79842	4.23433	
6.79461	1	82	4.96096	1	49	4.25488	1	45	0	0	0	0.490154	0.488937	0.49187	0.49016	0.487353	0.492127	0.881521	0.876403	0.887317	0.881535	0.875317	0.888383	1.79846	1.79846	4.24069	
7.26624	1	73	4.9881	1	44	4.28341	1	40	0	0	0	0.495149	0.493917	0.49729	0.495154	0.49258	0.496803	0.890599	0.883397	0.895597	0.890611	0.88554	0.897007	1.79865	1.79866	4.24637	
7.94099	1	83	5.0173	1	49	4.31475	1	48	0	0	0	0.50018	0.49779	0.501573	0.500179	0.497267	0.501543	0.899638	0.89503	0.906167	0.899636	0.893853	0.90597	1.79863	1.79863	4.25303	
8.75601	1	118	5.05374	1	48	4.35586	1	44	0	0	0	0.505154	0.503927	0.506447	0.505129	0.502383	0.506607	0.908572	0.902927	0.914627	0.908535	0.902747	0.914307	1.79861	1.79862	4.26134	
10.0776	1	133	5.08589	1	48	4.39139	1	44	0	0	0	0.509981	0.508718	0.51094	0.509977	0.508565	0.511127	0.917914	0.91399	0.92177	0.917905	0.912127	0.920658	1.7999	1.79989	4.26909	
12.0106	1	171	5.11208	1	63	4.42107	1	59	0	0	0	0.515203	0.513297	0.51664	0.515227	0.512223	0.516653	0.926658	0.921487	0.933543	0.926694	0.920533	0.932007	1.79863	1.79861	4.27315	
15.3323	1	221	5.1508	1	54	4.4637	1	50	0	0	0	0.519958	0.518742	0.521295	0.519954	0.51823	0.521188	0.936091	0.93173	0.940078	0.936087	0.92959	0.938647	1.80032	1.80033	4.28303	
22.4141	1	322	5.19935	1	59	4.51971	1	55	0	0	0	0.524962	0.523684	0.52671	0.524966	0.52299	0.526546	0.945098	0.942836	0.947214	0.94511	0.938826	0.94913	1.80032	1.80033	4.2963	
39.0303	1	502	5.2373	1	61	4.56089	1	57	0	0	0	0.529941	0.528822	0.53129	0.529924	0.52783	0.5315	0.954135	0.950333	0.957363	0.954104	0.94728	0.956475	1.80046	1.80045	4.30701	
118.446	1	1345	5.27352	1	81	4.60275	1	77	0	0	0	0.534857	0.533794	0.536273	0.534859	0.533169	0.535784	0.962541	0.959976	0.966283	0.962553	0.957614	0.965469	1.79962	1.79964	4.31555	
1683.05	1	9104	5.30823	1	89	4.63736	1	85	0	0	0	0.539867	0.538919	0.541097	0.538417	0.536764	0.539327	0.971516	0.969223	0.974356	0.96895	0.964153	0.972086	1.79955	1.79963	4.32464	
