3.79432	1	16	3.79432	1	16	3.01689	1	12	0	0	0	0.00503313	0.00481	0.00530333	0.00503292	0	0.02034	0.00901479	0.00842333	0.00938667	0.00901458	0	0.03638	1.79109	1.79113	3.99921	
3.81276	1	19	3.81276	1	19	3.00412	1	15	0	0	0	0.0100071	0.00965667	0.0101967	0.0100071	0	0.0406567	0.0181071	0.0176567	0.0190767	0.0181073	0	0.0732967	1.80943	1.80945	3.99452	
3.81876	1	16	3.81876	1	16	3.03032	1	12	0	0	0	0.0149985	0.0147133	0.0155233	0.0149983	0	0.0602167	0.0269394	0.0256067	0.0280867	0.0269392	0	0.10803	1.79613	1.79614	4.00936	
3.82017	1	16	3.82008	1	16	3.03165	1	12	0	0	0	0.019986	0.01961	0.02052	0.0199858	0	0.0805067	0.0358335	0.03493	0.03684	0.0358333	0	0.144973	1.79293	1.79294	4.0082	
3.82715	1	20	3.82706	1	20	3.04157	1	16	0	0	0	0.0249837	0.0244333	0.0254267	0.024984	0	0.1007	0.0448033	0.0432067	0.0459867	0.0448042	0	0.18158	1.7933	1.79332	4.00717	
3.84233	1	22	3.8422	1	22	3.03788	1	18	0	0	0	0.0300242	0.0295467	0.03048	0.0300242	0	0.12085	0.0540175	0.05332	0.0554333	0.0540175	0	0.21757	1.79913	1.79913	4.00971	
3.85171	1	23	3.85162	1	23	3.04983	1	19	0	0	0	0.0350258	0.03456	0.0356267	0.0350256	0	0.14059	0.0631567	0.0616533	0.06481	0.0631565	0	0.253737	1.80315	1.80315	4.0062	
3.8677	1	22	3.86753	1	22	3.0706	1	18	0	0	0	0.0400277	0.03946	0.04073	0.0400277	0	0.160507	0.0721635	0.0709767	0.07374	0.0721642	0	0.290197	1.80284	1.80286	4.01124	
3.8832	1	24	3.88294	1	24	3.07781	1	20	0	0	0	0.0450169	0.0439567	0.0456967	0.0450169	0	0.18061	0.0811485	0.0793167	0.08211	0.0811488	0	0.325537	1.80262	1.80263	4.0169	
3.89702	1	24	3.89671	1	24	3.09753	1	20	0	0	0	0.0499998	0.0493	0.0506933	0.0499998	0	0.201593	0.0900577	0.0887133	0.0915567	0.0900583	0	0.361353	1.80116	1.80117	4.01933	
3.90718	1	25	3.90686	1	25	3.11048	1	21	0	0	0	0.0550015	0.05412	0.0556867	0.0550017	0	0.221877	0.0989573	0.0961867	0.101667	0.0989569	0	0.397133	1.79918	1.79916	4.01908	
3.92129	1	27	3.92088	1	27	3.12573	1	23	0	0	0	0.0599671	0.0591933	0.0606667	0.0599671	0	0.241723	0.107884	0.10628	0.110047	0.107884	0	0.433653	1.79905	1.79905	4.02022	
3.93205	1	24	3.93152	1	24	3.14102	1	20	0	0	0	0.0650215	0.0644433	0.06613	0.0650213	0	0.262283	0.116787	0.114973	0.119243	0.116787	0	0.47075	1.79613	1.79614	4.01816	
3.95153	1	26	3.951	1	26	3.1618	1	22	0	0	0	0.0699785	0.0688767	0.0706767	0.0699779	0	0.281813	0.125762	0.123223	0.12785	0.125761	0	0.506803	1.79715	1.79715	4.02113	
3.97367	1	27	3.97296	1	27	3.18181	1	23	0	0	0	0.0749754	0.0739667	0.0760933	0.0749744	0	0.30211	0.134679	0.132943	0.137253	0.134676	0	0.543023	1.79631	1.7963	4.02592	
3.99178	1	26	3.99107	1	26	3.20513	1	22	0	0	0	0.0799906	0.0789433	0.0806033	0.079991	0	0.321803	0.143754	0.1418	0.145303	0.143755	0	0.57863	1.79713	1.79714	4.024	
4.0154	1	27	4.01408	1	27	3.22301	1	23	0	0	0	0.0850135	0.0841767	0.08594	0.0850117	0	0.34175	0.152908	0.15066	0.154753	0.152903	0	0.614843	1.79864	1.79862	4.02692	
4.04168	1	27	4.04054	1	27	3.24943	1	23	0	0	0	0.0900248	0.0892033	0.09142	0.0900248	0	0.361837	0.16201	0.159603	0.16706	0.16201	0	0.650823	1.79961	1.79962	4.02732	
4.06681	1	28	4.06531	1	28	3.27522	1	25	0	0	0	0.0950098	0.0942767	0.09608	0.0950104	0	0.381353	0.170997	0.16884	0.173027	0.170998	0	0.688113	1.79979	1.79979	4.03202	
4.09482	1	25	4.09308	1	25	3.30742	1	21	0	0	0	0.100001	0.0992933	0.10096	0.100001	0	0.40158	0.180058	0.177937	0.182947	0.180054	0	0.725737	1.80056	1.80052	4.03301	
4.12734	1	33	4.1252	1	33	3.3438	1	29	0	0	0	0.105056	0.104367	0.105867	0.105056	0	0.42172	0.189182	0.1872	0.191547	0.189181	0	0.760597	1.80077	1.80076	4.03727	
4.16236	1	30	4.16006	1	30	3.38305	1	26	0	0	0	0.110075	0.108663	0.11093	0.110075	0	0.441893	0.198212	0.19493	0.200707	0.198212	0	0.795747	1.80071	1.80069	4.03902	
4.20456	1	32	4.20183	1	32	3.42993	1	30	0	0	0	0.115057	0.113993	0.11592	0.115056	0	0.46214	0.207168	0.20457	0.210507	0.207162	0	0.833183	1.80056	1.80054	4.04909	
4.24259	1	35	4.23934	1	35	3.46736	1	31	0	0	0	0.120091	0.11929	0.121323	0.120089	0	0.482547	0.216163	0.21313	0.21876	0.216161	0	0.869437	1.8	1.80001	4.05574	
4.28491	1	34	4.2811	1	32	3.51305	1	28	0	0	0	0.125085	0.12432	0.126297	0.125082	0	0.50204	0.22529	0.223193	0.229163	0.225279	0	0.905207	1.80109	1.80106	4.05843	
4.32191	1	38	4.31761	1	38	3.55354	1	34	0	0	0	0.130036	0.12924	0.131267	0.130034	0	0.521217	0.23412	0.231557	0.23707	0.234116	0	0.94007	1.80043	1.80042	4.05865	
4.37178	1	42	4.36715	1	42	3.60838	1	38	0	0	0	0.135046	0.134093	0.136103	0.135045	0	0.541707	0.243109	0.241307	0.245997	0.243109	0	0.976313	1.80019	1.8002	4.06576	
4.426	1	36	4.42075	1	36	3.67078	1	32	0	0	0	0.140089	0.13944	0.141097	0.138882	0	0.55811	0.252135	0.24934	0.25455	0.25	0	1	1.79982	1.80008	4.07129	
4.48744	1	37	4.481	1	37	3.73341	1	35	0	0	0	0.145101	0.143857	0.14625	0.13889	0	0.558153	0.261322	0.259377	0.263003	0.25	0	1	1.80097	1.79998	4.08144	
4.54356	1	42	4.53585	1	42	3.79903	1	38	0	0	0	0.150073	0.148857	0.15121	0.138892	0	0.558157	0.270177	0.26602	0.273463	0.25	0	1	1.80031	1.79996	4.08779	
4.62155	1	44	4.61366	1	44	3.88029	1	41	0	0	0	0.155095	0.153963	0.155983	0.13889	0	0.558153	0.279321	0.275037	0.28224	0.25	0	1	1.80096	1.79998	4.09894	
4.69019	1	50	4.68047	1	50	3.95469	1	46	0	0	0	0.160132	0.159087	0.161083	0.138891	0	0.55817	0.288289	0.285193	0.291183	0.25	0	1	1.80032	1.79997	4.10775	
4.77584	1	44	4.76447	1	44	4.05135	1	40	0	0	0	0.165183	0.164203	0.166453	0.13889	0	0.558153	0.297368	0.293813	0.300543	0.25	0	1	1.80023	1.79999	4.12399	
4.86749	1	49	4.85441	1	49	4.15938	1	45	0	0	0	0.170181	0.169017	0.171337	0.138892	0	0.558157	0.306336	0.302677	0.31067	0.25	0	1	1.80006	1.79996	4.139	
4.95445	1	60	4.93977	1	60	4.25411	1	56	0	0	0	0.175217	0.174117	0.176273	0.138892	0	0.558167	0.315385	0.312637	0.31849	0.25	0	1	1.79997	1.79996	4.14716	
5.06644	1	47	5.04804	1	47	4.37129	1	54	0	0	0	0.18028	0.178787	0.181217	0.138893	0	0.558163	0.324327	0.32116	0.326523	0.25	0	1	1.79901	1.79995	4.17124	
5.16972	1	51	5.14847	1	51	4.49915	1	54	0	0	0	0.18528	0.18345	0.18669	0.138893	0	0.558163	0.333208	0.331463	0.33741	0.25	0	1	1.7984	1.79995	4.18805	
5.30335	1	60	5.27628	1	60	4.6471	1	56	0	0	0	0.190258	0.18945	0.191683	0.138892	0	0.558153	0.34208	0.339013	0.34423	0.25	0	1	1.79798	1.79996	4.21464	
5.4582	1	57	5.42666	1	57	4.81523	1	53	0	0	0	0.195212	0.19321	0.1966	0.138893	0	0.558157	0.350996	0.34645	0.353823	0.25	0	1	1.79803	1.79995	4.245	
5.63168	1	75	5.59342	1	59	5.01226	1	65	0	0	0	0.200214	0.19899	0.201843	0.138893	0	0.558163	0.360125	0.35611	0.364773	0.25	0	1	1.7987	1.79995	4.28184	
5.82418	1	62	5.77611	1	62	5.21693	1	58	0	0	0	0.205178	0.203447	0.206533	0.138893	0	0.558157	0.369072	0.365927	0.371617	0.25	0	1	1.79879	1.79995	4.32673	
6.04939	1	104	5.98782	1	91	5.47898	1	87	0	0	0	0.210146	0.209193	0.210833	0.138892	0	0.55816	0.377912	0.37409	0.37995	0.25	0	1	1.79833	1.79996	4.37765	
6.29735	1	93	6.21853	1	87	5.74693	1	83	0	0	0	0.215113	0.214033	0.21652	0.138893	0	0.55816	0.386873	0.383873	0.390327	0.25	0	1	1.79846	1.79995	4.43517	
6.64249	1	116	6.53354	1	75	6.10257	1	79	0	0	0	0.220135	0.218983	0.22155	0.138892	0	0.558167	0.395772	0.393563	0.397797	0.25	0	1	1.79786	1.79996	4.526	
7.02275	1	118	6.86615	1	88	6.50487	1	88	0	0	0	0.225164	0.224647	0.225963	0.138893	0	0.558157	0.404797	0.402063	0.407097	0.25	0	1	1.79779	1.79995	4.62182	
7.49784	1	153	7.2849	1	109	7.00635	1	105	0	0	0	0.22999	0.228955	0.23125	0.138925	0	0.557147	0.41363	0.410888	0.416198	0.25	0	1	1.79847	1.79953	4.75708	
8.08763	1	180	7.78871	1	84	7.57325	1	107	0	0	0	0.23507	0.23383	0.23663	0.138894	0	0.55817	0.422628	0.418507	0.42607	0.25	0	1	1.79788	1.79994	4.91975	
9.10989	1	403	8.46304	1	104	8.31314	1	104	0	0	0	0.24003	0.238893	0.242187	0.138892	0	0.558147	0.43155	0.427747	0.436627	0.25	0	1	1.7979	1.79996	5.1599	
10.2988	1	458	9.3376	1	101	9.25873	1	114	0	0	0	0.24505	0.244253	0.246043	0.138894	0	0.558167	0.440688	0.436627	0.444483	0.25	0	1	1.79836	1.79994	5.48693	
12.4757	1	670	10.4674	1	115	10.5026	1	126	0	0	0	0.249961	0.248477	0.25131	0.138895	0	0.558173	0.449549	0.445797	0.452603	0.25	0	1	1.79847	1.79992	5.93431	
16.3528	1	812	12.0747	1	133	12.25	1	149	0	0	0	0.254964	0.25383	0.256647	0.138891	0	0.558147	0.458597	0.45551	0.46243	0.25	0	1	1.79868	1.79998	6.58911	
29.7153	1	1125	14.6062	1	167	14.8933	1	163	0	0	0	0.259973	0.2587	0.261123	0.138896	0	0.558193	0.467604	0.46453	0.470857	0.25	0	1	1.79867	1.79991	7.70844	
155.306	1	4641	18.7987	1	192	19.2759	1	192	0	0	0	0.265002	0.26314	0.266663	0.138891	0	0.558183	0.476581	0.4737	0.478723	0.25	0	1	1.79841	1.79997	9.66198	
6408.73	1	68900	20.7973	1	217	20.8989	1	237	0	0	0	0.270024	0.26872	0.271523	0.138925	0	0.55847	0.485605	0.481313	0.491187	0.25	0	1	1.79838	1.79953	10.6078	
