5.30055	2	16	5.30055	2	16	4.53576	2	12	0	0	0	0.00503313	0.00481	0.00530333	0.00503292	0.00481	0.0053	0.00901479	0.00842333	0.00938667	0.00901458	0.00842333	0.00938667	1.79109	1.79113	5.50242	
5.33158	2	16	5.33158	2	16	4.52031	2	12	0	0	0	0.0100071	0.00965667	0.0101967	0.0100069	0.00965667	0.0101967	0.0181071	0.0176567	0.0190767	0.0181075	0.0176567	0.0190767	1.80943	1.80951	5.50897	
5.33198	2	16	5.33198	2	16	4.5471	2	13	0	0	0	0.0149985	0.0147133	0.0155233	0.0149981	0.0147133	0.01552	0.0269394	0.0256067	0.0280867	0.026939	0.0256067	0.0280867	1.79613	1.79616	5.51427	
5.31949	2	16	5.31949	2	16	4.54331	2	15	0	0	0	0.019986	0.01961	0.02052	0.0199858	0.01961	0.0205167	0.0358335	0.03493	0.03684	0.0358333	0.03493	0.0368367	1.79293	1.79294	5.50133	
5.32892	2	20	5.32892	2	20	4.54325	2	16	0	0	0	0.0249837	0.0244333	0.0254267	0.024984	0.0244333	0.0254233	0.0448033	0.0432067	0.0459867	0.0448046	0.0432067	0.0459833	1.7933	1.79333	5.50176	
5.34746	2	20	5.34746	2	20	4.54062	2	18	0	0	0	0.0300242	0.0295467	0.03048	0.0300242	0.0295433	0.0304767	0.0540175	0.05332	0.0554333	0.0540175	0.0533167	0.0554333	1.79913	1.79913	5.50738	
5.35649	2	20	5.35649	2	20	4.56616	2	16	0	0	0	0.0350258	0.03456	0.0356267	0.0350254	0.03456	0.0356267	0.0631567	0.0616533	0.06481	0.0631562	0.0616533	0.0648067	1.80315	1.80315	5.5034	
5.37285	2	20	5.37285	2	20	4.5749	2	16	0	0	0	0.0400277	0.03946	0.04073	0.0400275	0.03946	0.0407267	0.0721635	0.0709767	0.07374	0.072164	0.07098	0.0737367	1.80284	1.80286	5.51333	
5.37313	2	21	5.37313	2	21	4.57488	2	17	0	0	0	0.0450169	0.0439567	0.0456967	0.0450171	0.0439567	0.0456967	0.0811485	0.0793167	0.08211	0.0811496	0.0793167	0.08211	1.80262	1.80264	5.50895	
5.37989	2	20	5.37989	2	20	4.58746	2	16	0	0	0	0.0499998	0.0493	0.0506933	0.05	0.0493	0.05069	0.0900577	0.0887133	0.0915567	0.090059	0.0887133	0.0915667	1.80116	1.80118	5.50654	
5.38309	2	20	5.38309	2	20	4.59481	2	17	0	0	0	0.0550015	0.05412	0.0556867	0.0550019	0.05412	0.0556867	0.0989573	0.0961867	0.101667	0.0989585	0.0961867	0.101667	1.79918	1.79918	5.50684	
5.39702	2	20	5.39702	2	20	4.60618	2	16	0	0	0	0.0599671	0.0591933	0.0606667	0.0599677	0.0591933	0.0606667	0.107884	0.10628	0.110047	0.107884	0.106283	0.110047	1.79905	1.79903	5.51632	
5.40024	2	21	5.40024	2	21	4.62251	2	18	0	0	0	0.0650215	0.0644433	0.06613	0.0650215	0.06444	0.0661367	0.116787	0.114973	0.119243	0.116787	0.114973	0.119243	1.79613	1.79613	5.51077	
5.40567	2	21	5.40567	2	21	4.61952	2	18	0	0	0	0.0699785	0.0688767	0.0706767	0.0699785	0.0688767	0.0706767	0.125762	0.123223	0.12785	0.125761	0.123223	0.127847	1.79715	1.79714	5.50909	
5.42514	2	24	5.42514	2	24	4.63601	2	20	0	0	0	0.0749754	0.0739667	0.0760933	0.074976	0.0739633	0.0760933	0.134679	0.132943	0.137253	0.134679	0.132947	0.137253	1.79631	1.79629	5.5219	
5.42009	2	21	5.42009	2	21	4.64129	2	19	0	0	0	0.0799906	0.0789433	0.0806033	0.0799915	0.07894	0.08061	0.143754	0.1418	0.145303	0.143755	0.141793	0.145307	1.79713	1.79713	5.50969	
5.43729	2	22	5.43729	2	22	4.65964	2	18	0	0	0	0.0850135	0.0841767	0.08594	0.0850135	0.0841767	0.0859433	0.152908	0.15066	0.154753	0.152906	0.150663	0.154753	1.79864	1.79861	5.51893	
5.44423	2	22	5.44423	2	22	4.6637	2	19	0	0	0	0.0900248	0.0892033	0.09142	0.0900258	0.0892067	0.09142	0.16201	0.159603	0.16706	0.162011	0.15961	0.16706	1.79961	1.7996	5.51633	
5.4587	2	22	5.45869	2	22	4.67974	2	19	0	0	0	0.0950098	0.0942767	0.09608	0.0950106	0.0942767	0.0960767	0.170997	0.16884	0.173027	0.170999	0.16884	0.17303	1.79979	1.79978	5.52195	
5.46533	2	22	5.46528	2	22	4.68916	2	19	0	0	0	0.100001	0.0992933	0.10096	0.100001	0.09929	0.10096	0.180058	0.177937	0.182947	0.18006	0.177937	0.182947	1.80056	1.80058	5.52137	
5.47128	2	22	5.47127	2	22	4.69033	2	20	0	0	0	0.105056	0.104367	0.105867	0.105057	0.10436	0.10587	0.189182	0.1872	0.191547	0.189182	0.187197	0.19155	1.80077	1.80076	5.51879	
5.48755	2	24	5.48751	2	24	4.71512	2	20	0	0	0	0.110075	0.108663	0.11093	0.110075	0.108663	0.11093	0.198212	0.19493	0.200707	0.198213	0.19493	0.20071	1.80071	1.80071	5.52681	
5.4976	2	24	5.49755	2	24	4.71998	2	20	0	0	0	0.115057	0.113993	0.11592	0.115056	0.113983	0.115927	0.207168	0.20457	0.210507	0.207164	0.204577	0.210503	1.80056	1.80054	5.52939	
5.50755	2	23	5.50749	2	23	4.73612	2	19	0	0	0	0.120091	0.11929	0.121323	0.120092	0.119293	0.12132	0.216163	0.21313	0.21876	0.216165	0.213137	0.21876	1.8	1.8	5.53251	
5.52077	2	24	5.5207	2	24	4.74927	2	20	0	0	0	0.125085	0.12432	0.126297	0.125085	0.12433	0.1263	0.22529	0.223193	0.229163	0.225288	0.223183	0.229167	1.80109	1.80108	5.53476	
5.5291	2	23	5.52905	2	23	4.75383	2	20	0	0	0	0.130036	0.12924	0.131267	0.130035	0.12924	0.131267	0.23412	0.231557	0.23707	0.234121	0.23156	0.23708	1.80043	1.80044	5.53537	
5.54175	2	23	5.54167	2	23	4.77242	2	20	0	0	0	0.135046	0.134093	0.136103	0.135047	0.134083	0.136107	0.243109	0.241307	0.245997	0.243108	0.24131	0.246	1.80019	1.80018	5.54185	
5.54878	2	26	5.54858	2	26	4.78072	2	22	0	0	0	0.140089	0.13944	0.141097	0.140088	0.13944	0.1411	0.252135	0.24934	0.25455	0.252131	0.249343	0.254553	1.79982	1.79981	5.53952	
5.56627	2	24	5.56612	2	24	4.79737	2	20	0	0	0	0.145101	0.143857	0.14625	0.1451	0.143853	0.14625	0.261322	0.259377	0.263003	0.261322	0.259373	0.263	1.80097	1.80097	5.5446	
5.57564	2	25	5.57533	2	25	4.80644	2	21	0	0	0	0.150073	0.148857	0.15121	0.150072	0.14886	0.151207	0.270177	0.26602	0.273463	0.270176	0.26603	0.273453	1.80031	1.80031	5.54926	
5.58909	2	24	5.5886	2	24	4.82527	2	24	0	0	0	0.155095	0.153963	0.155983	0.155096	0.153967	0.155983	0.279321	0.275037	0.28224	0.279322	0.275047	0.282253	1.80096	1.80097	5.54885	
5.59925	2	24	5.59877	2	24	4.83792	2	20	0	0	0	0.160132	0.159087	0.161083	0.160131	0.1591	0.161083	0.288289	0.285193	0.291183	0.288288	0.28522	0.291183	1.80032	1.80032	5.5527	
5.61181	2	26	5.61125	2	26	4.84465	2	22	0	0	0	0.165183	0.164203	0.166453	0.165184	0.164197	0.166453	0.297368	0.293813	0.300543	0.297369	0.293817	0.300557	1.80023	1.80023	5.55764	
5.62882	2	25	5.6281	2	25	4.87201	2	24	0	0	0	0.170181	0.169017	0.171337	0.170179	0.169013	0.171333	0.306336	0.302677	0.31067	0.306336	0.302687	0.31069	1.80006	1.80008	5.56463	
5.63023	2	27	5.62931	2	27	4.86628	2	23	0	0	0	0.175217	0.174117	0.176273	0.175217	0.174123	0.176273	0.315385	0.312637	0.31849	0.315386	0.312657	0.318503	1.79997	1.79998	5.55909	
5.65324	2	27	5.652	2	27	4.89367	2	23	0	0	0	0.18028	0.178787	0.181217	0.18028	0.178787	0.181207	0.324327	0.32116	0.326523	0.324325	0.321163	0.326513	1.79901	1.79901	5.57043	
5.6608	2	25	5.65948	2	25	4.9065	2	21	0	0	0	0.18528	0.18345	0.18669	0.185281	0.18345	0.186687	0.333208	0.331463	0.33741	0.333209	0.33148	0.337393	1.7984	1.7984	5.56892	
5.67333	2	25	5.6716	2	25	4.92265	2	21	0	0	0	0.190258	0.18945	0.191683	0.190258	0.18945	0.191683	0.34208	0.339013	0.34423	0.34208	0.339013	0.344227	1.79798	1.79798	5.57363	
5.67909	2	27	5.67716	2	27	4.92949	2	23	0	0	0	0.195212	0.19321	0.1966	0.195213	0.19321	0.1966	0.350996	0.34645	0.353823	0.350998	0.346463	0.353837	1.79803	1.79803	5.57105	
5.69657	2	27	5.69447	2	27	4.94482	2	27	0	0	0	0.200214	0.19899	0.201843	0.200213	0.198983	0.201847	0.360125	0.35611	0.364773	0.360124	0.356103	0.36479	1.7987	1.79871	5.57918	
5.71186	2	25	5.70905	2	25	4.95916	2	23	0	0	0	0.205178	0.203447	0.206533	0.205178	0.203443	0.206537	0.369072	0.365927	0.371617	0.369074	0.36593	0.371613	1.79879	1.7988	5.58049	
5.72861	2	27	5.72523	2	27	4.97734	2	27	0	0	0	0.210146	0.209193	0.210833	0.210145	0.209193	0.210833	0.377912	0.37409	0.37995	0.377911	0.374097	0.37994	1.79833	1.79833	5.58524	
5.73935	2	27	5.73544	2	27	4.99141	2	23	0	0	0	0.215113	0.214033	0.21652	0.215113	0.21403	0.21652	0.386873	0.383873	0.390327	0.386869	0.383857	0.39032	1.79846	1.79844	5.58644	
5.75579	2	28	5.75162	2	28	5.00989	2	24	0	0	0	0.220135	0.218983	0.22155	0.220136	0.21898	0.22155	0.395772	0.393563	0.397797	0.395773	0.393567	0.397787	1.79786	1.79786	5.5933	
5.77029	2	31	5.76493	2	31	5.01875	2	28	0	0	0	0.225164	0.224647	0.225963	0.225162	0.22463	0.225967	0.404797	0.402063	0.407097	0.404799	0.40208	0.407097	1.79779	1.79781	5.5966	
5.78651	2	27	5.78048	2	27	5.04206	2	24	0	0	0	0.230132	0.228587	0.232	0.230131	0.22859	0.232003	0.413767	0.408927	0.41791	0.413768	0.408937	0.417907	1.79796	1.79796	5.5975	
5.79525	2	28	5.78786	2	28	5.04819	2	28	0	0	0	0.23507	0.23383	0.23663	0.23507	0.233833	0.23663	0.422628	0.418507	0.42607	0.422628	0.41852	0.426067	1.79788	1.79788	5.60273	
5.81841	2	29	5.80883	2	29	5.07346	2	25	0	0	0	0.24003	0.238893	0.242187	0.24003	0.238893	0.242183	0.43155	0.427747	0.436627	0.43155	0.427747	0.43661	1.7979	1.7979	5.60829	
5.83256	2	29	5.82271	2	29	5.08145	2	25	0	0	0	0.24505	0.244253	0.246043	0.245049	0.244253	0.24605	0.440688	0.436627	0.444483	0.440688	0.43663	0.44449	1.79836	1.79837	5.61168	
5.84915	2	27	5.83724	2	27	5.10121	2	25	0	0	0	0.249961	0.248477	0.25131	0.24996	0.248473	0.251307	0.449549	0.445797	0.452603	0.449546	0.445793	0.452607	1.79847	1.79847	5.61137	
5.86118	2	40	5.84809	2	40	5.11231	2	36	0	0	0	0.254964	0.25383	0.256647	0.254962	0.253833	0.256647	0.458597	0.45551	0.46243	0.458593	0.455507	0.46245	1.79868	1.79867	5.61478	
5.88843	2	32	5.87219	2	32	5.13387	2	32	0	0	0	0.259973	0.2587	0.261123	0.259974	0.258707	0.261123	0.467604	0.46453	0.470857	0.467604	0.464513	0.47086	1.79867	1.79866	5.62281	
5.89991	2	31	5.88293	2	31	5.15185	2	31	0	0	0	0.265002	0.26314	0.266663	0.265003	0.263137	0.266663	0.476581	0.4737	0.478723	0.476584	0.473683	0.47873	1.79841	1.79841	5.62135	
5.91936	2	40	5.89972	2	40	5.16372	2	36	0	0	0	0.270024	0.26872	0.271523	0.270022	0.268723	0.27152	0.485605	0.481313	0.491187	0.485602	0.481307	0.491173	1.79838	1.79838	5.62873	
5.94195	2	28	5.91978	2	28	5.18865	2	28	0	0	0	0.275017	0.274063	0.276677	0.275018	0.27406	0.27668	0.494525	0.490707	0.49701	0.494524	0.49069	0.497013	1.79816	1.79815	5.63519	
5.95792	2	40	5.93107	2	40	5.20041	2	36	0	0	0	0.280041	0.278987	0.28115	0.28004	0.27899	0.281143	0.503516	0.49919	0.50723	0.503518	0.49921	0.507247	1.79801	1.79802	5.63721	
5.97465	2	41	5.94376	2	41	5.21439	2	37	0	0	0	0.285015	0.28285	0.286227	0.285015	0.282853	0.28624	0.512439	0.509477	0.517123	0.51244	0.509493	0.517113	1.79794	1.79794	5.63543	
5.99828	2	33	5.96511	2	33	5.23417	2	30	0	0	0	0.290035	0.288213	0.29115	0.290034	0.288207	0.291143	0.521427	0.518177	0.52464	0.521425	0.518187	0.524647	1.79781	1.79781	5.64347	
6.01792	2	36	5.97829	2	36	5.24697	2	32	0	0	0	0.295025	0.293633	0.29691	0.295025	0.293627	0.29692	0.530447	0.52501	0.53639	0.530447	0.525013	0.53639	1.79797	1.79797	5.64544	
6.03627	2	38	5.99213	2	38	5.26466	2	34	0	0	0	0.300039	0.298963	0.301397	0.300036	0.298967	0.301387	0.539366	0.534617	0.545557	0.539362	0.53461	0.54555	1.79766	1.79766	5.64856	
6.06359	2	38	6.01611	2	38	5.28603	2	34	0	0	0	0.305054	0.30396	0.306623	0.305052	0.30395	0.30662	0.548402	0.545333	0.551867	0.548397	0.54534	0.551843	1.79772	1.79772	5.65389	
6.08887	2	37	6.03202	2	37	5.31009	2	37	0	0	0	0.310057	0.30876	0.311037	0.310058	0.30876	0.311037	0.557393	0.555433	0.56053	0.557395	0.555437	0.56053	1.79771	1.79771	5.65609	
6.11117	2	35	6.04959	2	35	5.3225	2	34	0	0	0	0.315018	0.3131	0.315813	0.31502	0.313097	0.31581	0.56651	0.56362	0.569487	0.566512	0.56363	0.56947	1.79834	1.79834	5.66238	
6.14079	2	49	6.06938	2	49	5.34632	2	45	0	0	0	0.319978	0.318667	0.321327	0.31998	0.318683	0.321327	0.575376	0.57096	0.578647	0.575378	0.570973	0.578633	1.79817	1.79817	5.66514	
6.15699	2	36	6.0747	2	33	5.34759	2	32	0	0	0	0.324963	0.323333	0.32657	0.324964	0.323337	0.32657	0.584288	0.579693	0.590617	0.584287	0.579697	0.590623	1.79801	1.79801	5.66342	
6.18818	2	42	6.09419	2	42	5.37285	2	38	0	0	0	0.329995	0.328477	0.331403	0.329994	0.32847	0.331403	0.593321	0.589803	0.597323	0.593322	0.589817	0.597327	1.79797	1.79798	5.66669	
6.2124	2	46	6.11429	2	46	5.39091	2	42	0	0	0	0.33498	0.33369	0.336843	0.334978	0.333663	0.33684	0.602199	0.596837	0.608647	0.602192	0.59681	0.60864	1.79772	1.79771	5.67037	
6.24799	2	42	6.13642	2	35	5.40972	2	31	0	0	0	0.339972	0.3384	0.341493	0.339974	0.3384	0.341493	0.611186	0.606573	0.61572	0.611186	0.606573	0.61572	1.79775	1.79774	5.67706	
6.28045	2	41	6.15581	2	41	5.4326	2	37	0	0	0	0.344972	0.34323	0.347067	0.344972	0.343237	0.347057	0.620326	0.61706	0.624693	0.620326	0.617073	0.624697	1.79819	1.79819	5.67987	
6.32212	2	44	6.17728	2	44	5.45201	2	40	0	0	0	0.350013	0.348187	0.352047	0.350015	0.34817	0.352053	0.629309	0.624293	0.634783	0.629308	0.624277	0.63477	1.79796	1.79795	5.68493	
6.3481	2	48	6.1826	2	40	5.45948	2	37	0	0	0	0.354954	0.353333	0.35686	0.354953	0.353333	0.35685	0.638292	0.63419	0.642183	0.63829	0.634193	0.642193	1.79824	1.79824	5.68104	
6.39822	2	49	6.2117	2	49	5.49037	2	45	0	0	0	0.35996	0.35773	0.361793	0.359961	0.357707	0.361797	0.647306	0.642303	0.65166	0.647306	0.64228	0.65166	1.79827	1.79827	5.68958	
6.44046	2	61	6.22182	2	48	5.49772	2	44	0	0	0	0.364936	0.363277	0.366163	0.364938	0.36328	0.366167	0.656224	0.650983	0.659817	0.656228	0.651	0.65981	1.79819	1.79819	5.68795	
6.49203	2	54	6.24291	2	41	5.52128	2	37	0	0	0	0.369957	0.368493	0.371237	0.369958	0.368497	0.37123	0.665191	0.659613	0.66898	0.665192	0.659617	0.668987	1.79802	1.79802	5.6947	
6.53651	2	50	6.26437	2	46	5.54091	2	42	0	0	0	0.374921	0.373173	0.376247	0.374925	0.373173	0.376243	0.674083	0.66984	0.677047	0.674085	0.66984	0.677053	1.79793	1.79792	5.69972	
6.61094	2	54	6.28736	2	47	5.56301	2	47	0	0	0	0.379932	0.37863	0.381637	0.379931	0.378633	0.381637	0.683162	0.678603	0.68721	0.683166	0.678607	0.687217	1.79812	1.79813	5.70112	
6.65695	2	55	6.30777	2	39	5.58395	2	38	0	0	0	0.384976	0.38337	0.386727	0.384974	0.383373	0.386733	0.692235	0.688357	0.69705	0.692232	0.688347	0.69706	1.79813	1.79813	5.70315	
6.73836	2	65	6.32685	2	54	5.60307	2	50	0	0	0	0.389952	0.38869	0.39126	0.389956	0.38868	0.39126	0.701052	0.69886	0.705543	0.701053	0.698867	0.70553	1.79779	1.79778	5.70847	
6.78842	2	56	6.3431	2	49	5.6187	2	45	0	0	0	0.395009	0.393167	0.397207	0.395009	0.393167	0.397203	0.710141	0.7045	0.715577	0.710142	0.704503	0.715577	1.79778	1.79779	5.70901	
6.89546	2	80	6.36835	2	49	5.64713	2	45	0	0	0	0.400024	0.398363	0.402627	0.400031	0.398413	0.402633	0.719033	0.715263	0.72273	0.719043	0.71527	0.72274	1.79747	1.79747	5.71393	
7.00211	2	79	6.38354	2	44	5.65961	2	40	0	0	0	0.405089	0.40309	0.406393	0.405089	0.40309	0.40639	0.728214	0.72333	0.731237	0.728214	0.72333	0.731233	1.79766	1.79767	5.7165	
7.12963	2	87	6.40802	2	48	5.68119	2	44	0	0	0	0.410108	0.408213	0.411807	0.410109	0.40821	0.411817	0.737305	0.733977	0.74122	0.737309	0.733957	0.74122	1.79783	1.79784	5.7186	
7.30437	2	88	6.43909	2	55	5.71604	2	51	0	0	0	0.415085	0.4142	0.416767	0.415083	0.414197	0.416723	0.746271	0.74253	0.750153	0.746268	0.742523	0.750077	1.79788	1.79788	5.72447	
7.50888	2	134	6.44986	2	54	5.72159	2	54	0	0	0	0.420102	0.418253	0.42133	0.420104	0.41826	0.421323	0.755261	0.750157	0.759943	0.755263	0.750187	0.759947	1.7978	1.7978	5.72292	
7.68939	2	115	6.47765	2	52	5.75016	2	48	0	0	0	0.425086	0.423807	0.426337	0.425084	0.4238	0.426313	0.764183	0.760887	0.768857	0.764179	0.760857	0.768853	1.79771	1.79771	5.72887	
8.05199	2	131	6.50536	2	54	5.78005	2	50	0	0	0	0.4301	0.42872	0.43173	0.430102	0.42872	0.431713	0.773359	0.76845	0.77745	0.773364	0.768463	0.777433	1.79809	1.7981	5.73268	
8.3569	2	181	6.51764	2	50	5.78459	2	46	0	0	0	0.435073	0.4324	0.43784	0.435066	0.432403	0.437837	0.782345	0.777883	0.789433	0.782341	0.777907	0.78942	1.79819	1.79821	5.73091	
8.98076	2	180	6.54705	2	52	5.81881	2	52	0	0	0	0.439873	0.438947	0.440985	0.439875	0.438935	0.44098	0.791282	0.78811	0.795142	0.791291	0.788103	0.79514	1.79889	1.7989	5.73681	
9.63522	2	228	6.57078	2	50	5.84501	2	46	0	0	0	0.445105	0.44385	0.447273	0.445109	0.443853	0.447337	0.800465	0.795767	0.80475	0.80047	0.79579	0.804777	1.79837	1.79837	5.74044	
12.1351	2	314	6.60947	2	54	5.87956	2	54	0	0	0	0.449877	0.448447	0.450935	0.449885	0.44846	0.450952	0.809456	0.803628	0.813495	0.809467	0.80364	0.8135	1.79928	1.79927	5.74318	
15.1006	2	448	6.64478	2	56	5.91247	2	52	0	0	0	0.455026	0.453568	0.456462	0.45502	0.45357	0.456454	0.819253	0.81626	0.823346	0.819242	0.816258	0.823318	1.80045	1.80045	5.74747	
33.2129	2	1007	6.66982	2	61	5.93558	2	61	0	0	0	0.459893	0.458803	0.461021	0.459893	0.458806	0.461016	0.827909	0.824134	0.830049	0.827912	0.82414	0.830127	1.80022	1.80023	5.75088	
358.13	2	9326	6.69858	2	61	5.96303	2	57	0	0	0	0.464879	0.463641	0.465657	0.464561	0.459866	0.46566	0.836951	0.83329	0.840237	0.836383	0.82791	0.840231	1.80036	1.80037	5.75313	
