5.29281	2	16	5.29281	2	16	4.47637	2	12	0	0	0	0.00503313	0.00481	0.00530333	0.00503292	0.00481	0.0053	0.00901479	0.00842333	0.00938667	0.00901458	0.00842333	0.00938667	1.79109	1.79113	5.49485	
5.3153	2	16	5.3153	2	16	4.52872	2	12	0	0	0	0.0100071	0.00965667	0.0101967	0.0100069	0.00965667	0.0101967	0.0181071	0.0176567	0.0190767	0.0181073	0.0176567	0.0190767	1.80943	1.80949	5.49282	
5.32609	2	16	5.32609	2	16	4.55303	2	16	0	0	0	0.0149985	0.0147133	0.0155233	0.0149981	0.0147133	0.01552	0.0269394	0.0256067	0.0280867	0.026939	0.0256067	0.0280867	1.79613	1.79616	5.50763	
5.31726	2	16	5.31726	2	16	4.52905	2	16	0	0	0	0.019986	0.01961	0.02052	0.0199856	0.01961	0.0205167	0.0358335	0.03493	0.03684	0.0358323	0.03493	0.0368367	1.79293	1.7929	5.49676	
5.33044	2	19	5.33044	2	19	4.54504	2	16	0	0	0	0.0249837	0.0244333	0.0254267	0.0249837	0.0244333	0.0254233	0.0448033	0.0432067	0.0459867	0.0448042	0.0432067	0.0459833	1.7933	1.79333	5.50355	
5.34818	2	20	5.34818	2	20	4.54974	2	16	0	0	0	0.0300242	0.0295467	0.03048	0.030024	0.0295433	0.0304767	0.0540175	0.05332	0.0554333	0.0540173	0.0533167	0.0554333	1.79913	1.79914	5.50717	
5.35065	2	24	5.35065	2	24	4.55251	2	20	0	0	0	0.0350258	0.03456	0.0356267	0.0350254	0.0345567	0.0356267	0.0631567	0.0616533	0.06481	0.0631562	0.06165	0.0648067	1.80315	1.80315	5.49818	
5.35655	2	21	5.35655	2	21	4.56504	2	17	0	0	0	0.0400277	0.03946	0.04073	0.0400277	0.0394567	0.0407267	0.0721635	0.0709767	0.07374	0.0721633	0.0709833	0.0737367	1.80284	1.80283	5.49766	
5.37295	2	20	5.37295	2	20	4.57113	2	17	0	0	0	0.0450169	0.0439567	0.0456967	0.0450169	0.0439567	0.0456967	0.0811485	0.0793167	0.08211	0.0811494	0.0793167	0.08211	1.80262	1.80264	5.50759	
5.37538	2	20	5.37538	2	20	4.58591	2	16	0	0	0	0.0499998	0.0493	0.0506933	0.05	0.0493	0.05069	0.0900577	0.0887133	0.0915567	0.0900588	0.0887133	0.0915667	1.80116	1.80117	5.50386	
5.38294	2	20	5.38294	2	20	4.60128	2	16	0	0	0	0.0550015	0.05412	0.0556867	0.0550013	0.0541167	0.0556833	0.0989573	0.0961867	0.101667	0.0989575	0.0961767	0.101663	1.79918	1.79919	5.50698	
5.38977	2	20	5.38977	2	20	4.60253	2	16	0	0	0	0.0599671	0.0591933	0.0606667	0.0599669	0.0591933	0.0606633	0.107884	0.10628	0.110047	0.107883	0.106283	0.110047	1.79905	1.79905	5.50566	
5.39645	2	20	5.39645	2	20	4.61	2	19	0	0	0	0.0650215	0.0644433	0.06613	0.0650213	0.06444	0.0661367	0.116787	0.114973	0.119243	0.116787	0.11497	0.119243	1.79613	1.79614	5.50893	
5.40816	2	20	5.40815	2	20	4.63006	2	19	0	0	0	0.0699785	0.0688767	0.0706767	0.0699785	0.0688767	0.0706767	0.125762	0.123223	0.12785	0.125761	0.123223	0.127847	1.79715	1.79714	5.51324	
5.40821	2	21	5.40821	2	21	4.62401	2	18	0	0	0	0.0749754	0.0739667	0.0760933	0.0749754	0.0739633	0.0760933	0.134679	0.132943	0.137253	0.134678	0.132947	0.137253	1.79631	1.79629	5.50769	
5.42203	2	24	5.42203	2	24	4.64086	2	20	0	0	0	0.0799906	0.0789433	0.0806033	0.0799912	0.07894	0.0806067	0.143754	0.1418	0.145303	0.143755	0.141793	0.145303	1.79713	1.79713	5.51046	
5.44021	2	21	5.44021	2	21	4.66476	2	19	0	0	0	0.0850135	0.0841767	0.08594	0.0850131	0.0841767	0.0859433	0.152908	0.15066	0.154753	0.152906	0.15066	0.154753	1.79864	1.79861	5.51837	
5.44709	2	21	5.44709	2	21	4.66505	2	20	0	0	0	0.0900248	0.0892033	0.09142	0.090026	0.0892067	0.0914233	0.16201	0.159603	0.16706	0.16201	0.159607	0.167063	1.79961	1.79959	5.51935	
5.45608	2	24	5.45607	2	24	4.67754	2	20	0	0	0	0.0950098	0.0942767	0.09608	0.09501	0.0942767	0.0960767	0.170997	0.16884	0.173027	0.170998	0.168837	0.17303	1.79979	1.79979	5.51891	
5.46519	2	24	5.46518	2	24	4.68665	2	20	0	0	0	0.100001	0.0992933	0.10096	0.100001	0.09929	0.10096	0.180058	0.177937	0.182947	0.180058	0.177937	0.182947	1.80056	1.80055	5.51792	
5.47219	2	22	5.47217	2	22	4.69254	2	19	0	0	0	0.105056	0.104367	0.105867	0.105057	0.10436	0.10587	0.189182	0.1872	0.191547	0.189182	0.187197	0.19155	1.80077	1.80076	5.52046	
5.48297	2	22	5.48295	2	22	4.7041	2	18	0	0	0	0.110075	0.108663	0.11093	0.110075	0.108663	0.11093	0.198212	0.19493	0.200707	0.198213	0.19493	0.200707	1.80071	1.80071	5.52093	
5.49853	2	22	5.49851	2	22	4.71809	2	20	0	0	0	0.115057	0.113993	0.11592	0.115057	0.113997	0.115923	0.207168	0.20457	0.210507	0.207166	0.204573	0.21051	1.80056	1.80055	5.52949	
5.50888	2	24	5.50886	2	24	4.73721	2	20	0	0	0	0.120091	0.11929	0.121323	0.120092	0.119293	0.12132	0.216163	0.21313	0.21876	0.216167	0.21314	0.21876	1.8	1.80002	5.5319	
5.51943	2	24	5.51937	2	24	4.74781	2	20	0	0	0	0.125085	0.12432	0.126297	0.125085	0.124333	0.1263	0.22529	0.223193	0.229163	0.22529	0.223187	0.229167	1.80109	1.8011	5.53338	
5.52706	2	24	5.527	2	24	4.75453	2	20	0	0	0	0.130036	0.12924	0.131267	0.130035	0.12924	0.131267	0.23412	0.231557	0.23707	0.234121	0.23156	0.23708	1.80043	1.80044	5.53276	
5.53906	2	23	5.53887	2	23	4.76896	2	20	0	0	0	0.135046	0.134093	0.136103	0.135046	0.134087	0.136107	0.243109	0.241307	0.245997	0.243108	0.24131	0.246	1.80019	1.80018	5.53659	
5.55253	2	24	5.55238	2	24	4.78454	2	20	0	0	0	0.140089	0.13944	0.141097	0.140086	0.139437	0.1411	0.252135	0.24934	0.25455	0.252128	0.24934	0.254553	1.79982	1.79981	5.54005	
5.56571	2	24	5.56547	2	24	4.79763	2	20	0	0	0	0.145101	0.143857	0.14625	0.1451	0.143857	0.146247	0.261322	0.259377	0.263003	0.261322	0.259377	0.263	1.80097	1.80098	5.54401	
5.57331	2	28	5.57305	2	28	4.8118	2	24	0	0	0	0.150073	0.148857	0.15121	0.150071	0.14886	0.151207	0.270177	0.26602	0.273463	0.270175	0.266027	0.273453	1.80031	1.80031	5.54501	
5.58296	2	26	5.58258	2	26	4.81924	2	22	0	0	0	0.155095	0.153963	0.155983	0.155095	0.153967	0.155983	0.279321	0.275037	0.28224	0.279321	0.275043	0.282243	1.80096	1.80096	5.54276	
5.6047	2	26	5.60433	2	26	4.84708	2	22	0	0	0	0.160132	0.159087	0.161083	0.160131	0.1591	0.161083	0.288289	0.285193	0.291183	0.288289	0.28522	0.291183	1.80032	1.80034	5.55281	
5.61395	2	25	5.61331	2	25	4.85109	2	21	0	0	0	0.165183	0.164203	0.166453	0.165184	0.1642	0.166453	0.297368	0.293813	0.300543	0.297369	0.293813	0.300557	1.80023	1.80023	5.55485	
5.6249	2	26	5.62425	2	26	4.86659	2	22	0	0	0	0.170181	0.169017	0.171337	0.170179	0.169013	0.171333	0.306336	0.302677	0.31067	0.306334	0.302683	0.310687	1.80006	1.80007	5.55909	
5.6327	2	25	5.63197	2	25	4.87156	2	21	0	0	0	0.175217	0.174117	0.176273	0.175216	0.174123	0.176273	0.315385	0.312637	0.31849	0.315384	0.312643	0.318507	1.79997	1.79997	5.5588	
5.64846	2	27	5.64731	2	27	4.89242	2	23	0	0	0	0.18028	0.178787	0.181217	0.18028	0.17878	0.181207	0.324327	0.32116	0.326523	0.324325	0.32116	0.326513	1.79901	1.79901	5.56491	
5.66186	2	25	5.66088	2	25	4.90724	2	21	0	0	0	0.18528	0.18345	0.18669	0.18528	0.183453	0.186687	0.333208	0.331463	0.33741	0.333208	0.33148	0.337393	1.7984	1.7984	5.56663	
5.67836	2	25	5.67695	2	25	4.92157	2	21	0	0	0	0.190258	0.18945	0.191683	0.190258	0.18945	0.191683	0.34208	0.339013	0.34423	0.34208	0.339013	0.34423	1.79798	1.79797	5.57303	
5.69201	2	35	5.69041	2	35	4.93743	2	31	0	0	0	0.195212	0.19321	0.1966	0.195211	0.19321	0.196587	0.350996	0.34645	0.353823	0.350995	0.34645	0.353837	1.79803	1.79802	5.57764	
5.69918	2	26	5.69703	2	26	4.94662	2	22	0	0	0	0.200214	0.19899	0.201843	0.200213	0.19898	0.201847	0.360125	0.35611	0.364773	0.360126	0.3561	0.36479	1.7987	1.79871	5.57528	
5.71637	2	26	5.71366	2	26	4.96385	2	23	0	0	0	0.205178	0.203447	0.206533	0.205178	0.203443	0.206537	0.369072	0.365927	0.371617	0.369076	0.36593	0.371613	1.79879	1.79881	5.57967	
5.73321	2	29	5.72999	2	29	4.987	2	25	0	0	0	0.210146	0.209193	0.210833	0.210145	0.20919	0.210837	0.377912	0.37409	0.37995	0.377911	0.374093	0.37994	1.79833	1.79833	5.58577	
5.74918	2	26	5.74546	2	26	5.00367	2	25	0	0	0	0.215113	0.214033	0.21652	0.215113	0.21403	0.21652	0.386873	0.383873	0.390327	0.386868	0.38387	0.39032	1.79846	1.79844	5.58957	
5.75451	2	26	5.75049	2	26	5.00731	2	22	0	0	0	0.220135	0.218983	0.22155	0.220136	0.218983	0.221543	0.395772	0.393563	0.397797	0.395773	0.393563	0.397787	1.79786	1.79786	5.5882	
5.77721	2	26	5.77253	2	26	5.02825	2	23	0	0	0	0.225164	0.224647	0.225963	0.225165	0.224647	0.225963	0.404797	0.402063	0.407097	0.404801	0.40208	0.407097	1.79779	1.7978	5.59658	
5.79337	2	28	5.7876	2	28	5.05041	2	25	0	0	0	0.230132	0.228587	0.232	0.230131	0.22859	0.232003	0.413767	0.408927	0.41791	0.413769	0.408933	0.417907	1.79796	1.79797	5.601	
5.81304	2	28	5.80637	2	28	5.06398	2	24	0	0	0	0.23507	0.23383	0.23663	0.235071	0.233833	0.23663	0.422628	0.418507	0.42607	0.422629	0.418523	0.426067	1.79788	1.79788	5.60812	
5.82162	2	28	5.81352	2	28	5.07948	2	24	0	0	0	0.24003	0.238893	0.242187	0.24003	0.238897	0.242183	0.43155	0.427747	0.436627	0.431552	0.427747	0.43661	1.7979	1.79791	5.60646	
5.84536	2	31	5.83554	2	31	5.09726	2	31	0	0	0	0.24505	0.244253	0.246043	0.245049	0.24425	0.24605	0.440688	0.436627	0.444483	0.440686	0.43663	0.44449	1.79836	1.79836	5.61279	
5.86639	2	34	5.85532	2	34	5.119	2	30	0	0	0	0.249961	0.248477	0.25131	0.249962	0.248473	0.25131	0.449549	0.445797	0.452603	0.449546	0.445793	0.45261	1.79847	1.79846	5.61925	
5.87986	2	29	5.86803	2	29	5.13545	2	26	0	0	0	0.254964	0.25383	0.256647	0.254962	0.253833	0.25664	0.458597	0.45551	0.46243	0.458594	0.455507	0.462447	1.79868	1.79867	5.62124	
5.898	2	36	5.88362	2	36	5.14446	2	32	0	0	0	0.259973	0.2587	0.261123	0.259974	0.258707	0.261123	0.467604	0.46453	0.470857	0.467605	0.464527	0.470853	1.79867	1.79866	5.62583	
5.91778	2	39	5.9018	2	39	5.17044	2	35	0	0	0	0.265002	0.26314	0.266663	0.265003	0.263137	0.266663	0.476581	0.4737	0.478723	0.476583	0.473697	0.47873	1.79841	1.7984	5.63036	
5.93507	2	37	5.91823	2	37	5.188	2	33	0	0	0	0.270024	0.26872	0.271523	0.270022	0.26872	0.27152	0.485605	0.481313	0.491187	0.485602	0.481307	0.491163	1.79838	1.79837	5.63148	
5.96491	2	41	5.94347	2	41	5.21468	2	37	0	0	0	0.275017	0.274063	0.276677	0.275018	0.274063	0.276677	0.494525	0.490707	0.49701	0.494523	0.49069	0.49701	1.79816	1.79815	5.64335	
5.97271	2	34	5.94792	2	34	5.21461	2	34	0	0	0	0.280041	0.278987	0.28115	0.28004	0.278987	0.281143	0.503516	0.49919	0.50723	0.503518	0.49921	0.507237	1.79801	1.79802	5.63919	
6.00339	2	38	5.97463	2	38	5.24776	2	34	0	0	0	0.285015	0.28285	0.286227	0.285016	0.28285	0.286243	0.512439	0.509477	0.517123	0.512441	0.509477	0.51712	1.79794	1.79794	5.64923	
6.02696	2	39	5.99573	2	39	5.26737	2	35	0	0	0	0.290035	0.288213	0.29115	0.290034	0.288207	0.291147	0.521427	0.518177	0.52464	0.521426	0.518187	0.524653	1.79781	1.79781	5.65435	
6.04074	2	38	6.00514	2	38	5.27768	2	34	0	0	0	0.295025	0.293633	0.29691	0.295025	0.293627	0.296923	0.530447	0.52501	0.53639	0.530447	0.52501	0.53639	1.79797	1.79797	5.65523	
6.06729	2	40	6.02726	2	40	5.30125	2	36	0	0	0	0.300039	0.298963	0.301397	0.300034	0.29896	0.301397	0.539366	0.534617	0.545557	0.539357	0.53461	0.545547	1.79766	1.79765	5.66244	
6.09232	2	43	6.04665	2	43	5.32007	2	39	0	0	0	0.305054	0.30396	0.306623	0.305052	0.30395	0.306627	0.548402	0.545333	0.551867	0.548397	0.545333	0.55184	1.79772	1.79772	5.66709	
6.11628	2	39	6.06347	2	39	5.33869	2	35	0	0	0	0.310057	0.30876	0.311037	0.310058	0.308757	0.311037	0.557393	0.555433	0.56053	0.557395	0.555437	0.56053	1.79771	1.79771	5.66831	
6.14399	2	41	6.08574	2	41	5.35875	2	37	0	0	0	0.315018	0.3131	0.315813	0.315019	0.313097	0.315807	0.56651	0.56362	0.569487	0.56651	0.56363	0.56948	1.79834	1.79834	5.67499	
6.17871	2	42	6.11112	2	42	5.38621	2	42	0	0	0	0.319978	0.318667	0.321327	0.31998	0.318673	0.321327	0.575376	0.57096	0.578647	0.57538	0.571007	0.578637	1.79817	1.79818	5.68041	
6.20309	2	43	6.12527	2	43	5.40187	2	39	0	0	0	0.324963	0.323333	0.32657	0.324961	0.32334	0.326567	0.584288	0.579693	0.590617	0.584284	0.5797	0.590623	1.79801	1.79801	5.68404	
6.2411	2	43	6.15106	2	43	5.42902	2	39	0	0	0	0.329995	0.328477	0.331403	0.329996	0.32848	0.331403	0.593321	0.589803	0.597323	0.593325	0.589813	0.597317	1.79797	1.79798	5.68807	
6.25937	2	41	6.16568	2	41	5.44249	2	37	0	0	0	0.33498	0.33369	0.336843	0.334979	0.333683	0.33683	0.602199	0.596837	0.608647	0.602193	0.59684	0.608617	1.79772	1.7977	5.69515	
6.29241	2	41	6.18621	2	41	5.46108	2	37	0	0	0	0.339972	0.3384	0.341493	0.339975	0.3384	0.341497	0.611186	0.606573	0.61572	0.611185	0.606573	0.61572	1.79775	1.79774	5.69795	
6.33315	2	42	6.21068	2	42	5.48922	2	38	0	0	0	0.344972	0.34323	0.347067	0.344972	0.343233	0.347073	0.620326	0.61706	0.624693	0.620327	0.61705	0.62472	1.79819	1.7982	5.70177	
6.36889	2	47	6.23313	2	42	5.51412	2	41	0	0	0	0.350013	0.348187	0.352047	0.350015	0.348177	0.352053	0.629309	0.624293	0.634783	0.629306	0.624283	0.634773	1.79796	1.79794	5.70456	
6.40205	2	43	6.24796	2	43	5.52081	2	39	0	0	0	0.354954	0.353333	0.35686	0.354954	0.353337	0.35685	0.638292	0.63419	0.642183	0.638292	0.634193	0.642187	1.79824	1.79824	5.70654	
6.44418	2	44	6.26956	2	44	5.54747	2	40	0	0	0	0.35996	0.35773	0.361793	0.359963	0.35771	0.361793	0.647306	0.642303	0.65166	0.64731	0.642283	0.651667	1.79827	1.79827	5.71029	
6.4893	2	51	6.28665	2	43	5.56143	2	39	0	0	0	0.364936	0.363277	0.366163	0.36494	0.363287	0.366167	0.656224	0.650983	0.659817	0.65623	0.651007	0.659813	1.79819	1.79819	5.71443	
6.54356	2	50	6.31717	2	50	5.59346	2	46	0	0	0	0.369957	0.368493	0.371237	0.369958	0.368497	0.371237	0.665191	0.659613	0.66898	0.665193	0.659617	0.668973	1.79802	1.79802	5.72392	
6.58426	2	49	6.33609	2	49	5.60826	2	45	0	0	0	0.374921	0.373173	0.376247	0.374926	0.37317	0.376247	0.674083	0.66984	0.677047	0.674085	0.669837	0.677053	1.79793	1.79791	5.72759	
6.6476	2	68	6.35951	2	49	5.63858	2	46	0	0	0	0.379932	0.37863	0.381637	0.37993	0.37863	0.381643	0.683162	0.678603	0.68721	0.683164	0.678603	0.687203	1.79812	1.79813	5.72819	
6.70151	2	58	6.3882	2	58	5.66351	2	54	0	0	0	0.384976	0.38337	0.386727	0.384973	0.383373	0.38673	0.692235	0.688357	0.69705	0.692229	0.68835	0.697053	1.79813	1.79812	5.73327	
6.76946	2	61	6.40769	2	46	5.68618	2	42	0	0	0	0.389952	0.38869	0.39126	0.389954	0.38868	0.391263	0.701052	0.69886	0.705543	0.701051	0.698863	0.705543	1.79779	1.79778	5.7371	
6.86026	2	62	6.4344	2	49	5.7121	2	45	0	0	0	0.395009	0.393167	0.397207	0.395007	0.39317	0.3972	0.710141	0.7045	0.715577	0.710138	0.704507	0.715567	1.79778	1.79779	5.74569	
6.94196	2	57	6.46336	2	49	5.74187	2	45	0	0	0	0.400024	0.398363	0.402627	0.40003	0.398373	0.402627	0.719033	0.715263	0.72273	0.719035	0.715263	0.72273	1.79747	1.79745	5.74804	
7.03763	2	63	6.4789	2	60	5.75292	2	56	0	0	0	0.405089	0.40309	0.406393	0.405089	0.40309	0.406397	0.728214	0.72333	0.731237	0.728216	0.72333	0.731227	1.79766	1.79767	5.74813	
7.13551	2	71	6.50418	2	48	5.77972	2	44	0	0	0	0.410108	0.408213	0.411807	0.41011	0.408213	0.411807	0.737305	0.733977	0.74122	0.737309	0.733973	0.741213	1.79783	1.79783	5.75313	
7.29089	2	97	6.53395	2	57	5.81115	2	53	0	0	0	0.415085	0.4142	0.416767	0.415084	0.41418	0.416733	0.746271	0.74253	0.750153	0.746268	0.742537	0.750093	1.79788	1.79787	5.75808	
7.43935	2	108	6.54375	2	43	5.81702	2	43	0	0	0	0.420102	0.418253	0.42133	0.420101	0.41826	0.421317	0.755261	0.750157	0.759943	0.755262	0.750177	0.759937	1.7978	1.79781	5.75847	
7.56138	2	102	6.583	2	58	5.85456	2	54	0	0	0	0.425086	0.423807	0.426337	0.425084	0.423803	0.426307	0.764183	0.760887	0.768857	0.764176	0.760863	0.76885	1.79771	1.7977	5.76742	
7.84269	2	136	6.60559	2	52	5.87586	2	48	0	0	0	0.4301	0.42872	0.43173	0.430097	0.42872	0.431733	0.773359	0.76845	0.77745	0.77336	0.768473	0.777453	1.79809	1.7981	5.76822	
8.10513	2	133	6.63978	2	55	5.91097	2	51	0	0	0	0.435073	0.4324	0.43784	0.435065	0.432397	0.437837	0.782345	0.777883	0.789433	0.782339	0.77789	0.789403	1.79819	1.79821	5.77282	
8.45812	2	165	6.66354	2	51	5.93495	2	47	0	0	0	0.440063	0.438263	0.441067	0.440071	0.43827	0.441087	0.791433	0.788127	0.79339	0.791449	0.78812	0.793437	1.79845	1.79846	5.77694	
8.83728	2	155	6.68233	2	52	5.95208	2	52	0	0	0	0.445105	0.44385	0.447273	0.445108	0.443857	0.44733	0.800465	0.795767	0.80475	0.800467	0.795783	0.80475	1.79837	1.79837	5.77823	
9.80713	2	281	6.71965	2	55	5.99081	2	51	0	0	0	0.449947	0.448724	0.451158	0.44995	0.448728	0.451164	0.809982	0.80498	0.813726	0.809983	0.80499	0.81373	1.80017	1.80016	5.7839	
10.6541	2	261	6.74614	2	65	6.0104	2	61	0	0	0	0.455178	0.45404	0.456367	0.455168	0.453943	0.45636	0.818735	0.814133	0.82382	0.818715	0.814157	0.8238	1.79871	1.79871	5.78748	
11.7251	2	208	6.77301	2	54	6.0401	2	51	0	0	0	0.460152	0.458843	0.462797	0.460159	0.458833	0.462777	0.827663	0.823687	0.83235	0.827674	0.823717	0.832357	1.79867	1.79867	5.7922	
16.0913	2	452	6.82137	2	60	6.08708	2	60	0	0	0	0.46498	0.463594	0.465926	0.464995	0.463588	0.465932	0.837151	0.8309	0.841572	0.837171	0.830896	0.84156	1.8004	1.80039	5.79363	
35.4518	2	894	6.85548	2	59	6.12049	2	55	0	0	0	0.469915	0.46894	0.470873	0.469914	0.468943	0.470909	0.845966	0.842281	0.849399	0.845964	0.842273	0.849393	1.80025	1.80025	5.79974	
3974.69	2	46756	7.21315	2	55	6.47089	2	53	0	0	0	0.474899	0.473693	0.476273	0.471401	0.450309	0.47627	0.85484	0.852733	0.856753	0.848562	0.81084	0.856756	1.80005	1.80009	5.7978	
