5.30063	2	16	5.30063	2	16	4.5358	2	12	0	0	0	0.00503313	0.00481	0.00530333	0.00503292	0.00481	0.0053	0.00901479	0.00842333	0.00938667	0.00901458	0.00842333	0.00938667	1.79109	1.79113	5.5025	
5.33154	2	16	5.33154	2	16	4.52029	2	12	0	0	0	0.0100071	0.00965667	0.0101967	0.0100069	0.00965667	0.0101967	0.0181071	0.0176567	0.0190767	0.0181075	0.0176567	0.0190767	1.80943	1.80951	5.50901	
5.33213	2	16	5.33213	2	16	4.54718	2	13	0	0	0	0.0149985	0.0147133	0.0155233	0.0149981	0.0147133	0.01552	0.0269394	0.0256067	0.0280867	0.026939	0.0256067	0.0280867	1.79613	1.79616	5.51461	
5.31991	2	16	5.31991	2	16	4.54352	2	15	0	0	0	0.019986	0.01961	0.02052	0.0199858	0.01961	0.0205167	0.0358335	0.03493	0.03684	0.0358333	0.03493	0.0368367	1.79293	1.79294	5.50206	
5.32933	2	20	5.32933	2	20	4.54329	2	16	0	0	0	0.0249837	0.0244333	0.0254267	0.024984	0.0244333	0.0254233	0.0448033	0.0432067	0.0459867	0.0448046	0.0432067	0.0459833	1.7933	1.79333	5.50256	
5.34754	2	20	5.34754	2	20	4.5408	2	18	0	0	0	0.0300242	0.0295467	0.03048	0.0300242	0.0295433	0.0304767	0.0540175	0.05332	0.0554333	0.0540175	0.0533167	0.0554333	1.79913	1.79913	5.50823	
5.35727	2	20	5.35727	2	20	4.56642	2	16	0	0	0	0.0350258	0.03456	0.0356267	0.0350254	0.03456	0.0356267	0.0631567	0.0616533	0.06481	0.0631562	0.0616533	0.0648067	1.80315	1.80315	5.50488	
5.374	2	20	5.374	2	20	4.57601	2	16	0	0	0	0.0400277	0.03946	0.04073	0.0400275	0.03946	0.0407267	0.0721635	0.0709767	0.07374	0.072164	0.07098	0.0737367	1.80284	1.80286	5.51525	
5.37466	2	21	5.37466	2	21	4.57569	2	17	0	0	0	0.0450169	0.0439567	0.0456967	0.0450171	0.0439567	0.0456967	0.0811485	0.0793167	0.08211	0.0811496	0.0793167	0.08211	1.80262	1.80264	5.51114	
5.3816	2	20	5.38159	2	20	4.58831	2	16	0	0	0	0.0499998	0.0493	0.0506933	0.05	0.0493	0.05069	0.0900577	0.0887133	0.0915567	0.090059	0.0887133	0.0915667	1.80116	1.80118	5.50939	
5.38575	2	20	5.38573	2	20	4.59635	2	17	0	0	0	0.0550015	0.05412	0.0556867	0.0550019	0.05412	0.0556867	0.0989573	0.0961867	0.101667	0.0989585	0.0961867	0.101667	1.79918	1.79918	5.51024	
5.39952	2	20	5.39949	2	20	4.60774	2	17	0	0	0	0.0599671	0.0591933	0.0606667	0.0599677	0.0591933	0.0606667	0.107884	0.10628	0.110047	0.107884	0.106283	0.110047	1.79905	1.79903	5.52042	
5.40404	2	21	5.40399	2	21	4.62496	2	20	0	0	0	0.0650215	0.0644433	0.06613	0.0650215	0.06444	0.0661367	0.116787	0.114973	0.119243	0.116787	0.114973	0.119243	1.79613	1.79613	5.51569	
5.40983	2	21	5.4098	2	21	4.62231	2	18	0	0	0	0.0699785	0.0688767	0.0706767	0.0699785	0.0688767	0.0706767	0.125762	0.123223	0.12785	0.125761	0.123223	0.127847	1.79715	1.79713	5.5146	
5.43023	2	24	5.43019	2	24	4.63921	2	20	0	0	0	0.0749754	0.0739667	0.0760933	0.074976	0.0739633	0.0760933	0.134679	0.132943	0.137253	0.134679	0.132947	0.137253	1.79631	1.79629	5.52835	
5.42535	2	21	5.42524	2	21	4.64443	2	20	0	0	0	0.0799906	0.0789433	0.0806033	0.0799915	0.07894	0.08061	0.143754	0.1418	0.145303	0.143755	0.141793	0.145307	1.79713	1.79713	5.51722	
5.4438	2	22	5.44363	2	22	4.66299	2	22	0	0	0	0.0850135	0.0841767	0.08594	0.0850135	0.0841767	0.0859433	0.152908	0.15066	0.154753	0.152906	0.150663	0.154753	1.79864	1.79861	5.52734	
5.45081	2	22	5.45068	2	22	4.6674	2	22	0	0	0	0.0900248	0.0892033	0.09142	0.0900258	0.0892067	0.09142	0.16201	0.159603	0.16706	0.162011	0.15961	0.16706	1.79961	1.7996	5.52562	
5.46664	2	25	5.46632	2	24	4.68435	2	21	0	0	0	0.0950098	0.0942767	0.09608	0.0950106	0.0942767	0.0960767	0.170997	0.16884	0.173027	0.170999	0.16884	0.17303	1.79979	1.79978	5.53284	
5.47487	2	24	5.47424	2	24	4.69411	2	21	0	0	0	0.100001	0.0992933	0.10096	0.100001	0.09929	0.10096	0.180058	0.177937	0.182947	0.18006	0.177937	0.182947	1.80056	1.80058	5.53306	
5.48229	2	24	5.48196	2	23	4.69734	2	23	0	0	0	0.105056	0.104367	0.105867	0.105057	0.10436	0.10587	0.189182	0.1872	0.191547	0.189182	0.187197	0.19155	1.80077	1.80076	5.5318	
5.4984	2	29	5.49753	2	28	4.72034	2	24	0	0	0	0.110075	0.108663	0.11093	0.110075	0.108663	0.11093	0.198212	0.19493	0.200707	0.198213	0.19493	0.20071	1.80071	1.80071	5.54076	
5.51126	2	28	5.51042	2	28	4.72802	2	28	0	0	0	0.115057	0.113993	0.11592	0.115056	0.113987	0.115927	0.207168	0.20457	0.210507	0.207164	0.204577	0.210503	1.80056	1.80054	5.54512	
5.52122	2	25	5.5202	2	24	4.74292	2	24	0	0	0	0.120091	0.11929	0.121323	0.120092	0.119293	0.12132	0.216163	0.21313	0.21876	0.216165	0.213137	0.21876	1.8	1.8	5.54895	
5.53577	2	31	5.53401	2	24	4.75599	2	24	0	0	0	0.125085	0.12432	0.126297	0.125085	0.12433	0.1263	0.22529	0.223193	0.229163	0.225288	0.223183	0.229167	1.80109	1.80108	5.55236	
5.54486	2	28	5.54333	2	24	4.76165	2	24	0	0	0	0.130036	0.12924	0.131267	0.130035	0.12924	0.131267	0.23412	0.231557	0.23707	0.234121	0.23156	0.23708	1.80043	1.80044	5.55437	
5.56104	2	27	5.55881	2	24	4.78206	2	24	0	0	0	0.135046	0.134093	0.136103	0.135046	0.134083	0.136107	0.243109	0.241307	0.245997	0.243108	0.24131	0.246	1.80019	1.80018	5.56188	
5.56857	2	27	5.56631	2	27	4.79054	2	24	0	0	0	0.140089	0.13944	0.141097	0.140088	0.13944	0.1411	0.252135	0.24934	0.25455	0.252131	0.249343	0.254553	1.79982	1.79981	5.56143	
5.58854	2	28	5.58545	2	24	4.80719	2	24	0	0	0	0.145101	0.143857	0.14625	0.1451	0.143853	0.14625	0.261322	0.259377	0.263003	0.261322	0.259373	0.263	1.80097	1.80097	5.56817	
5.59949	2	29	5.59572	2	27	4.81839	2	27	0	0	0	0.150073	0.148857	0.15121	0.150072	0.14886	0.151207	0.270177	0.26602	0.273463	0.270176	0.26603	0.273453	1.80031	1.80031	5.57406	
5.61391	2	34	5.60917	2	24	4.83651	2	24	0	0	0	0.155095	0.153963	0.155983	0.155096	0.153967	0.155983	0.279321	0.275037	0.28224	0.279322	0.275047	0.282253	1.80096	1.80097	5.57468	
5.62811	2	31	5.62279	2	26	4.85101	2	26	0	0	0	0.160132	0.159087	0.161083	0.160131	0.1591	0.161083	0.288289	0.285193	0.291183	0.288288	0.28522	0.291183	1.80032	1.80032	5.58111	
5.64168	2	31	5.63546	2	28	4.85758	2	25	0	0	0	0.165183	0.164203	0.166453	0.165184	0.164197	0.166453	0.297368	0.293813	0.300543	0.297369	0.293817	0.300557	1.80023	1.80023	5.58657	
5.66233	2	33	5.65388	2	26	4.885	2	24	0	0	0	0.170181	0.169017	0.171337	0.170179	0.169013	0.171333	0.306336	0.302677	0.31067	0.306336	0.302687	0.31069	1.80006	1.80008	5.59628	
5.66551	2	33	5.6565	2	30	4.88079	2	30	0	0	0	0.175217	0.174117	0.176273	0.175216	0.174123	0.176273	0.315385	0.312637	0.31849	0.315386	0.312657	0.318503	1.79997	1.79998	5.59192	
5.69168	2	38	5.68048	2	36	4.90903	2	32	0	0	0	0.18028	0.178787	0.181217	0.18028	0.178787	0.181207	0.324327	0.32116	0.326523	0.324325	0.321163	0.326513	1.79901	1.79901	5.60475	
5.70242	2	41	5.68996	2	28	4.92213	2	28	0	0	0	0.18528	0.18345	0.18669	0.185281	0.183453	0.186687	0.333208	0.331463	0.33741	0.333209	0.33148	0.337393	1.7984	1.7984	5.60462	
5.72324	2	40	5.70717	2	30	4.94463	2	30	0	0	0	0.190258	0.18945	0.191683	0.190258	0.18945	0.191683	0.34208	0.339013	0.34423	0.34208	0.339013	0.344227	1.79798	1.79798	5.611	
5.72765	2	56	5.70945	2	28	4.94494	2	28	0	0	0	0.195212	0.19321	0.1966	0.195213	0.19321	0.1966	0.350996	0.34645	0.353823	0.350998	0.346463	0.353837	1.79803	1.79803	5.60978	
5.74822	2	35	5.72879	2	28	4.96355	2	28	0	0	0	0.200214	0.19899	0.201843	0.200213	0.19898	0.201847	0.360125	0.35611	0.364773	0.360124	0.3561	0.36479	1.7987	1.79871	5.61978	
5.77047	2	47	5.74681	2	32	4.98124	2	32	0	0	0	0.205178	0.203447	0.206533	0.205178	0.203443	0.206537	0.369072	0.365927	0.371617	0.369075	0.36593	0.371613	1.79879	1.7988	5.6225	
5.79158	2	44	5.76447	2	33	4.9996	2	33	0	0	0	0.210146	0.209193	0.210833	0.210145	0.20919	0.210833	0.377912	0.37409	0.37995	0.377911	0.374097	0.37994	1.79833	1.79833	5.62893	
5.81034	2	50	5.77629	2	31	5.01312	2	28	0	0	0	0.215113	0.214033	0.21652	0.215113	0.214027	0.21652	0.386873	0.383873	0.390327	0.38687	0.383853	0.39032	1.79846	1.79845	5.63255	
5.83085	2	46	5.79486	2	31	5.03322	2	31	0	0	0	0.220135	0.218983	0.22155	0.220136	0.21898	0.22155	0.395772	0.393563	0.397797	0.395772	0.393567	0.397787	1.79786	1.79786	5.64039	
5.85234	2	43	5.81078	2	32	5.04501	2	32	0	0	0	0.225164	0.224647	0.225963	0.225162	0.224627	0.225967	0.404797	0.402063	0.407097	0.404799	0.40208	0.407097	1.79779	1.79781	5.64562	
5.87702	2	50	5.82495	2	32	5.06391	2	32	0	0	0	0.230132	0.228587	0.232	0.230131	0.22859	0.232003	0.413767	0.408927	0.41791	0.413768	0.408937	0.417907	1.79796	1.79796	5.64774	
5.88656	2	52	5.83443	2	35	5.07164	2	31	0	0	0	0.23507	0.23383	0.23663	0.23507	0.233833	0.23663	0.422628	0.418507	0.42607	0.422628	0.41852	0.426067	1.79788	1.79788	5.65491	
5.92116	2	48	5.85909	2	32	5.10052	2	32	0	0	0	0.24003	0.238893	0.242187	0.240031	0.238893	0.242183	0.43155	0.427747	0.436627	0.43155	0.427747	0.43661	1.7979	1.7979	5.66272	
5.94657	2	53	5.87467	2	38	5.109	2	34	0	0	0	0.24505	0.244253	0.246043	0.245049	0.244253	0.24605	0.440688	0.436627	0.444483	0.440688	0.43663	0.44449	1.79836	1.79837	5.66659	
5.97182	2	63	5.88789	2	32	5.12915	2	32	0	0	0	0.249961	0.248477	0.25131	0.24996	0.248477	0.251307	0.449549	0.445797	0.452603	0.449546	0.445797	0.452607	1.79847	1.79847	5.6677	
5.99527	2	64	5.9027	2	34	5.14048	2	34	0	0	0	0.254964	0.25383	0.256647	0.254962	0.253833	0.256647	0.458597	0.45551	0.46243	0.458593	0.455507	0.46245	1.79868	1.79867	5.67244	
6.03586	2	52	5.92763	2	38	5.16376	2	37	0	0	0	0.259973	0.2587	0.261123	0.259974	0.258707	0.26112	0.467604	0.46453	0.470857	0.467604	0.464513	0.470853	1.79867	1.79866	5.68186	
6.0677	2	59	5.94057	2	33	5.18275	2	33	0	0	0	0.265002	0.26314	0.266663	0.265004	0.26314	0.266663	0.476581	0.4737	0.478723	0.476584	0.473687	0.47873	1.79841	1.79841	5.68327	
6.09675	2	68	5.96046	2	45	5.1963	2	45	0	0	0	0.270024	0.26872	0.271523	0.270022	0.268723	0.27152	0.485605	0.481313	0.491187	0.485603	0.481307	0.491173	1.79838	1.79838	5.6908	
6.14211	2	65	5.97986	2	34	5.22032	2	34	0	0	0	0.275017	0.274063	0.276677	0.275019	0.27406	0.27668	0.494525	0.490707	0.49701	0.494525	0.49069	0.497013	1.79816	1.79815	5.69999	
6.17359	2	70	5.99603	2	41	5.2341	2	41	0	0	0	0.280041	0.278987	0.28115	0.28004	0.278987	0.281143	0.503516	0.49919	0.50723	0.503517	0.499197	0.50725	1.79801	1.79802	5.7029	
6.21806	2	70	6.00775	2	43	5.24838	2	40	0	0	0	0.285015	0.28285	0.286227	0.285015	0.282847	0.28624	0.512439	0.509477	0.517123	0.51244	0.509487	0.517113	1.79794	1.79794	5.70377	
6.26615	2	75	6.02835	2	36	5.26722	2	36	0	0	0	0.290035	0.288213	0.29115	0.290034	0.288207	0.291143	0.521427	0.518177	0.52464	0.521426	0.518187	0.524647	1.79781	1.79781	5.71179	
6.3223	2	93	6.05237	2	35	5.29115	2	35	0	0	0	0.295025	0.293633	0.29691	0.295025	0.293627	0.29692	0.530447	0.52501	0.53639	0.530447	0.525013	0.536393	1.79797	1.79797	5.71575	
6.37103	2	81	6.06193	2	36	5.30278	2	36	0	0	0	0.300039	0.298963	0.301397	0.300036	0.298967	0.3014	0.539366	0.534617	0.545557	0.539364	0.53461	0.54555	1.79766	1.79766	5.71961	
6.45997	2	110	6.08921	2	57	5.32621	2	57	0	0	0	0.305054	0.30396	0.306623	0.305051	0.30395	0.30662	0.548402	0.545333	0.551867	0.548396	0.54534	0.551843	1.79772	1.79772	5.72718	
6.52469	2	106	6.1061	2	38	5.34926	2	38	0	0	0	0.310057	0.30876	0.311037	0.310058	0.30876	0.311033	0.557393	0.555433	0.56053	0.557395	0.555443	0.560527	1.79771	1.79771	5.73018	
6.5659	2	137	6.12282	2	41	5.36284	2	41	0	0	0	0.315018	0.3131	0.315813	0.31502	0.313097	0.31581	0.56651	0.56362	0.569487	0.566515	0.56363	0.569467	1.79834	1.79834	5.73828	
6.69358	2	104	6.14778	2	41	5.39253	2	41	0	0	0	0.319978	0.318667	0.321327	0.319983	0.31868	0.321327	0.575376	0.57096	0.578647	0.57538	0.570973	0.578633	1.79817	1.79816	5.74192	
6.77014	2	113	6.15132	2	49	5.3902	2	49	0	0	0	0.324963	0.323333	0.32657	0.324965	0.323337	0.32657	0.584288	0.579693	0.590617	0.584292	0.579697	0.590623	1.79801	1.79801	5.74147	
6.89431	2	122	6.17177	2	45	5.41332	2	41	0	0	0	0.329995	0.328477	0.331403	0.329994	0.32847	0.331403	0.593321	0.589803	0.597323	0.593321	0.589817	0.597327	1.79797	1.79798	5.74551	
6.99556	2	128	6.19719	2	46	5.43731	2	46	0	0	0	0.33498	0.33369	0.336843	0.334977	0.333667	0.33684	0.602199	0.596837	0.608647	0.602192	0.596813	0.60864	1.79772	1.79771	5.75065	
7.1416	2	142	6.22366	2	39	5.46217	2	38	0	0	0	0.339972	0.3384	0.341493	0.33998	0.3384	0.341497	0.611186	0.606573	0.61572	0.611198	0.606573	0.61572	1.79775	1.79774	5.75753	
7.38531	2	170	6.24335	2	43	5.48483	2	43	0	0	0	0.344972	0.34323	0.347067	0.344968	0.343227	0.347057	0.620326	0.61706	0.624693	0.620319	0.617043	0.62469	1.79819	1.79819	5.76321	
7.62961	2	190	6.2692	2	44	5.50807	2	44	0	0	0	0.350013	0.348187	0.352047	0.350016	0.348187	0.352067	0.629309	0.624293	0.634783	0.629308	0.624293	0.634773	1.79796	1.79794	5.76916	
7.82557	2	184	6.27505	2	43	5.51898	2	39	0	0	0	0.354954	0.353333	0.35686	0.354948	0.353257	0.356847	0.638292	0.63419	0.642183	0.638284	0.634193	0.64219	1.79824	1.79824	5.76472	
8.06375	2	230	6.30027	2	51	5.54343	2	51	0	0	0	0.35996	0.35773	0.361793	0.359962	0.35771	0.361797	0.647306	0.642303	0.65166	0.647307	0.642283	0.65166	1.79827	1.79826	5.77466	
8.42558	2	199	6.31742	2	44	5.55695	2	44	0	0	0	0.364936	0.363277	0.366163	0.364932	0.3632	0.366167	0.656224	0.650983	0.659817	0.656217	0.65084	0.65981	1.79819	1.79819	5.77302	
9.06014	2	360	6.34226	2	44	5.58342	2	44	0	0	0	0.369957	0.368493	0.371237	0.369957	0.368497	0.37123	0.665191	0.659613	0.66898	0.66519	0.659617	0.668987	1.79802	1.79802	5.78131	
9.7091	2	300	6.3684	2	46	5.60677	2	46	0	0	0	0.374815	0.373217	0.376758	0.374813	0.37321	0.376748	0.673977	0.670975	0.676408	0.673972	0.670963	0.676403	1.79816	1.79815	5.78784	
10.1964	2	297	6.37952	2	47	5.61754	2	47	0	0	0	0.379932	0.37863	0.381637	0.37993	0.378717	0.381637	0.683162	0.678603	0.68721	0.683168	0.67873	0.687237	1.79812	1.79814	5.78913	
11.9105	2	453	6.39944	2	49	5.63975	2	49	0	0	0	0.384904	0.383696	0.386576	0.384911	0.383696	0.38658	0.692365	0.689042	0.694978	0.692376	0.689034	0.694978	1.7988	1.7988	5.78797	
13.9627	2	576	6.42316	2	53	5.66357	2	53	0	0	0	0.389867	0.38901	0.39064	0.389857	0.389006	0.39064	0.701372	0.697906	0.705206	0.701354	0.697902	0.705206	1.79901	1.799	5.79439	
16.3393	2	482	6.43698	2	54	5.67399	2	54	0	0	0	0.395009	0.393167	0.397207	0.395022	0.393167	0.397203	0.710141	0.7045	0.715577	0.710161	0.704503	0.715577	1.79778	1.79777	5.79715	
27.563	2	1190	6.46546	2	53	5.70113	2	53	0	0	0	0.399792	0.398417	0.401394	0.399796	0.398419	0.40139	0.719633	0.716867	0.72195	0.719645	0.716873	0.721956	1.80002	1.80003	5.80167	
88.9603	2	2478	6.48993	2	52	5.72619	2	51	0	0	0	0.404827	0.404177	0.405924	0.4048	0.404179	0.405929	0.728687	0.726769	0.731314	0.728642	0.726771	0.73131	1.8	1.8	5.80193	
929.384	2	17304	6.49504	2	56	5.72707	2	54	0	0	0	0.409842	0.408539	0.411421	0.409357	0.403569	0.411426	0.737711	0.734741	0.741621	0.736857	0.726174	0.741636	1.79999	1.80003	5.80229	
