3.81096	1	16	3.81096	1	16	3.03223	1	12	0	0	0	0.00503313	0.00481	0.00530333	0.00503292	0.00485333	0.00523333	0.00901479	0.00842333	0.00938667	0.00901458	0.00845333	0.00953333	1.79109	1.79113	4.01635	
3.81357	1	16	3.81357	1	16	3.00954	1	14	0	0	0	0.0100071	0.00965667	0.0101967	0.0100069	0.00964667	0.01039	0.0181071	0.0176567	0.0190767	0.0181071	0.01748	0.01876	1.80943	1.80946	3.997	
3.81575	1	17	3.8157	1	17	3.02868	1	16	0	0	0	0.0149985	0.0147133	0.0155233	0.0149981	0.0148167	0.01522	0.0269394	0.0256067	0.0280867	0.026939	0.02633	0.0278433	1.79613	1.79616	4.00995	
3.81844	1	17	3.81833	1	17	3.02756	1	16	0	0	0	0.019986	0.01961	0.02052	0.0199858	0.01966	0.0203033	0.0358335	0.03493	0.03684	0.0358333	0.0350033	0.03669	1.79293	1.79294	4.01306	
3.82325	1	20	3.82323	1	20	3.03262	1	17	0	0	0	0.0249837	0.0244333	0.0254267	0.024984	0.0247	0.0254733	0.0448033	0.0432067	0.0459867	0.0448044	0.0433767	0.04618	1.7933	1.79333	4.01414	
3.826	1	22	3.82577	1	22	3.02181	1	18	0	0	0	0.0300242	0.0295467	0.03048	0.030024	0.0292733	0.0305967	0.0540175	0.05332	0.0554333	0.0540173	0.05254	0.0554367	1.79913	1.79914	4.00667	
3.84286	1	21	3.84271	1	21	3.03701	1	19	0	0	0	0.0350258	0.03456	0.0356267	0.0350256	0.0344667	0.0356367	0.0631567	0.0616533	0.06481	0.0631565	0.06177	0.0643333	1.80315	1.80315	4.01702	
3.84895	1	23	3.84888	1	23	3.05081	1	23	0	0	0	0.0400277	0.03946	0.04073	0.0400277	0.03949	0.0405033	0.0721635	0.0709767	0.07374	0.0721642	0.07009	0.0736167	1.80284	1.80286	4.01847	
3.85341	1	23	3.8532	1	23	3.05271	1	20	0	0	0	0.0450169	0.0439567	0.0456967	0.0450173	0.0445133	0.0458567	0.0811485	0.0793167	0.08211	0.0811494	0.0791133	0.0825967	1.80262	1.80263	4.02003	
3.86543	1	21	3.86509	1	21	3.06577	1	18	0	0	0	0.0499998	0.0493	0.0506933	0.0499998	0.0491	0.0508833	0.0900577	0.0887133	0.0915567	0.0900581	0.0884933	0.0920333	1.80116	1.80117	4.03093	
3.87148	1	21	3.87105	1	21	3.06956	1	19	0	0	0	0.0550015	0.05412	0.0556867	0.0550015	0.05423	0.05599	0.0989573	0.0961867	0.101667	0.0989569	0.0973667	0.10109	1.79918	1.79917	4.03498	
3.87923	1	24	3.8787	1	24	3.086	1	23	0	0	0	0.0599671	0.0591933	0.0606667	0.0599673	0.0593167	0.0608333	0.107884	0.10628	0.110047	0.107884	0.10633	0.110247	1.79905	1.79904	4.03874	
3.88608	1	27	3.88548	1	27	3.09636	1	23	0	0	0	0.0650215	0.0644433	0.06613	0.0650215	0.0643067	0.06615	0.116787	0.114973	0.119243	0.116787	0.114763	0.11975	1.79613	1.79613	4.04449	
3.89213	1	21	3.89156	1	21	3.0926	1	21	0	0	0	0.0699785	0.0688767	0.0706767	0.0699788	0.0693367	0.07104	0.125762	0.123223	0.12785	0.125762	0.123577	0.129007	1.79715	1.79715	4.04715	
3.90451	1	25	3.90354	1	25	3.10814	1	24	0	0	0	0.0749754	0.0739667	0.0760933	0.0749752	0.0743267	0.0759933	0.134679	0.132943	0.137253	0.134678	0.132207	0.137433	1.79631	1.7963	4.05664	
3.91649	1	22	3.91562	1	22	3.11884	1	20	0	0	0	0.0799906	0.0789433	0.0806033	0.0799906	0.0791933	0.0808833	0.143754	0.1418	0.145303	0.143754	0.14093	0.14601	1.79713	1.79714	4.063	
3.92791	1	26	3.92673	1	26	3.12777	1	23	0	0	0	0.0850135	0.0841767	0.08594	0.0850133	0.0843767	0.0859067	0.152908	0.15066	0.154753	0.152906	0.150483	0.154637	1.79864	1.79862	4.0693	
3.93793	1	37	3.93663	1	37	3.13949	1	33	0	0	0	0.0900248	0.0892033	0.09142	0.0900254	0.0891133	0.09116	0.16201	0.159603	0.16706	0.162011	0.15898	0.16389	1.79961	1.79961	4.07316	
3.94769	1	29	3.94611	1	29	3.14915	1	25	0	0	0	0.0950098	0.0942767	0.09608	0.0950106	0.0940267	0.0964067	0.170997	0.16884	0.173027	0.170998	0.16776	0.173433	1.79979	1.79978	4.0805	
3.95905	1	23	3.95725	1	23	3.15406	1	23	0	0	0	0.100001	0.0992933	0.10096	0.100001	0.09872	0.10145	0.180058	0.177937	0.182947	0.180059	0.17672	0.18333	1.80056	1.80057	4.08696	
3.97187	1	25	3.96991	1	25	3.17537	1	23	0	0	0	0.105056	0.104367	0.105867	0.105056	0.103987	0.106647	0.189182	0.1872	0.191547	0.189182	0.186237	0.192593	1.80077	1.80077	4.09435	
3.9855	1	28	3.98329	1	28	3.18562	1	25	0	0	0	0.110075	0.108663	0.11093	0.110076	0.10925	0.11175	0.198212	0.19493	0.200707	0.198213	0.196167	0.202417	1.80071	1.8007	4.10459	
3.99683	1	29	3.99445	1	29	3.19948	1	29	0	0	0	0.115057	0.113993	0.11592	0.115057	0.113957	0.11677	0.207168	0.20457	0.210507	0.207167	0.204103	0.21237	1.80056	1.80056	4.11105	
4.01071	1	32	4.00792	1	32	3.21179	1	32	0	0	0	0.120091	0.11929	0.121323	0.120092	0.119157	0.122063	0.216163	0.21313	0.21876	0.216167	0.213493	0.221263	1.8	1.80002	4.12339	
4.02378	1	32	4.02094	1	32	3.22465	1	32	0	0	0	0.125085	0.12432	0.126297	0.125085	0.123813	0.126907	0.22529	0.223193	0.229163	0.225289	0.222693	0.230323	1.80109	1.80109	4.12985	
4.03513	1	30	4.03198	1	30	3.23691	1	30	0	0	0	0.130036	0.12924	0.131267	0.130036	0.128733	0.131547	0.23412	0.231557	0.23707	0.234122	0.231667	0.23868	1.80043	1.80044	4.13737	
4.04509	1	32	4.04146	1	32	3.24245	1	32	0	0	0	0.135046	0.134093	0.136103	0.135047	0.13397	0.136863	0.243109	0.241307	0.245997	0.243108	0.241153	0.248143	1.80019	1.80018	4.14228	
4.05858	1	32	4.05455	1	32	3.25839	1	32	0	0	0	0.140089	0.13944	0.141097	0.140088	0.13869	0.142097	0.252135	0.24934	0.25455	0.252133	0.25004	0.257657	1.79982	1.79982	4.15312	
4.08295	1	34	4.07818	1	34	3.27939	1	30	0	0	0	0.145101	0.143857	0.14625	0.1451	0.143967	0.14687	0.261322	0.259377	0.263003	0.261323	0.259283	0.266137	1.80097	1.80098	4.16934	
4.08865	1	33	4.0836	1	33	3.2846	1	29	0	0	0	0.150073	0.148857	0.15121	0.150073	0.14875	0.15162	0.270177	0.26602	0.273463	0.270176	0.267667	0.274967	1.80031	1.8003	4.17158	
4.10629	1	33	4.10061	1	33	3.30535	1	33	0	0	0	0.155095	0.153963	0.155983	0.155095	0.153553	0.156497	0.279321	0.275037	0.28224	0.279321	0.276473	0.284243	1.80096	1.80097	4.18462	
4.11761	1	35	4.11135	1	35	3.31403	1	31	0	0	0	0.160132	0.159087	0.161083	0.160131	0.158517	0.161477	0.288289	0.285193	0.291183	0.288288	0.285423	0.29289	1.80032	1.80033	4.1922	
4.14346	1	31	4.13688	1	31	3.33972	1	31	0	0	0	0.165183	0.164203	0.166453	0.165184	0.163547	0.16656	0.297368	0.293813	0.300543	0.29737	0.294467	0.301827	1.80023	1.80024	4.21062	
4.15921	1	38	4.15146	1	38	3.35203	1	38	0	0	0	0.170181	0.169017	0.171337	0.17018	0.168733	0.171793	0.306336	0.302677	0.31067	0.306335	0.30321	0.311047	1.80006	1.80007	4.22035	
4.16779	1	35	4.1594	1	35	3.36397	1	31	0	0	0	0.175217	0.174117	0.176273	0.175217	0.173847	0.17675	0.315385	0.312637	0.31849	0.315385	0.312303	0.319443	1.79997	1.79997	4.22376	
4.18812	1	33	4.17938	1	33	3.38516	1	33	0	0	0	0.18028	0.178787	0.181217	0.180281	0.179097	0.181567	0.324327	0.32116	0.326523	0.324326	0.320703	0.328403	1.79901	1.799	4.24078	
4.20301	1	34	4.19343	1	34	3.40761	1	30	0	0	0	0.18528	0.18345	0.18669	0.185281	0.183917	0.187003	0.333208	0.331463	0.33741	0.33321	0.328717	0.337	1.7984	1.79841	4.25105	
4.22215	1	37	4.21136	1	37	3.4196	1	34	0	0	0	0.190258	0.18945	0.191683	0.190258	0.188933	0.191603	0.34208	0.339013	0.34423	0.342078	0.337773	0.346067	1.79798	1.79797	4.26429	
4.24167	1	36	4.23066	1	36	3.43977	1	36	0	0	0	0.195212	0.19321	0.1966	0.195212	0.193913	0.19685	0.350996	0.34645	0.353823	0.350996	0.346883	0.354703	1.79803	1.79802	4.27897	
4.25906	1	35	4.24624	1	35	3.45817	1	33	0	0	0	0.200214	0.19899	0.201843	0.200212	0.198623	0.20177	0.360125	0.35611	0.364773	0.360123	0.354987	0.363777	1.7987	1.79871	4.28789	
4.28127	1	37	4.26674	1	37	3.47476	1	37	0	0	0	0.205178	0.203447	0.206533	0.205178	0.20334	0.206597	0.369072	0.365927	0.371617	0.369073	0.363997	0.372773	1.79879	1.7988	4.30291	
4.29864	1	37	4.28295	1	37	3.49413	1	37	0	0	0	0.210146	0.209193	0.210833	0.210145	0.20821	0.211467	0.377912	0.37409	0.37995	0.377909	0.372417	0.381203	1.79833	1.79833	4.31445	
4.31442	1	38	4.29768	1	38	3.50064	1	34	0	0	0	0.215113	0.214033	0.21652	0.215113	0.21349	0.21649	0.386873	0.383873	0.390327	0.38687	0.381597	0.38988	1.79846	1.79845	4.3243	
4.33899	1	35	4.32053	1	35	3.52567	1	35	0	0	0	0.220135	0.218983	0.22155	0.220136	0.218303	0.221567	0.395772	0.393563	0.397797	0.395773	0.390117	0.398797	1.79786	1.79785	4.34202	
4.36185	1	42	4.34195	1	42	3.54906	1	42	0	0	0	0.225164	0.224647	0.225963	0.225164	0.22333	0.22665	0.404797	0.402063	0.407097	0.404799	0.399803	0.407763	1.79779	1.7978	4.3574	
4.38106	1	40	4.35906	1	40	3.56551	1	40	0	0	0	0.230132	0.228587	0.232	0.230132	0.228147	0.231783	0.413767	0.408927	0.41791	0.413769	0.408693	0.416877	1.79796	1.79796	4.36997	
4.40498	1	42	4.38095	1	42	3.5903	1	38	0	0	0	0.23507	0.23383	0.23663	0.23507	0.233253	0.236853	0.422628	0.418507	0.42607	0.422629	0.41788	0.42556	1.79788	1.79788	4.38632	
4.42998	1	44	4.40382	1	44	3.61368	1	41	0	0	0	0.24003	0.238893	0.242187	0.240031	0.238267	0.241723	0.43155	0.427747	0.436627	0.431551	0.42708	0.434527	1.7979	1.7979	4.40264	
4.45421	1	40	4.42563	1	40	3.63437	1	40	0	0	0	0.24505	0.244253	0.246043	0.24505	0.24346	0.246743	0.440688	0.436627	0.444483	0.440688	0.435887	0.443357	1.79836	1.79836	4.41796	
4.4805	1	45	4.44927	1	45	3.65695	1	45	0	0	0	0.249961	0.248477	0.25131	0.249961	0.24841	0.251763	0.449549	0.445797	0.452603	0.449547	0.445407	0.452243	1.79847	1.79847	4.43321	
4.50211	1	42	4.46718	1	42	3.67894	1	42	0	0	0	0.254964	0.25383	0.256647	0.254964	0.253513	0.256927	0.458597	0.45551	0.46243	0.458596	0.454403	0.461633	1.79868	1.79867	4.44726	
4.52796	1	44	4.49121	1	44	3.7008	1	44	0	0	0	0.259973	0.2587	0.261123	0.259975	0.25846	0.261463	0.467604	0.46453	0.470857	0.467608	0.46303	0.470617	1.79867	1.79866	4.46236	
4.55633	1	42	4.5153	1	42	3.72608	1	40	0	0	0	0.265002	0.26314	0.266663	0.265003	0.263273	0.26632	0.476581	0.4737	0.478723	0.476583	0.472487	0.48008	1.79841	1.79841	4.48117	
4.5834	1	45	4.53941	1	45	3.75072	1	45	0	0	0	0.270024	0.26872	0.271523	0.270021	0.268423	0.271377	0.485605	0.481313	0.491187	0.485599	0.481627	0.48851	1.79838	1.79837	4.49526	
4.61427	1	52	4.56468	1	52	3.77338	1	52	0	0	0	0.275017	0.274063	0.276677	0.275016	0.273437	0.27668	0.494525	0.490707	0.49701	0.494523	0.49064	0.497613	1.79816	1.79816	4.51553	
4.64023	1	52	4.58804	1	52	3.7971	1	48	0	0	0	0.280041	0.278987	0.28115	0.280039	0.27853	0.282007	0.503516	0.49919	0.50723	0.503515	0.50048	0.50725	1.79801	1.79802	4.53257	
4.67233	1	56	4.61365	1	56	3.82338	1	56	0	0	0	0.285015	0.28285	0.286227	0.285015	0.2836	0.286997	0.512439	0.509477	0.517123	0.51244	0.509627	0.516133	1.79794	1.79794	4.553	
4.69674	1	48	4.63528	1	47	3.84492	1	47	0	0	0	0.290035	0.288213	0.29115	0.290035	0.288327	0.292353	0.521427	0.518177	0.52464	0.521427	0.517843	0.526017	1.79781	1.79781	4.56615	
4.73691	1	52	4.66626	1	52	3.877	1	50	0	0	0	0.295025	0.293633	0.29691	0.295024	0.293253	0.29737	0.530447	0.52501	0.53639	0.530445	0.527003	0.534883	1.79797	1.79797	4.58881	
4.7641	1	45	4.69079	1	45	3.90212	1	41	0	0	0	0.300039	0.298963	0.301397	0.300037	0.297633	0.302243	0.539366	0.534617	0.545557	0.539362	0.53534	0.543057	1.79766	1.79766	4.60476	
4.80354	1	46	4.72101	1	45	3.92916	1	45	0	0	0	0.305054	0.30396	0.306623	0.305052	0.302197	0.306973	0.548402	0.545333	0.551867	0.548398	0.5434	0.551893	1.79772	1.79772	4.62725	
4.84026	1	53	4.75032	1	53	3.96269	1	53	0	0	0	0.310057	0.30876	0.311037	0.310059	0.307223	0.311843	0.557393	0.555433	0.56053	0.557396	0.552417	0.56141	1.79771	1.79771	4.64915	
4.87672	1	61	4.77627	1	61	3.98685	1	61	0	0	0	0.315018	0.3131	0.315813	0.315018	0.312303	0.316803	0.56651	0.56362	0.569487	0.566509	0.561713	0.570617	1.79834	1.79834	4.66565	
4.91732	1	48	4.80549	1	48	4.01792	1	44	0	0	0	0.319978	0.318667	0.321327	0.319978	0.317403	0.32171	0.575376	0.57096	0.578647	0.575376	0.57083	0.579307	1.79817	1.79817	4.68748	
4.95801	1	51	4.83748	1	51	4.04365	1	51	0	0	0	0.324963	0.323333	0.32657	0.324963	0.323073	0.326607	0.584288	0.579693	0.590617	0.584286	0.580003	0.588217	1.79801	1.79801	4.70912	
4.99853	1	46	4.86463	1	46	4.0719	1	46	0	0	0	0.329995	0.328477	0.331403	0.329994	0.328287	0.331557	0.593321	0.589803	0.597323	0.593321	0.589663	0.597217	1.79797	1.79797	4.72669	
5.04643	1	49	4.89723	1	49	4.10571	1	47	0	0	0	0.33498	0.33369	0.336843	0.334978	0.332957	0.336507	0.602199	0.596837	0.608647	0.602193	0.598897	0.606723	1.79772	1.79771	4.75221	
5.09637	1	61	4.93373	1	61	4.14388	1	61	0	0	0	0.339972	0.3384	0.341493	0.339975	0.337777	0.341587	0.611186	0.606573	0.61572	0.611187	0.607563	0.616453	1.79775	1.79774	4.77781	
5.15294	1	56	4.96643	1	56	4.17664	1	56	0	0	0	0.344972	0.34323	0.347067	0.34497	0.34277	0.34671	0.620326	0.61706	0.624693	0.620323	0.61694	0.62554	1.79819	1.7982	4.79899	
5.19918	1	53	4.9981	1	52	4.20726	1	51	0	0	0	0.350013	0.348187	0.352047	0.350011	0.347747	0.351607	0.629309	0.624293	0.634783	0.629304	0.625777	0.634897	1.79796	1.79795	4.82138	
5.25863	1	53	5.03681	1	53	4.24734	1	52	0	0	0	0.354954	0.353333	0.35686	0.354954	0.35263	0.35659	0.638292	0.63419	0.642183	0.638292	0.634617	0.643977	1.79824	1.79824	4.84738	
5.31174	1	59	5.06781	1	59	4.28076	1	59	0	0	0	0.35996	0.35773	0.361793	0.359963	0.35801	0.36153	0.647306	0.642303	0.65166	0.647311	0.64403	0.652543	1.79827	1.79827	4.86759	
5.3767	1	61	5.09934	1	61	4.31334	1	61	0	0	0	0.364936	0.363277	0.366163	0.364944	0.36292	0.36645	0.656224	0.650983	0.659817	0.656237	0.652747	0.661867	1.79819	1.79819	4.8892	
5.43979	1	54	5.13536	1	54	4.34633	1	54	0	0	0	0.369957	0.368493	0.371237	0.369961	0.368013	0.371413	0.665191	0.659613	0.66898	0.665194	0.66146	0.67068	1.79802	1.79801	4.91668	
5.5141	1	53	5.17117	1	53	4.38221	1	53	0	0	0	0.374921	0.373173	0.376247	0.374922	0.37276	0.37672	0.674083	0.66984	0.677047	0.674082	0.670163	0.67998	1.79793	1.79792	4.93989	
5.58665	1	59	5.20952	1	59	4.42243	1	59	0	0	0	0.379932	0.37863	0.381637	0.379938	0.377507	0.38158	0.683162	0.678603	0.68721	0.683177	0.678573	0.68874	1.79812	1.79813	4.965	
5.69055	1	56	5.25801	1	53	4.47142	1	51	0	0	0	0.384976	0.38337	0.386727	0.384978	0.382373	0.38675	0.692235	0.688357	0.69705	0.69224	0.68748	0.697883	1.79813	1.79813	4.99806	
5.78047	1	60	5.28836	1	58	4.50148	1	58	0	0	0	0.389952	0.38869	0.39126	0.389954	0.387603	0.39216	0.701052	0.69886	0.705543	0.701054	0.695953	0.706977	1.79779	1.79778	5.01774	
5.88337	1	58	5.33295	1	58	4.54632	1	58	0	0	0	0.395009	0.393167	0.397207	0.395006	0.392743	0.39677	0.710141	0.7045	0.715577	0.710136	0.705107	0.71637	1.79778	1.79778	5.04762	
5.98621	1	71	5.3689	1	63	4.58458	1	63	0	0	0	0.400024	0.398363	0.402627	0.400026	0.397747	0.401717	0.719033	0.715263	0.72273	0.719032	0.714017	0.72511	1.79747	1.79746	5.07088	
6.13217	1	59	5.4185	1	59	4.63882	1	55	0	0	0	0.405089	0.40309	0.406393	0.405087	0.402913	0.4067	0.728214	0.72333	0.731237	0.728212	0.723147	0.73426	1.79766	1.79767	5.10641	
6.25635	1	73	5.46175	1	59	4.67823	1	55	0	0	0	0.410108	0.408213	0.411807	0.410106	0.407953	0.411977	0.737305	0.733977	0.74122	0.737309	0.731707	0.742967	1.79783	1.79785	5.13301	
6.43931	1	69	5.50329	1	69	4.71731	1	69	0	0	0	0.415085	0.4142	0.416767	0.415087	0.412963	0.416893	0.746271	0.74253	0.750153	0.746279	0.74187	0.75199	1.79788	1.79789	5.15954	
6.59107	1	63	5.55024	1	55	4.76995	1	55	0	0	0	0.420102	0.418253	0.42133	0.420104	0.417967	0.42188	0.755261	0.750157	0.759943	0.755268	0.750857	0.761057	1.7978	1.79781	5.19106	
6.78837	1	64	5.60267	1	63	4.81996	1	63	0	0	0	0.425086	0.423807	0.426337	0.425083	0.422843	0.426763	0.764183	0.760887	0.768857	0.764177	0.75893	0.770743	1.79771	1.79771	5.22561	
7.05855	1	80	5.64464	1	61	4.86717	1	61	0	0	0	0.4301	0.42872	0.43173	0.430104	0.427767	0.432033	0.773359	0.76845	0.77745	0.773371	0.768263	0.781027	1.79809	1.7981	5.25089	
7.3138	1	87	5.69166	1	66	4.91345	1	66	0	0	0	0.435073	0.4324	0.43784	0.435066	0.43264	0.436833	0.782345	0.777883	0.789433	0.782343	0.77672	0.789563	1.79819	1.79821	5.28174	
7.66129	1	81	5.73798	1	63	4.95685	1	62	0	0	0	0.440063	0.438263	0.441067	0.440064	0.437593	0.442077	0.791433	0.788127	0.79339	0.791433	0.785547	0.798577	1.79845	1.79845	5.30889	
8.05614	1	94	5.79337	1	62	5.01432	1	60	0	0	0	0.445105	0.44385	0.447273	0.445105	0.442923	0.44705	0.800465	0.795767	0.80475	0.800466	0.794157	0.807977	1.79837	1.79837	5.34223	
8.5341	1	115	5.84335	1	75	5.06192	1	71	0	0	0	0.450058	0.44845	0.451563	0.450059	0.448327	0.452207	0.809415	0.804397	0.814523	0.809417	0.80306	0.81663	1.79847	1.79847	5.37527	
9.19074	1	105	5.90433	1	66	5.12374	1	66	0	0	0	0.455178	0.45404	0.456367	0.45518	0.45343	0.457393	0.818735	0.814133	0.82382	0.818731	0.81192	0.8255	1.79871	1.7987	5.41143	
9.89309	1	123	5.95974	1	65	5.18496	1	63	0	0	0	0.460152	0.458843	0.462797	0.460164	0.458237	0.462217	0.827663	0.823687	0.83235	0.827671	0.820703	0.835417	1.79867	1.79864	5.44461	
11.0383	1	122	6.01599	1	63	5.23753	1	61	0	0	0	0.465125	0.46325	0.467117	0.465132	0.46297	0.467107	0.836574	0.8275	0.843463	0.836589	0.830423	0.843813	1.7986	1.79861	5.47635	
12.2877	1	181	6.07185	1	72	5.29486	1	68	0	0	0	0.470138	0.468543	0.471377	0.470139	0.467867	0.472277	0.845524	0.83959	0.849097	0.845519	0.839933	0.85222	1.79846	1.79845	5.51156	
14.5326	1	259	6.12825	1	71	5.35284	1	71	0	0	0	0.474918	0.473485	0.476372	0.474937	0.473145	0.476455	0.854592	0.852455	0.85763	0.854627	0.84988	0.85866	1.79945	1.79945	5.5397	
17.894	1	309	6.1856	1	77	5.41606	1	73	0	0	0	0.480159	0.47844	0.481763	0.480155	0.477733	0.48214	0.863581	0.85808	0.868407	0.863581	0.857143	0.871313	1.79853	1.79855	5.57386	
23.0181	1	342	6.2588	1	76	5.48301	1	72	0	0	0	0.484982	0.484197	0.48582	0.485011	0.483355	0.486578	0.873069	0.870298	0.87593	0.873126	0.867693	0.877172	1.80021	1.80022	5.61345	
34.6327	1	392	6.31133	1	80	5.53988	1	80	0	0	0	0.490154	0.488937	0.49187	0.490119	0.48729	0.49209	0.881521	0.876403	0.887317	0.881459	0.87522	0.888283	1.79846	1.79846	5.6405	
116.063	1	1681	6.38759	1	86	5.61747	1	86	0	0	0	0.494908	0.493617	0.496923	0.494917	0.493234	0.496261	0.89069	0.88594	0.894464	0.890709	0.885523	0.894581	1.79971	1.79971	5.68275	
1912.19	1	12930	6.43576	1	95	5.66044	1	95	0	0	0	0.499917	0.499066	0.50084	0.498525	0.49705	0.499913	0.899685	0.89737	0.902986	0.897198	0.892444	0.900794	1.79967	1.79971	5.70818	
