5.29289	2	16	5.29289	2	16	4.47642	2	12	0	0	0	0.00503313	0.00481	0.00530333	0.00503292	0.00481	0.0053	0.00901479	0.00842333	0.00938667	0.00901458	0.00842333	0.00938667	1.79109	1.79113	5.49493	
5.31524	2	16	5.31524	2	16	4.52868	2	12	0	0	0	0.0100071	0.00965667	0.0101967	0.0100069	0.00965667	0.0101967	0.0181071	0.0176567	0.0190767	0.0181073	0.0176567	0.0190767	1.80943	1.80949	5.49286	
5.32625	2	16	5.32625	2	16	4.55312	2	16	0	0	0	0.0149985	0.0147133	0.0155233	0.0149981	0.0147133	0.01552	0.0269394	0.0256067	0.0280867	0.026939	0.0256067	0.0280867	1.79613	1.79616	5.50797	
5.3175	2	16	5.3175	2	16	4.52919	2	16	0	0	0	0.019986	0.01961	0.02052	0.0199856	0.01961	0.0205167	0.0358335	0.03493	0.03684	0.0358323	0.03493	0.0368367	1.79293	1.7929	5.49726	
5.33104	2	19	5.33104	2	19	4.54534	2	16	0	0	0	0.0249837	0.0244333	0.0254267	0.0249837	0.0244333	0.0254233	0.0448033	0.0432067	0.0459867	0.0448042	0.0432067	0.0459833	1.7933	1.79333	5.50424	
5.34892	2	20	5.34892	2	20	4.55001	2	16	0	0	0	0.0300242	0.0295467	0.03048	0.030024	0.0295433	0.0304767	0.0540175	0.05332	0.0554333	0.0540173	0.0533167	0.0554333	1.79913	1.79914	5.50834	
5.3514	2	24	5.35139	2	24	4.55313	2	20	0	0	0	0.0350258	0.03456	0.0356267	0.0350254	0.0345567	0.0356267	0.0631567	0.0616533	0.06481	0.0631562	0.06165	0.0648067	1.80315	1.80315	5.49996	
5.35798	2	21	5.35798	2	21	4.56602	2	17	0	0	0	0.0400277	0.03946	0.04073	0.0400277	0.0394567	0.0407267	0.0721635	0.0709767	0.07374	0.0721633	0.0709833	0.0737367	1.80284	1.80283	5.49965	
5.37459	2	20	5.37459	2	20	4.57218	2	17	0	0	0	0.0450169	0.0439567	0.0456967	0.0450169	0.0439567	0.0456967	0.0811485	0.0793167	0.08211	0.0811494	0.0793167	0.08211	1.80262	1.80264	5.50998	
5.37779	2	20	5.37779	2	20	4.58731	2	16	0	0	0	0.0499998	0.0493	0.0506933	0.05	0.0493	0.05069	0.0900577	0.0887133	0.0915567	0.0900588	0.0887133	0.0915667	1.80116	1.80117	5.507	
5.38522	2	21	5.3852	2	21	4.60251	2	21	0	0	0	0.0550015	0.05412	0.0556867	0.0550013	0.0541167	0.0556833	0.0989573	0.0961867	0.101667	0.0989575	0.0961767	0.101663	1.79918	1.79919	5.51113	
5.39215	2	20	5.39214	2	20	4.60391	2	20	0	0	0	0.0599671	0.0591933	0.0606667	0.0599669	0.0591933	0.0606633	0.107884	0.10628	0.110047	0.107883	0.106283	0.110047	1.79905	1.79905	5.51034	
5.40023	2	20	5.40019	2	20	4.61229	2	19	0	0	0	0.0650215	0.0644433	0.06613	0.0650213	0.06444	0.0661367	0.116787	0.114973	0.119243	0.116787	0.11497	0.119243	1.79613	1.79614	5.51395	
5.41326	2	21	5.41319	2	20	4.63332	2	20	0	0	0	0.0699785	0.0688767	0.0706767	0.0699785	0.0688767	0.0706767	0.125762	0.123223	0.12785	0.125761	0.123223	0.127847	1.79715	1.79714	5.51935	
5.41386	2	21	5.41366	2	21	4.62681	2	20	0	0	0	0.0749754	0.0739667	0.0760933	0.0749754	0.0739633	0.0760933	0.134679	0.132943	0.137253	0.134678	0.132947	0.137253	1.79631	1.79629	5.51472	
5.4284	2	24	5.42833	2	24	4.64435	2	20	0	0	0	0.0799906	0.0789433	0.0806033	0.0799912	0.07894	0.0806067	0.143754	0.1418	0.145303	0.143755	0.141793	0.145303	1.79713	1.79713	5.51853	
5.44752	2	21	5.44737	2	21	4.66898	2	19	0	0	0	0.0850135	0.0841767	0.08594	0.0850131	0.0841767	0.0859433	0.152908	0.15066	0.154753	0.152906	0.15066	0.154753	1.79864	1.79861	5.5276	
5.45487	2	27	5.45458	2	27	4.66899	2	27	0	0	0	0.0900248	0.0892033	0.09142	0.0900258	0.0892067	0.09142	0.16201	0.159603	0.16706	0.16201	0.159607	0.16706	1.79961	1.79959	5.52923	
5.46509	2	24	5.46465	2	24	4.68229	2	24	0	0	0	0.0950098	0.0942767	0.09608	0.09501	0.0942767	0.0960767	0.170997	0.16884	0.173027	0.170998	0.168837	0.17303	1.79979	1.79979	5.52977	
5.475	2	24	5.47467	2	24	4.69214	2	20	0	0	0	0.100001	0.0992933	0.10096	0.100001	0.09929	0.10096	0.180058	0.177937	0.182947	0.180057	0.177937	0.182947	1.80056	1.80055	5.52989	
5.483	2	27	5.48239	2	24	4.69797	2	21	0	0	0	0.105056	0.104367	0.105867	0.105057	0.10436	0.10587	0.189182	0.1872	0.191547	0.189182	0.187197	0.19155	1.80077	1.80076	5.53402	
5.49416	2	26	5.49351	2	22	4.70874	2	20	0	0	0	0.110075	0.108663	0.11093	0.110075	0.108663	0.11093	0.198212	0.19493	0.200707	0.198213	0.19493	0.200707	1.80071	1.80071	5.53509	
5.51181	2	30	5.51083	2	24	4.72597	2	24	0	0	0	0.115057	0.113993	0.11592	0.115057	0.113997	0.115923	0.207168	0.20457	0.210507	0.207166	0.204573	0.21051	1.80056	1.80055	5.5457	
5.52401	2	27	5.52265	2	24	4.74542	2	20	0	0	0	0.120091	0.11929	0.121323	0.120092	0.119293	0.12132	0.216163	0.21313	0.21876	0.216167	0.21314	0.21876	1.8	1.80002	5.54925	
5.53538	2	27	5.53413	2	24	4.75625	2	23	0	0	0	0.125085	0.12432	0.126297	0.125085	0.124333	0.1263	0.22529	0.223193	0.229163	0.22529	0.223187	0.229167	1.80109	1.8011	5.55205	
5.54506	2	31	5.54305	2	27	4.7626	2	27	0	0	0	0.130036	0.12924	0.131267	0.130035	0.12924	0.131267	0.23412	0.231557	0.23707	0.234121	0.23156	0.23708	1.80043	1.80044	5.55312	
5.55789	2	28	5.55559	2	24	4.77823	2	21	0	0	0	0.135046	0.134093	0.136103	0.135047	0.134087	0.136107	0.243109	0.241307	0.245997	0.243108	0.241313	0.246	1.80019	1.80018	5.55755	
5.57224	2	28	5.57023	2	27	4.79596	2	27	0	0	0	0.140089	0.13944	0.141097	0.140086	0.139437	0.1411	0.252135	0.24934	0.25455	0.252128	0.24934	0.254553	1.79982	1.7998	5.56289	
5.58857	2	28	5.58517	2	28	4.80799	2	24	0	0	0	0.145101	0.143857	0.14625	0.1451	0.143857	0.146247	0.261322	0.259377	0.263003	0.261322	0.259377	0.263	1.80097	1.80098	5.56874	
5.59875	2	29	5.59484	2	28	4.82407	2	26	0	0	0	0.150073	0.148857	0.15121	0.150071	0.14886	0.151207	0.270177	0.26602	0.273463	0.270175	0.266027	0.273453	1.80031	1.80031	5.57057	
5.60916	2	30	5.60465	2	25	4.83094	2	25	0	0	0	0.155095	0.153963	0.155983	0.155095	0.153967	0.155983	0.279321	0.275037	0.28224	0.279321	0.275043	0.282243	1.80096	1.80096	5.57014	
5.63321	2	36	5.62846	2	26	4.8593	2	25	0	0	0	0.160132	0.159087	0.161083	0.160131	0.1591	0.161083	0.288289	0.285193	0.291183	0.288289	0.28522	0.291183	1.80032	1.80034	5.58204	
5.64265	2	32	5.637	2	28	4.86318	2	28	0	0	0	0.165183	0.164203	0.166453	0.165184	0.1642	0.166453	0.297368	0.293813	0.300543	0.297369	0.293813	0.300557	1.80023	1.80023	5.58507	
5.65982	2	33	5.65186	2	28	4.8811	2	28	0	0	0	0.170181	0.169017	0.171337	0.170179	0.169013	0.17133	0.306336	0.302677	0.31067	0.306334	0.302683	0.310687	1.80006	1.80007	5.59117	
5.66766	2	34	5.65941	2	30	4.88621	2	30	0	0	0	0.175217	0.174117	0.176273	0.175216	0.174123	0.176273	0.315385	0.312637	0.31849	0.315384	0.312643	0.318507	1.79997	1.79997	5.59205	
5.68765	2	36	5.67716	2	36	4.90823	2	36	0	0	0	0.18028	0.178787	0.181217	0.18028	0.17878	0.181207	0.324327	0.32116	0.326523	0.324325	0.32116	0.326513	1.79901	1.79901	5.59985	
5.70447	2	42	5.69271	2	34	4.92318	2	30	0	0	0	0.18528	0.18345	0.18669	0.18528	0.183453	0.186687	0.333208	0.331463	0.33741	0.333208	0.33148	0.337393	1.7984	1.7984	5.6035	
5.72429	2	36	5.71009	2	30	4.94017	2	30	0	0	0	0.190258	0.18945	0.191683	0.190258	0.18945	0.191683	0.34208	0.339013	0.34423	0.34208	0.339013	0.34423	1.79798	1.79797	5.61108	
5.74164	2	41	5.72491	2	30	4.95589	2	28	0	0	0	0.195212	0.19321	0.1966	0.195211	0.19321	0.196587	0.350996	0.34645	0.353823	0.350995	0.346453	0.353837	1.79803	1.79803	5.61772	
5.75319	2	37	5.73387	2	31	4.96636	2	31	0	0	0	0.200214	0.19899	0.201843	0.200213	0.19898	0.201847	0.360125	0.35611	0.364773	0.360126	0.3561	0.36479	1.7987	1.79871	5.61772	
5.77368	2	40	5.75053	2	30	4.98297	2	30	0	0	0	0.205178	0.203447	0.206533	0.205178	0.203443	0.206537	0.369072	0.365927	0.371617	0.369076	0.36593	0.371613	1.79879	1.79881	5.62296	
5.79654	2	40	5.77057	2	31	5.00947	2	31	0	0	0	0.210146	0.209193	0.210833	0.210145	0.20919	0.210837	0.377912	0.37409	0.37995	0.377911	0.374093	0.37994	1.79833	1.79833	5.63143	
5.81909	2	57	5.78656	2	33	5.02597	2	33	0	0	0	0.215113	0.214033	0.21652	0.215113	0.21403	0.21652	0.386873	0.383873	0.390327	0.38687	0.38387	0.39032	1.79846	1.79845	5.6369	
5.82685	2	42	5.79316	2	35	5.02965	2	35	0	0	0	0.220135	0.218983	0.22155	0.220135	0.218983	0.221543	0.395772	0.393563	0.397797	0.395773	0.393563	0.397783	1.79786	1.79786	5.63521	
5.85618	2	45	5.81656	2	36	5.05217	2	36	0	0	0	0.225164	0.224647	0.225963	0.225165	0.224647	0.225963	0.404797	0.402063	0.407097	0.404801	0.40208	0.407097	1.79779	1.7978	5.6472	
5.87921	2	46	5.83317	2	32	5.07147	2	32	0	0	0	0.230132	0.228587	0.232	0.230132	0.22859	0.232003	0.413767	0.408927	0.41791	0.413769	0.408933	0.417907	1.79796	1.79797	5.65245	
5.90368	2	67	5.85318	2	36	5.08728	2	32	0	0	0	0.23507	0.23383	0.23663	0.235071	0.233833	0.23663	0.422628	0.418507	0.42607	0.422628	0.418523	0.426067	1.79788	1.79787	5.66198	
5.92128	2	53	5.86226	2	32	5.10397	2	32	0	0	0	0.24003	0.238893	0.242187	0.24003	0.238897	0.242183	0.43155	0.427747	0.436627	0.431553	0.427747	0.43661	1.7979	1.79791	5.66179	
5.95242	2	52	5.88512	2	36	5.12424	2	32	0	0	0	0.24505	0.244253	0.246043	0.245049	0.24425	0.24605	0.440688	0.436627	0.444483	0.440686	0.43663	0.44449	1.79836	1.79836	5.67023	
5.98753	2	50	5.90875	2	34	5.14678	2	34	0	0	0	0.249961	0.248477	0.25131	0.249961	0.248473	0.25131	0.449549	0.445797	0.452603	0.449546	0.445793	0.45261	1.79847	1.79846	5.67846	
6.01191	2	53	5.92208	2	34	5.16225	2	34	0	0	0	0.254964	0.25383	0.256647	0.254962	0.253833	0.25664	0.458597	0.45551	0.46243	0.458592	0.455507	0.462447	1.79868	1.79867	5.68273	
6.04039	2	57	5.94017	2	34	5.17352	2	34	0	0	0	0.259973	0.2587	0.261123	0.259974	0.258707	0.261123	0.467604	0.46453	0.470857	0.467605	0.464527	0.470853	1.79867	1.79866	5.68912	
6.07908	2	67	5.95937	2	41	5.19984	2	41	0	0	0	0.265002	0.26314	0.266663	0.265004	0.263137	0.266663	0.476581	0.4737	0.478723	0.476583	0.473697	0.47873	1.79841	1.7984	5.69527	
6.1187	2	72	5.97952	2	38	5.21964	2	38	0	0	0	0.270024	0.26872	0.271523	0.270022	0.26872	0.27152	0.485605	0.481313	0.491187	0.485601	0.481307	0.491167	1.79838	1.79837	5.69879	
6.15682	2	70	6.00427	2	39	5.24435	2	37	0	0	0	0.275017	0.274063	0.276677	0.275018	0.274063	0.276677	0.494525	0.490707	0.49701	0.494524	0.49069	0.49701	1.79816	1.79815	5.71192	
6.18031	2	73	6.01066	2	39	5.24748	2	39	0	0	0	0.280041	0.278987	0.28115	0.28004	0.278987	0.281143	0.503516	0.49919	0.50723	0.503517	0.49921	0.507237	1.79801	1.79802	5.70924	
6.23469	2	65	6.04002	2	38	5.28083	2	36	0	0	0	0.285015	0.28285	0.286227	0.285017	0.28285	0.28625	0.512439	0.509477	0.517123	0.512443	0.509477	0.517113	1.79794	1.79793	5.7208	
6.28476	2	85	6.06048	2	42	5.30199	2	38	0	0	0	0.290035	0.288213	0.29115	0.290034	0.288207	0.291147	0.521427	0.518177	0.52464	0.521426	0.51819	0.524653	1.79781	1.79781	5.72816	
6.32998	2	82	6.07609	2	44	5.31993	2	44	0	0	0	0.295025	0.293633	0.29691	0.295025	0.293627	0.296923	0.530447	0.52501	0.53639	0.530447	0.52501	0.53639	1.79797	1.79797	5.72957	
6.38717	2	82	6.09649	2	47	5.33789	2	43	0	0	0	0.300039	0.298963	0.301397	0.300033	0.29896	0.301397	0.539366	0.534617	0.545557	0.539356	0.534593	0.545543	1.79766	1.79766	5.73857	
6.46958	2	86	6.11877	2	36	5.36061	2	36	0	0	0	0.305054	0.30396	0.306623	0.305053	0.30395	0.306623	0.548402	0.545333	0.551867	0.548398	0.54534	0.551843	1.79772	1.79772	5.74471	
6.51411	2	98	6.13654	2	46	5.37917	2	46	0	0	0	0.310057	0.30876	0.311037	0.310059	0.308753	0.311037	0.557393	0.555433	0.56053	0.557397	0.555437	0.56053	1.79771	1.79771	5.74785	
6.57915	2	81	6.15798	2	40	5.39449	2	40	0	0	0	0.315018	0.3131	0.315813	0.315019	0.313097	0.315807	0.56651	0.56362	0.569487	0.56651	0.56363	0.56948	1.79834	1.79833	5.75687	
6.67486	2	101	6.18211	2	39	5.41965	2	39	0	0	0	0.319978	0.318667	0.321327	0.319977	0.31868	0.321327	0.575376	0.57096	0.578647	0.575373	0.57101	0.578637	1.79817	1.79817	5.7624	
6.76726	2	136	6.19957	2	48	5.44231	2	48	0	0	0	0.324963	0.323333	0.32657	0.324961	0.323343	0.326567	0.584288	0.579693	0.590617	0.584286	0.579703	0.590623	1.79801	1.79802	5.76781	
6.86961	2	101	6.2295	2	50	5.4725	2	50	0	0	0	0.329995	0.328477	0.331403	0.329996	0.32848	0.331403	0.593321	0.589803	0.597323	0.593325	0.589813	0.597317	1.79797	1.79798	5.77593	
6.97499	2	108	6.24425	2	43	5.48382	2	43	0	0	0	0.33498	0.33369	0.336843	0.334979	0.333683	0.336833	0.602199	0.596837	0.608647	0.602193	0.59684	0.60862	1.79772	1.7977	5.78062	
7.11349	2	164	6.26923	2	47	5.50806	2	43	0	0	0	0.339972	0.3384	0.341493	0.339975	0.3384	0.341497	0.611186	0.606573	0.61572	0.611186	0.606577	0.615723	1.79775	1.79773	5.78631	
7.33581	2	183	6.2898	2	44	5.53153	2	44	0	0	0	0.344972	0.34323	0.347067	0.344965	0.343223	0.34706	0.620326	0.61706	0.624693	0.620315	0.617047	0.62469	1.79819	1.7982	5.78939	
7.57714	2	185	6.31744	2	47	5.55968	2	47	0	0	0	0.350013	0.348187	0.352047	0.350013	0.348173	0.352073	0.629309	0.624293	0.634783	0.629306	0.62428	0.634767	1.79796	1.79795	5.79492	
7.79485	2	167	6.33426	2	57	5.56918	2	53	0	0	0	0.354954	0.353333	0.35686	0.354957	0.353353	0.35685	0.638292	0.63419	0.642183	0.638297	0.634193	0.642203	1.79824	1.79824	5.79922	
7.86689	2	192	6.35272	2	48	5.59133	2	48	0	0	0	0.35996	0.35773	0.361793	0.359965	0.357733	0.361803	0.647306	0.642303	0.65166	0.647316	0.642343	0.651667	1.79827	1.79827	5.80366	
8.28611	2	227	6.37628	2	46	5.61293	2	46	0	0	0	0.364936	0.363277	0.366163	0.364939	0.363287	0.366167	0.656224	0.650983	0.659817	0.656231	0.651007	0.659813	1.79819	1.79819	5.80871	
8.70605	2	260	6.40355	2	46	5.64359	2	46	0	0	0	0.369957	0.368493	0.371237	0.369967	0.368497	0.371343	0.665191	0.659613	0.66898	0.665207	0.659617	0.66897	1.79802	1.79802	5.81998	
9.20724	2	278	6.4248	2	48	5.65928	2	44	0	0	0	0.374921	0.373173	0.376247	0.37492	0.37317	0.376243	0.674083	0.66984	0.677047	0.674076	0.669837	0.677043	1.79793	1.79792	5.82441	
9.74463	2	234	6.44559	2	50	5.68514	2	46	0	0	0	0.379932	0.37863	0.381637	0.379932	0.37863	0.38164	0.683162	0.678603	0.68721	0.683169	0.678603	0.687307	1.79812	1.79813	5.82647	
11.1588	2	387	6.47652	2	52	5.71262	2	48	0	0	0	0.384904	0.383696	0.386576	0.384912	0.383694	0.3866	0.692365	0.689042	0.694978	0.692377	0.689036	0.694976	1.7988	1.7988	5.83441	
12.3353	2	440	6.4974	2	49	5.73367	2	49	0	0	0	0.389867	0.38901	0.39064	0.389867	0.389	0.390636	0.701372	0.697906	0.705206	0.701372	0.697896	0.705204	1.79901	1.799	5.839	
13.8504	2	453	6.52395	2	58	5.76263	2	54	0	0	0	0.395009	0.393167	0.397207	0.395025	0.39317	0.397203	0.710141	0.7045	0.715577	0.710166	0.704503	0.715557	1.79778	1.79778	5.84725	
17.9965	2	559	6.54365	2	53	5.77764	2	50	0	0	0	0.400024	0.398363	0.402627	0.400037	0.398393	0.40265	0.719033	0.715263	0.72273	0.71905	0.71527	0.72276	1.79747	1.79746	5.84937	
28.8643	2	1154	6.56526	2	55	5.7998	2	53	0	0	0	0.404939	0.40378	0.406692	0.404945	0.40379	0.406698	0.728537	0.725644	0.732576	0.728549	0.725648	0.732598	1.79913	1.79913	5.85245	
91.282	2	2571	6.58881	2	53	5.82056	2	53	0	0	0	0.409842	0.408539	0.411421	0.409832	0.40854	0.411441	0.737711	0.734741	0.741621	0.73769	0.7343	0.741664	1.79999	1.79998	5.85659	
1473.57	2	18462	6.60496	2	54	5.83233	2	54	0	0	0	0.414847	0.41365	0.415773	0.414095	0.40796	0.41577	0.746734	0.743441	0.750024	0.745397	0.734841	0.750027	1.80002	1.80006	5.85923	
