10.2085	1	68	10.2085	1	68	9.42252	1	64	0	0	0	0.00499391	0.00471	0.00536	0.00499401	0.00472	0.00525667	0.00895208	0.00824333	0.00963	0.00895234	0.0082	0.00975	1.7926	1.79262	10.3924	
10.3423	1	74	10.3423	1	74	9.56002	1	70	0	0	0	0.0100062	0.00962333	0.01048	0.010006	0.00948667	0.01056	0.0180378	0.0172933	0.0192367	0.0180375	0.0170367	0.0191467	1.80265	1.80266	10.489	
10.424	1	73	10.424	1	73	9.64482	1	69	0	0	0	0.0150311	0.0145233	0.0156967	0.0150311	0.0145267	0.01568	0.02704	0.0259333	0.0284833	0.0270401	0.0250067	0.0284067	1.79893	1.79894	10.5482	
10.5289	1	79	10.5289	1	79	9.75522	1	75	0	0	0	0.020063	0.0194867	0.0205667	0.0200626	0.0194967	0.02069	0.0360579	0.0347767	0.0372567	0.0360571	0.0341733	0.03749	1.79723	1.79723	10.627	
10.7167	1	89	10.7165	1	89	9.9513	1	85	0	0	0	0.0250671	0.02449	0.0257333	0.0250666	0.02441	0.0256833	0.0451318	0.0439833	0.0464533	0.0451314	0.0437133	0.04693	1.80044	1.80046	10.7804	
10.8494	1	88	10.849	1	88	10.0794	1	84	0	0	0	0.0300682	0.02949	0.0307167	0.030068	0.02933	0.03087	0.0541228	0.0526633	0.0563	0.0541222	0.0527333	0.0562	1.8	1.79999	10.8842	
10.9781	1	79	10.9777	1	79	10.2363	1	75	0	0	0	0.0350706	0.0342367	0.0362133	0.0350702	0.0343567	0.0359033	0.0631154	0.0612733	0.06533	0.0631151	0.0615533	0.0650433	1.79966	1.79968	10.9781	
11.1294	1	111	11.1287	1	111	10.386	1	107	0	0	0	0.0400941	0.0389867	0.0411167	0.0400932	0.03927	0.0408633	0.072177	0.0700667	0.0745967	0.0721755	0.06992	0.07402	1.80019	1.80019	11.0949	
11.3152	1	115	11.3143	1	115	10.576	1	111	0	0	0	0.0450691	0.04441	0.0457233	0.0450681	0.0441833	0.04575	0.0810798	0.07946	0.0826367	0.0810779	0.07895	0.0832133	1.79901	1.79901	11.2438	
11.4866	1	116	11.4853	1	116	10.7648	1	112	0	0	0	0.050078	0.04917	0.05091	0.0500776	0.0486633	0.05081	0.090079	0.0880267	0.09225	0.0900778	0.0870567	0.0921167	1.79877	1.79877	11.3747	
11.6821	1	92	11.6802	1	92	10.9674	1	88	0	0	0	0.055088	0.0541533	0.0558567	0.0550872	0.0537333	0.05589	0.0990448	0.0965533	0.101737	0.099043	0.0961133	0.101463	1.79794	1.79793	11.5293	
11.873	1	116	11.8704	1	116	11.1896	1	112	0	0	0	0.0600776	0.0585933	0.0612533	0.060077	0.0591967	0.0612833	0.108018	0.105313	0.110653	0.108016	0.105383	0.110747	1.79797	1.79795	11.6719	
12.1124	1	119	12.1085	1	119	11.4318	1	115	0	0	0	0.0651088	0.0641933	0.06608	0.0651083	0.0640233	0.0660333	0.117103	0.115033	0.120723	0.117102	0.114183	0.11934	1.79857	1.79858	11.8606	
12.3495	1	126	12.3446	1	126	11.6808	1	122	0	0	0	0.0700993	0.0692433	0.0712167	0.0700986	0.0689533	0.0710767	0.126046	0.123663	0.128517	0.126046	0.122857	0.128473	1.79811	1.79812	12.0429	
12.5979	1	130	12.5913	1	130	11.9222	1	126	0	0	0	0.0750704	0.0737167	0.0760867	0.0750695	0.0739467	0.0761567	0.134952	0.131797	0.13759	0.134951	0.132507	0.137423	1.79767	1.79768	12.2355	
12.8702	1	169	12.8616	1	169	12.2009	1	165	0	0	0	0.0800622	0.0788433	0.08149	0.0800622	0.0789	0.0812467	0.143966	0.141463	0.14713	0.143966	0.14107	0.14639	1.79817	1.79817	12.4389	
13.197	1	122	13.1855	1	122	12.5442	1	118	0	0	0	0.0850492	0.0838967	0.0865433	0.0850493	0.08407	0.0862667	0.152894	0.149913	0.155517	0.152893	0.15027	0.15556	1.79771	1.7977	12.6941	
13.5517	1	124	13.5361	1	124	12.8971	1	120	0	0	0	0.0900403	0.0881367	0.0912167	0.0900408	0.08881	0.0909467	0.161919	0.158543	0.16451	0.161921	0.159423	0.16422	1.7983	1.7983	12.9609	
13.9427	1	145	13.9212	1	145	13.2985	1	141	0	0	0	0.0950421	0.09396	0.0965867	0.0950412	0.0939033	0.0961333	0.170904	0.16843	0.17513	0.170902	0.16795	0.1736	1.79819	1.79818	13.256	
14.3881	1	130	14.3584	1	130	13.7566	1	126	0	0	0	0.100014	0.0985767	0.101243	0.100013	0.09866	0.101087	0.179775	0.176603	0.18299	0.179775	0.176197	0.182267	1.7975	1.79751	13.5881	
14.8812	1	140	14.8406	1	140	14.2519	1	136	0	0	0	0.105002	0.103807	0.106227	0.105003	0.103653	0.106167	0.188774	0.18556	0.191903	0.188776	0.18531	0.19162	1.79782	1.79782	13.9492	
15.4429	1	144	15.3863	1	144	14.8054	1	144	0	0	0	0.110025	0.108787	0.111333	0.110024	0.10883	0.11117	0.197877	0.1946	0.20158	0.197876	0.194947	0.20057	1.79847	1.79848	14.351	
16.0929	1	153	16.0134	1	152	15.4423	1	148	0	0	0	0.115005	0.113727	0.116963	0.115006	0.113677	0.11597	0.206856	0.20342	0.21087	0.206858	0.202993	0.209073	1.79868	1.79868	14.8072	
16.8547	1	150	16.738	1	150	16.1786	1	146	0	0	0	0.119998	0.118613	0.121213	0.119998	0.118877	0.12115	0.215819	0.211733	0.21892	0.21582	0.212513	0.21891	1.79853	1.79853	15.3157	
17.7485	1	178	17.576	1	178	17.0248	1	174	0	0	0	0.124993	0.12335	0.12636	0.124993	0.123483	0.126263	0.224817	0.22087	0.228107	0.224816	0.221333	0.22761	1.79863	1.79864	15.8835	
18.8737	1	188	18.605	1	188	18.0543	1	184	0	0	0	0.129989	0.128747	0.13121	0.129989	0.128237	0.13155	0.233857	0.230573	0.237133	0.233857	0.229763	0.237017	1.79906	1.79906	16.5345	
20.3229	1	173	19.8747	1	173	19.3351	1	173	0	0	0	0.134996	0.133797	0.136793	0.134998	0.133077	0.13612	0.242939	0.23918	0.246713	0.242942	0.23838	0.2459	1.7996	1.7996	17.2862	
22.1197	1	207	21.3586	1	207	20.8144	1	203	0	0	0	0.139994	0.1387	0.142043	0.139994	0.138533	0.14126	0.251935	0.248517	0.255967	0.251935	0.247243	0.25538	1.79962	1.79962	18.0546	
24.8237	1	242	23.3487	1	242	22.8083	1	238	0	0	0	0.14498	0.1435	0.146687	0.14498	0.143243	0.146243	0.260957	0.257767	0.264273	0.260957	0.255363	0.26391	1.79996	1.79995	18.9289	
29.3574	1	317	26.0468	1	246	25.4679	1	246	0	0	0	0.149981	0.14896	0.151417	0.149979	0.148487	0.15165	0.270074	0.265633	0.274083	0.270072	0.265407	0.274017	1.80072	1.80073	19.8082	
45.622	1	648	31.0777	1	469	30.483	1	469	0	0	0	0.154962	0.153983	0.15644	0.154967	0.153313	0.15687	0.279055	0.27535	0.282653	0.279068	0.273087	0.28264	1.80079	1.80082	20.8721	
14880.2	1	118302	38.3675	1	487	37.2037	1	533	0	0	0	0.159958	0.159026	0.160974	0.156492	0.155446	0.157761	0.287983	0.285641	0.290751	0.281743	0.277983	0.285813	1.80037	1.80037	21.8533	
