6.46328	1	23	6.46027	1	23	5.65125	1	21	0	0	0	0.00499391	0.00471	0.00536	0.00499401	0	0.01008	0.00895208	0.00824333	0.00963	0.00895229	0	0.0181833	1.7926	1.79261	6.65491	
6.5416	1	28	6.53552	1	23	5.7273	1	21	0	0	0	0.0100062	0.00962333	0.01048	0.0100062	0	0.0203367	0.0180378	0.0172933	0.0192367	0.0180377	0	0.0368	1.80265	1.80265	6.70744	
6.61574	1	31	6.60658	1	25	5.81086	1	22	0	0	0	0.0150311	0.0145233	0.0156967	0.0150311	0	0.03034	0.02704	0.0259333	0.0284833	0.0270398	0	0.0552867	1.79893	1.79893	6.76939	
6.70809	1	32	6.69432	1	26	5.89917	1	23	0	0	0	0.020063	0.0194867	0.0205667	0.0200631	0	0.0400267	0.0360579	0.0347767	0.0372567	0.0360581	0	0.0722333	1.79723	1.79723	6.84707	
6.78759	1	36	6.7691	1	26	5.97308	1	24	0	0	0	0.0250671	0.02449	0.0257333	0.0250669	0	0.0505633	0.0451318	0.0439833	0.0464533	0.0451319	0	0.09103	1.80044	1.80046	6.90622	
6.86376	1	42	6.83993	1	29	6.04159	1	25	0	0	0	0.0300682	0.02949	0.0307167	0.030068	0	0.0610233	0.0541228	0.0526633	0.0563	0.0541221	0	0.111143	1.8	1.79999	6.96577	
6.93446	1	45	6.90523	1	27	6.11578	1	27	0	0	0	0.0350706	0.0342367	0.0362133	0.0350701	0	0.0704833	0.0631154	0.0612733	0.06533	0.0631147	0	0.127377	1.79966	1.79968	7.01843	
7.00798	1	51	6.97285	1	28	6.17652	1	24	0	0	0	0.0400941	0.0389867	0.0411167	0.0400937	0	0.0809233	0.072177	0.0700667	0.0745967	0.0721768	0	0.146197	1.80019	1.8002	7.0754	
7.08473	1	68	7.03976	1	29	6.24702	1	25	0	0	0	0.0450691	0.04441	0.0457233	0.0450685	0	0.0909133	0.0810798	0.07946	0.0826367	0.0810787	0	0.1633	1.79901	1.79901	7.13064	
7.14643	1	64	7.09532	1	27	6.30172	1	27	0	0	0	0.050078	0.04917	0.05091	0.0500776	0	0.101067	0.090079	0.0880267	0.09225	0.0900782	0	0.18272	1.79877	1.79877	7.17766	
7.2384	1	74	7.17471	1	28	6.38178	1	28	0	0	0	0.055088	0.0541533	0.0558567	0.0550874	0	0.110913	0.0990448	0.0965533	0.101737	0.0990433	0	0.199597	1.79794	1.79793	7.24515	
7.30938	1	82	7.23117	1	31	6.44288	1	28	0	0	0	0.0600776	0.0585933	0.0612533	0.0600774	0	0.120827	0.108018	0.105313	0.110653	0.108018	0	0.217277	1.79797	1.79798	7.28711	
7.3899	1	91	7.30045	1	31	6.50576	1	29	0	0	0	0.0651088	0.0641933	0.06608	0.0651085	0	0.131433	0.117103	0.115033	0.120723	0.117102	0	0.236313	1.79857	1.79857	7.34489	
7.46828	1	105	7.35813	1	35	6.56798	1	31	0	0	0	0.0700993	0.0692433	0.0712167	0.0700992	0	0.140503	0.126046	0.123663	0.128517	0.126046	0	0.254543	1.79811	1.79811	7.39195	
7.53394	1	125	7.40339	1	31	6.6186	1	31	0	0	0	0.0750704	0.0737167	0.0760867	0.0750702	0	0.151123	0.134952	0.131797	0.13759	0.134952	0	0.272207	1.79767	1.79767	7.42448	
7.62649	1	119	7.4663	1	31	6.68758	1	30	0	0	0	0.0800622	0.0788433	0.08149	0.0800628	0	0.160693	0.143966	0.141463	0.14713	0.143967	0	0.289177	1.79817	1.79818	7.47438	
7.72212	1	182	7.52256	1	32	6.74173	1	28	0	0	0	0.0850492	0.0838967	0.0865433	0.0850495	0	0.171813	0.152894	0.149913	0.155517	0.152894	0	0.308933	1.79771	1.7977	7.52024	
7.8415	1	173	7.57327	1	36	6.79782	1	36	0	0	0	0.0900403	0.0881367	0.0912167	0.0900404	0	0.18094	0.161919	0.158543	0.16451	0.161921	0	0.325973	1.7983	1.79831	7.55519	
7.9613	1	258	7.62747	1	35	6.85613	1	31	0	0	0	0.0950421	0.09396	0.0965867	0.0950419	0	0.19177	0.170904	0.16843	0.17513	0.170904	0	0.344677	1.79819	1.79819	7.59619	
8.11945	1	272	7.67967	1	34	6.89987	1	33	0	0	0	0.100014	0.0985767	0.101243	0.100014	0	0.201133	0.179775	0.176603	0.18299	0.179777	0	0.363143	1.7975	1.79751	7.63354	
8.4324	1	309	7.74045	1	36	6.96325	1	32	0	0	0	0.105002	0.103807	0.106227	0.105002	0	0.211413	0.188774	0.18556	0.191903	0.188774	0	0.380627	1.79782	1.79782	7.67533	
8.99875	1	561	7.79527	1	53	7.02703	1	53	0	0	0	0.110025	0.108787	0.111333	0.110025	0	0.221043	0.197877	0.1946	0.20158	0.197877	0	0.399587	1.79847	1.79847	7.71212	
24.6105	1	3741	8.04426	1	89	7.27482	1	85	0	0	0	0.115007	0.114064	0.115776	0.115008	0	0.230341	0.20704	0.204409	0.208936	0.207043	0	0.415297	1.80024	1.80024	7.75033	
983.146	1	94626	8.16936	1	88	7.40937	1	88	0	0	0	0.119992	0.119394	0.120696	0.119833	0	0.240624	0.21597	0.213527	0.218351	0.215686	0	0.432564	1.79987	1.79988	7.77771	
