8.07724	1	31	8.06906	1	31	7.27869	1	27	0	0	0	0.00499391	0.00471	0.00536	0.00499401	0.00472	0.00525667	0.00895208	0.00824333	0.00963	0.0089525	0.0082	0.00975	1.7926	1.79265	8.26778	
8.09731	1	33	8.08009	1	30	7.28396	1	26	0	0	0	0.0100062	0.00962333	0.01048	0.0100061	0.00948667	0.01056	0.0180378	0.0172933	0.0192367	0.0180377	0.0170367	0.0191467	1.80265	1.80267	8.26005	
8.14086	1	32	8.11589	1	30	7.31644	1	27	0	0	0	0.0150311	0.0145233	0.0156967	0.015031	0.0145267	0.0156867	0.02704	0.0259333	0.0284833	0.0270399	0.0250067	0.0284067	1.79893	1.79895	8.29169	
8.16828	1	33	8.13256	1	33	7.34202	1	29	0	0	0	0.020063	0.0194867	0.0205667	0.020063	0.0194967	0.0206867	0.0360579	0.0347767	0.0372567	0.036058	0.03417	0.0374867	1.79723	1.79724	8.30189	
8.2207	1	34	8.17253	1	31	7.3777	1	30	0	0	0	0.0250671	0.02449	0.0257333	0.0250667	0.02441	0.0256833	0.0451318	0.0439833	0.0464533	0.0451312	0.0437133	0.04693	1.80044	1.80045	8.32936	
8.25282	1	37	8.19466	1	32	7.4028	1	28	0	0	0	0.0300682	0.02949	0.0307167	0.0300683	0.02933	0.03087	0.0541228	0.0526633	0.0563	0.0541228	0.0527333	0.0562	1.8	1.79999	8.34286	
8.2949	1	35	8.22379	1	32	7.43374	1	29	0	0	0	0.0350706	0.0342367	0.0362133	0.0350702	0.0343567	0.0359067	0.0631154	0.0612733	0.06533	0.0631146	0.0615533	0.0650267	1.79966	1.79967	8.36248	
8.32019	1	38	8.23714	1	35	7.44293	1	31	0	0	0	0.0400941	0.0389867	0.0411167	0.0400934	0.03927	0.0408633	0.072177	0.0700667	0.0745967	0.0721759	0.06992	0.0740167	1.80019	1.80019	8.36621	
8.38032	1	43	8.28037	1	43	7.49147	1	39	0	0	0	0.0450691	0.04441	0.0457233	0.0450685	0.0441833	0.0457467	0.0810798	0.07946	0.0826367	0.0810788	0.0789533	0.0832133	1.79901	1.79901	8.39863	
8.40796	1	41	8.2933	1	33	7.50019	1	31	0	0	0	0.050078	0.04917	0.05091	0.0500773	0.04866	0.05081	0.090079	0.0880267	0.09225	0.0900783	0.08706	0.0921167	1.79877	1.79879	8.40222	
8.44191	1	47	8.3119	1	39	7.52268	1	35	0	0	0	0.055088	0.0541533	0.0558567	0.0550872	0.05373	0.05589	0.0990448	0.0965533	0.101737	0.099043	0.0961133	0.101463	1.79794	1.79793	8.41064	
8.49578	1	47	8.34761	1	33	7.56222	1	32	0	0	0	0.0600776	0.0585933	0.0612533	0.0600774	0.0591967	0.0612833	0.108018	0.105313	0.110653	0.108016	0.10539	0.110747	1.79797	1.79796	8.43431	
8.55217	1	46	8.38419	1	37	7.59767	1	33	0	0	0	0.0651088	0.0641933	0.06608	0.0651081	0.0640233	0.0660367	0.117103	0.115033	0.120723	0.117101	0.114177	0.119343	1.79857	1.79857	8.45896	
8.59676	1	49	8.40911	1	35	7.62967	1	33	0	0	0	0.0700993	0.0692433	0.0712167	0.0700989	0.0689567	0.0710833	0.126046	0.123663	0.128517	0.126046	0.122853	0.128473	1.79811	1.79812	8.47304	
8.64266	1	47	8.43179	1	39	7.64762	1	38	0	0	0	0.0750704	0.0737167	0.0760867	0.0750698	0.0739467	0.0761533	0.134952	0.131797	0.13759	0.134951	0.132503	0.13742	1.79767	1.79767	8.4835	
8.69839	1	53	8.46205	1	38	7.67965	1	36	0	0	0	0.0800622	0.0788433	0.08149	0.0800623	0.0789	0.0812467	0.143966	0.141463	0.14713	0.143966	0.141067	0.146373	1.79817	1.79818	8.49947	
8.76008	1	53	8.49775	1	48	7.7154	1	44	0	0	0	0.0850492	0.0838967	0.0865433	0.0850495	0.08407	0.0862667	0.152894	0.149913	0.155517	0.152893	0.15027	0.15556	1.79771	1.7977	8.52235	
8.82578	1	63	8.53234	1	48	7.75307	1	44	0	0	0	0.0900403	0.0881367	0.0912167	0.0900409	0.0888133	0.0909533	0.161919	0.158543	0.16451	0.161921	0.159427	0.164227	1.7983	1.7983	8.54225	
8.89071	1	74	8.56532	1	55	7.78345	1	51	0	0	0	0.0950421	0.09396	0.0965867	0.0950417	0.0939067	0.09613	0.170904	0.16843	0.17513	0.170902	0.167963	0.173587	1.79819	1.79818	8.56074	
8.95049	1	57	8.5921	1	50	7.81172	1	46	0	0	0	0.100014	0.0985767	0.101243	0.100013	0.09866	0.10109	0.179775	0.176603	0.18299	0.179775	0.1762	0.18227	1.7975	1.79751	8.57436	
9.0261	1	65	8.62859	1	41	7.85001	1	37	0	0	0	0.105002	0.103807	0.106227	0.105002	0.103653	0.10617	0.188774	0.18556	0.191903	0.188774	0.18531	0.191623	1.79782	1.79781	8.59356	
9.1039	1	68	8.66515	1	49	7.88864	1	45	0	0	0	0.110025	0.108787	0.111333	0.110024	0.10883	0.11117	0.197877	0.1946	0.20158	0.197877	0.194933	0.20057	1.79847	1.79848	8.61408	
9.18421	1	74	8.69271	1	48	7.91717	1	44	0	0	0	0.115005	0.113727	0.116963	0.115005	0.11368	0.115967	0.206856	0.20342	0.21087	0.206858	0.202973	0.209093	1.79868	1.79868	8.62486	
9.27423	1	71	8.73375	1	51	7.96708	1	48	0	0	0	0.119998	0.118613	0.121213	0.119998	0.118887	0.121143	0.215819	0.211733	0.21892	0.21582	0.21252	0.21891	1.79853	1.79853	8.64756	
9.36869	1	72	8.77421	1	53	8.0018	1	53	0	0	0	0.124993	0.12335	0.12636	0.124993	0.123477	0.126263	0.224817	0.22087	0.228107	0.224818	0.22133	0.227603	1.79863	1.79864	8.66704	
9.45784	1	74	8.80473	1	57	8.03032	1	53	0	0	0	0.129989	0.128747	0.13121	0.129989	0.12824	0.131543	0.233857	0.230573	0.237133	0.233859	0.229753	0.237003	1.79906	1.79906	8.67918	
9.57209	1	76	8.84659	1	51	8.07258	1	47	0	0	0	0.134996	0.133797	0.136793	0.134996	0.133077	0.136117	0.242939	0.23918	0.246713	0.242939	0.238383	0.245903	1.7996	1.7996	8.70096	
9.69092	1	112	8.8881	1	61	8.11638	1	61	0	0	0	0.139994	0.1387	0.142043	0.139993	0.138543	0.141253	0.251935	0.248517	0.255967	0.251932	0.247247	0.255373	1.79962	1.79961	8.72132	
9.79741	1	95	8.92074	1	55	8.15084	1	51	0	0	0	0.14498	0.1435	0.146687	0.14498	0.143243	0.146247	0.260957	0.257767	0.264273	0.260958	0.25536	0.263913	1.79996	1.79996	8.73137	
9.95682	1	96	8.97259	1	57	8.20171	1	57	0	0	0	0.149981	0.14896	0.151417	0.149982	0.148487	0.151647	0.270074	0.265633	0.274083	0.270075	0.26543	0.274013	1.80072	1.80072	8.75935	
10.1051	1	103	9.01534	1	57	8.24472	1	57	0	0	0	0.154962	0.153983	0.15644	0.154962	0.153313	0.156857	0.279055	0.27535	0.282653	0.279057	0.273073	0.282587	1.80079	1.80081	8.77585	
10.2542	1	103	9.05915	1	56	8.28761	1	52	0	0	0	0.159973	0.15789	0.16147	0.159974	0.158297	0.16168	0.288068	0.28388	0.291447	0.288069	0.283053	0.29222	1.80072	1.80072	8.79446	
10.4404	1	110	9.10508	1	61	8.33846	1	57	0	0	0	0.164998	0.16387	0.166513	0.164997	0.16328	0.166853	0.297156	0.29383	0.300683	0.297156	0.29212	0.301627	1.80097	1.80098	8.8148	
10.6324	1	110	9.14835	1	80	8.38448	1	76	0	0	0	0.170008	0.168587	0.171523	0.170009	0.168223	0.171433	0.306168	0.30249	0.30979	0.306171	0.302473	0.31005	1.80091	1.80091	8.83045	
10.8488	1	115	9.18878	1	58	8.42049	1	57	0	0	0	0.175015	0.17378	0.176443	0.175015	0.173323	0.176367	0.315161	0.309647	0.319467	0.315162	0.31084	0.31918	1.80077	1.80077	8.84464	
11.1096	1	151	9.24397	1	68	8.48103	1	68	0	0	0	0.180034	0.178163	0.18141	0.180034	0.178437	0.181497	0.324183	0.32065	0.327567	0.32418	0.319557	0.32936	1.80068	1.80066	8.86516	
11.3773	1	136	9.29583	1	65	8.53168	1	65	0	0	0	0.185041	0.1837	0.186537	0.185043	0.183293	0.186803	0.333238	0.329753	0.336673	0.333242	0.328637	0.337843	1.80089	1.80089	8.88646	
11.6946	1	142	9.35349	1	66	8.59431	1	62	0	0	0	0.190052	0.188987	0.191353	0.190054	0.18848	0.191867	0.342298	0.3384	0.345987	0.342304	0.337747	0.347333	1.80108	1.80109	8.90654	
12.0672	1	191	9.40708	1	69	8.64264	1	69	0	0	0	0.195077	0.19343	0.196657	0.195077	0.193623	0.196793	0.351373	0.34831	0.3549	0.351371	0.347203	0.357193	1.8012	1.8012	8.92537	
12.507	1	183	9.46559	1	70	8.71076	1	66	0	0	0	0.200077	0.198647	0.202083	0.200078	0.19828	0.201897	0.360248	0.356233	0.365297	0.360252	0.35572	0.36631	1.80055	1.80056	8.94635	
12.9419	1	202	9.52254	1	80	8.76684	1	80	0	0	0	0.20508	0.20363	0.206777	0.205077	0.203197	0.206917	0.369223	0.36587	0.372783	0.369217	0.364597	0.375797	1.80038	1.80038	8.96375	
13.588	1	191	9.58931	1	70	8.83448	1	70	0	0	0	0.210069	0.208173	0.2115	0.210069	0.208303	0.212227	0.378256	0.37335	0.38255	0.378254	0.374107	0.385627	1.80062	1.80062	8.98458	
14.2716	1	212	9.65983	1	70	8.90944	1	66	0	0	0	0.215034	0.213277	0.21678	0.215032	0.21356	0.217107	0.387101	0.38325	0.39125	0.387099	0.383523	0.393807	1.80019	1.80019	9.00845	
15.1348	1	201	9.727	1	73	8.97668	1	69	0	0	0	0.220028	0.217783	0.221743	0.220029	0.218383	0.222217	0.396088	0.390813	0.39951	0.396093	0.3924	0.403817	1.80017	1.80018	9.02733	
16.1132	1	201	9.79462	1	71	9.04213	1	71	0	0	0	0.225021	0.222313	0.226663	0.225019	0.22326	0.227227	0.405055	0.399957	0.409987	0.405051	0.400123	0.412573	1.80008	1.80007	9.04578	
17.48	1	247	9.87796	1	74	9.12858	1	74	0	0	0	0.230021	0.227957	0.231717	0.230019	0.228333	0.232453	0.413976	0.409087	0.41777	0.413975	0.409777	0.422193	1.79973	1.79974	9.06798	
19.2274	1	289	9.95313	1	78	9.20653	1	74	0	0	0	0.235028	0.23363	0.236853	0.235022	0.233233	0.236967	0.423043	0.4198	0.42848	0.423034	0.41748	0.429893	1.79997	1.79998	9.08633	
21.9121	1	434	10.0406	1	97	9.29514	1	97	0	0	0	0.240019	0.238327	0.24225	0.240026	0.238473	0.242497	0.432012	0.427083	0.436387	0.432026	0.426963	0.43955	1.79991	1.79991	9.10985	
26.2416	1	518	10.1369	1	82	9.39148	1	82	0	0	0	0.245024	0.24343	0.246467	0.245027	0.243123	0.24768	0.441096	0.435677	0.446587	0.4411	0.436377	0.450847	1.80021	1.80021	9.13175	
35.6752	1	1022	10.2328	1	90	9.48714	1	86	0	0	0	0.249992	0.248638	0.251942	0.249999	0.248166	0.251992	0.450104	0.446742	0.453188	0.450116	0.446442	0.456456	1.80047	1.80047	9.1509	
110.354	1	3581	10.3372	1	107	9.59455	1	103	0	0	0	0.254998	0.25344	0.256318	0.254998	0.253284	0.256964	0.459126	0.455444	0.463438	0.459128	0.455278	0.465844	1.80051	1.80052	9.17375	
1660.59	1	44126	10.4234	1	121	9.67273	1	117	0	0	0	0.259995	0.259033	0.261119	0.259346	0.258296	0.261046	0.46802	0.465393	0.472269	0.466856	0.46341	0.470667	1.80011	1.80013	9.19149	
