8.08113	1	31	8.07185	1	31	7.28024	1	30	0	0	0	0.00499391	0.00471	0.00536	0.00499401	0.00472	0.00525667	0.00895208	0.00824333	0.00963	0.0089525	0.0082	0.00975	1.7926	1.79265	8.27058	
8.10529	1	44	8.08589	1	44	7.28806	1	40	0	0	0	0.0100062	0.00962333	0.01048	0.0100061	0.00948667	0.01056	0.0180378	0.0172933	0.0192367	0.0180377	0.0170367	0.0191467	1.80265	1.80267	8.26592	
8.15308	1	51	8.12471	1	51	7.32294	1	47	0	0	0	0.0150311	0.0145233	0.0156967	0.015031	0.0145267	0.0156867	0.02704	0.0259333	0.0284833	0.0270399	0.0250067	0.0284067	1.79893	1.79895	8.30067	
8.18635	1	43	8.1459	1	43	7.3517	1	43	0	0	0	0.020063	0.0194867	0.0205667	0.020063	0.0194967	0.0206867	0.0360579	0.0347767	0.0372567	0.036058	0.03417	0.0374867	1.79723	1.79724	8.31559	
8.24432	1	48	8.19006	1	48	7.39033	1	44	0	0	0	0.0250671	0.02449	0.0257333	0.0250667	0.02441	0.0256833	0.0451318	0.0439833	0.0464533	0.0451312	0.0437133	0.04693	1.80044	1.80045	8.34736	
8.28252	1	47	8.21701	1	47	7.41995	1	47	0	0	0	0.0300682	0.02949	0.0307167	0.0300684	0.02933	0.03087	0.0541228	0.0526633	0.0563	0.0541229	0.0527333	0.0562	1.8	1.79999	8.36594	
8.33205	1	51	8.25155	1	51	7.4545	1	47	0	0	0	0.0350706	0.0342367	0.0362133	0.0350702	0.0343567	0.0359067	0.0631154	0.0612733	0.06533	0.0631146	0.0615533	0.0650267	1.79966	1.79967	8.39118	
8.3661	1	53	8.27141	1	49	7.47005	1	46	0	0	0	0.0400941	0.0389867	0.0411167	0.0400934	0.03927	0.0408633	0.072177	0.0700667	0.0745967	0.0721759	0.06992	0.0740167	1.80019	1.80019	8.40178	
8.43384	1	51	8.32007	1	51	7.5227	1	48	0	0	0	0.0450691	0.04441	0.0457233	0.0450685	0.0441833	0.0457467	0.0810798	0.07946	0.0826367	0.0810788	0.0789533	0.0832133	1.79901	1.79901	8.43999	
8.47183	1	54	8.34076	1	52	7.53871	1	48	0	0	0	0.050078	0.04917	0.05091	0.0500773	0.04866	0.05081	0.090079	0.0880267	0.09225	0.0900784	0.08706	0.0921167	1.79877	1.79879	8.45153	
8.51639	1	50	8.36776	1	50	7.56838	1	49	0	0	0	0.055088	0.0541533	0.0558567	0.0550872	0.05373	0.05589	0.0990448	0.0965533	0.101737	0.099043	0.0961133	0.101463	1.79794	1.79793	8.46873	
8.58216	1	51	8.41156	1	51	7.61331	1	48	0	0	0	0.0600776	0.0585933	0.0612533	0.0600774	0.0591967	0.0612833	0.108018	0.105313	0.110653	0.108016	0.10539	0.110747	1.79797	1.79796	8.50115	
8.64879	1	62	8.45485	1	62	7.65704	1	62	0	0	0	0.0651088	0.0641933	0.06608	0.0651081	0.0640233	0.0660367	0.117103	0.115033	0.120723	0.117101	0.114177	0.119343	1.79857	1.79857	8.53258	
8.70629	1	59	8.49007	1	59	7.69617	1	55	0	0	0	0.0700993	0.0692433	0.0712167	0.0700989	0.0689567	0.0710833	0.126046	0.123663	0.128517	0.126046	0.122853	0.128473	1.79811	1.79812	8.55725	
8.76669	1	60	8.52228	1	59	7.72405	1	57	0	0	0	0.0750704	0.0737167	0.0760867	0.0750698	0.0739467	0.0761533	0.134952	0.131797	0.13759	0.134951	0.132503	0.13742	1.79767	1.79767	8.57786	
8.83676	1	64	8.56174	1	55	7.76447	1	54	0	0	0	0.0800622	0.0788433	0.08149	0.0800623	0.0789	0.0812467	0.143966	0.141463	0.14713	0.143966	0.141067	0.146373	1.79817	1.79818	8.60356	
8.91429	1	66	8.60683	1	66	7.80845	1	66	0	0	0	0.0850492	0.0838967	0.0865433	0.0850496	0.08407	0.0862667	0.152894	0.149913	0.155517	0.152893	0.15027	0.15556	1.79771	1.7977	8.63608	
8.99676	1	69	8.65315	1	68	7.85594	1	68	0	0	0	0.0900403	0.0881367	0.0912167	0.0900409	0.0888133	0.0909533	0.161919	0.158543	0.16451	0.161921	0.159427	0.164227	1.7983	1.7983	8.66854	
9.08335	1	74	8.69941	1	60	7.89907	1	60	0	0	0	0.0950421	0.09396	0.0965867	0.0950417	0.0939067	0.09613	0.170904	0.16843	0.17513	0.170902	0.167963	0.173587	1.79819	1.79818	8.70074	
9.16128	1	67	8.73712	1	67	7.938	1	67	0	0	0	0.100014	0.0985767	0.101243	0.100013	0.09866	0.10109	0.179775	0.176603	0.18299	0.179775	0.176217	0.18227	1.7975	1.79751	8.72574	
9.2601	1	84	8.78704	1	78	7.98865	1	78	0	0	0	0.105002	0.103807	0.106227	0.105002	0.103653	0.10617	0.188774	0.18556	0.191903	0.188774	0.18531	0.191623	1.79782	1.79781	8.7588	
9.36214	1	72	8.83776	1	71	8.04026	1	71	0	0	0	0.110025	0.108787	0.111333	0.110025	0.10883	0.11117	0.197877	0.1946	0.20158	0.197877	0.194933	0.20057	1.79847	1.79848	8.79381	
9.47117	1	75	8.87939	1	74	8.08242	1	74	0	0	0	0.115005	0.113727	0.116963	0.115005	0.11368	0.115967	0.206856	0.20342	0.21087	0.206858	0.202973	0.209093	1.79868	1.79868	8.81824	
9.58606	1	80	8.93254	1	80	8.14237	1	80	0	0	0	0.119998	0.118613	0.121213	0.119998	0.118887	0.121143	0.215819	0.211733	0.21892	0.21582	0.212523	0.21891	1.79853	1.79853	8.85389	
9.71313	1	85	8.98568	1	74	8.18928	1	74	0	0	0	0.124993	0.12335	0.12636	0.124993	0.123473	0.126263	0.224817	0.22087	0.228107	0.224817	0.22133	0.227603	1.79863	1.79864	8.88698	
9.8358	1	85	9.03451	1	84	8.23364	1	80	0	0	0	0.129989	0.128747	0.13121	0.129989	0.12824	0.131543	0.233857	0.230573	0.237133	0.233858	0.229753	0.237003	1.79906	1.79906	8.91768	
9.99295	1	82	9.09224	1	79	8.29077	1	75	0	0	0	0.134996	0.133797	0.136793	0.134996	0.133077	0.136117	0.242939	0.23918	0.246713	0.242939	0.23838	0.245903	1.7996	1.7996	8.9546	
10.1502	1	88	9.14895	1	81	8.35052	1	77	0	0	0	0.139994	0.1387	0.142043	0.139993	0.138543	0.141253	0.251935	0.248517	0.255967	0.251932	0.247247	0.255373	1.79962	1.79961	8.99067	
10.3109	1	94	9.19914	1	72	8.40078	1	71	0	0	0	0.14498	0.1435	0.146687	0.14498	0.143243	0.146247	0.260957	0.257767	0.264273	0.260958	0.25536	0.263913	1.79996	1.79996	9.01822	
10.5256	1	95	9.26916	1	73	8.46921	1	73	0	0	0	0.149981	0.14896	0.151417	0.149982	0.148487	0.151647	0.270074	0.265633	0.274083	0.270076	0.26543	0.274013	1.80072	1.80072	9.06412	
10.7413	1	97	9.33103	1	90	8.53174	1	86	0	0	0	0.154962	0.153983	0.15644	0.154963	0.15332	0.15686	0.279055	0.27535	0.282653	0.279058	0.273077	0.28258	1.80079	1.80081	9.09941	
10.9669	1	113	9.3935	1	84	8.59194	1	84	0	0	0	0.159973	0.15789	0.16147	0.159974	0.158297	0.16168	0.288068	0.28388	0.291447	0.288068	0.283053	0.292223	1.80072	1.80072	9.13743	
11.2507	1	121	9.4627	1	88	8.66632	1	87	0	0	0	0.164998	0.16387	0.166513	0.164997	0.16328	0.16685	0.297156	0.29383	0.300683	0.297156	0.29212	0.30161	1.80097	1.80097	9.17721	
11.5176	1	113	9.52042	1	83	8.7205	1	83	0	0	0	0.170008	0.168587	0.171523	0.170008	0.16822	0.17143	0.306168	0.30249	0.30979	0.30617	0.302473	0.310047	1.80091	1.80092	9.2079	
11.8565	1	123	9.5803	1	86	8.77633	1	84	0	0	0	0.175015	0.17378	0.176443	0.175014	0.17332	0.17637	0.315161	0.309647	0.319467	0.31516	0.31084	0.31918	1.80077	1.80077	9.24088	
12.2702	1	151	9.66287	1	110	8.86537	1	106	0	0	0	0.180034	0.178163	0.18141	0.180034	0.178437	0.181497	0.324183	0.32065	0.327567	0.32418	0.319553	0.329363	1.80068	1.80066	9.28679	
12.7171	1	141	9.73896	1	90	8.93698	1	86	0	0	0	0.185041	0.1837	0.186537	0.185045	0.183297	0.186803	0.333238	0.329753	0.336673	0.333243	0.328637	0.337843	1.80089	1.80088	9.32753	
13.2168	1	140	9.81171	1	91	9.01225	1	87	0	0	0	0.190052	0.188987	0.191353	0.190054	0.18848	0.191867	0.342298	0.3384	0.345987	0.342303	0.337747	0.347333	1.80108	1.80109	9.36549	
13.8726	1	152	9.89201	1	100	9.08647	1	100	0	0	0	0.195077	0.19343	0.196657	0.195076	0.193627	0.196793	0.351373	0.34831	0.3549	0.351369	0.347203	0.357183	1.8012	1.80119	9.40614	
14.6836	1	198	9.97881	1	97	9.1835	1	97	0	0	0	0.200077	0.198647	0.202083	0.200079	0.19828	0.201903	0.360248	0.356233	0.365297	0.360254	0.35572	0.366317	1.80055	1.80056	9.45004	
15.5474	1	195	10.0638	1	106	9.26059	1	102	0	0	0	0.20508	0.20363	0.206777	0.205076	0.20319	0.206907	0.369223	0.36587	0.372783	0.369215	0.3646	0.375787	1.80038	1.80038	9.49213	
16.8492	1	242	10.1604	1	101	9.36244	1	101	0	0	0	0.210069	0.208173	0.2115	0.210067	0.208297	0.212227	0.378256	0.37335	0.38255	0.378252	0.374103	0.38564	1.80062	1.80063	9.53603	
18.4363	1	269	10.2566	1	99	9.46428	1	99	0	0	0	0.215034	0.213277	0.21678	0.215033	0.21357	0.217103	0.387101	0.38325	0.39125	0.3871	0.383493	0.393797	1.80019	1.80019	9.57971	
20.6572	1	314	10.3475	1	105	9.54969	1	105	0	0	0	0.220028	0.217783	0.221743	0.220029	0.21837	0.22222	0.396088	0.390813	0.39951	0.396092	0.39239	0.403813	1.80017	1.80018	9.61755	
23.8966	1	387	10.4519	1	140	9.65076	1	140	0	0	0	0.225021	0.222313	0.226663	0.225028	0.223267	0.227237	0.405055	0.399957	0.409987	0.405065	0.400147	0.412597	1.80008	1.80006	9.66318	
29.4372	1	543	10.565	1	117	9.76821	1	117	0	0	0	0.229999	0.227912	0.231788	0.230006	0.228252	0.23246	0.414178	0.411035	0.418478	0.414193	0.410403	0.421778	1.80078	1.80079	9.7083	
45.2585	1	1232	10.6727	1	113	9.87332	1	113	0	0	0	0.235028	0.23363	0.236853	0.235008	0.233227	0.236967	0.423043	0.4198	0.42848	0.423009	0.417513	0.42998	1.79997	1.79998	9.74869	
918.583	1	23085	10.7947	1	124	9.99127	1	124	0	0	0	0.239966	0.238811	0.240996	0.239636	0.238496	0.241497	0.432004	0.429507	0.434551	0.431418	0.427264	0.435397	1.80027	1.80031	9.79348	
