29.4456	11	54	29.4429	11	54	29.0338	11	52	0.0477978	0	4	0.00499391	0.00467667	0.00542	0.00499385	0.00467667	0.00542	0.00697302	0.00645	0.00752667	0.00697292	0.00645	0.00752667	1.39631	1.3963	8.97983	
29.607	11	56	29.6005	11	56	29.1657	11	54	0.0962523	0	5	0.0100062	0.00967667	0.0104433	0.010006	0.00967667	0.0104433	0.014022	0.01365	0.0149067	0.0140218	0.01365	0.0149067	1.40133	1.40133	8.99423	
29.7297	11	58	29.7204	11	57	29.2965	11	57	0.140216	0	6	0.0150311	0.0145533	0.01544	0.0150308	0.01455	0.01544	0.0210356	0.0203867	0.0217467	0.0210352	0.0203833	0.0217467	1.39947	1.39947	8.99922	
29.835	11	63	29.8226	11	61	29.4142	11	59	0.182825	0	7	0.020063	0.0194367	0.0205867	0.0200625	0.0194367	0.0205933	0.0280604	0.0270267	0.0289667	0.0280598	0.02703	0.0289667	1.39861	1.39862	8.99775	
29.9461	11	61	29.9302	11	59	29.5163	11	59	0.222671	0	7	0.0250671	0.0244433	0.02562	0.0250667	0.0244433	0.0256167	0.0350995	0.0342033	0.0359867	0.0350992	0.0342167	0.0359867	1.40022	1.40023	8.99642	
30.0809	11	61	30.0623	11	61	29.6378	11	59	0.257401	0	7	0.0300682	0.0292233	0.0306867	0.0300678	0.0292267	0.03069	0.0420955	0.0407367	0.04329	0.0420946	0.0407467	0.04328	1.4	1.39999	9.00358	
30.1719	11	65	30.1497	11	63	29.7465	11	62	0.292593	0	7	0.0350706	0.03436	0.0360167	0.0350699	0.0343533	0.03601	0.049093	0.0478067	0.0504	0.049092	0.0478133	0.0503933	1.39983	1.39983	8.99533	
30.3006	11	65	30.2747	11	65	29.8664	11	63	0.324305	0	7	0.0400941	0.0392567	0.0409567	0.0400932	0.0392533	0.0409533	0.0561356	0.05494	0.05722	0.0561344	0.0549333	0.0572233	1.4001	1.4001	8.99673	
30.4127	11	72	30.3833	11	72	29.9723	11	70	0.352637	0	8	0.0450691	0.04416	0.0460267	0.0450676	0.0441367	0.04603	0.0630745	0.06122	0.0647067	0.0630727	0.0612167	0.0647167	1.39951	1.39951	8.99236	
30.5661	11	69	30.534	11	67	30.1263	11	67	0.378196	0	8	0.050078	0.0493167	0.05092	0.0500766	0.0493167	0.0509133	0.0700785	0.0688367	0.0721067	0.070077	0.0688367	0.0720933	1.39939	1.3994	8.99869	
30.7076	11	70	30.6713	11	70	30.2578	11	70	0.403	0	9	0.055088	0.05401	0.056	0.0550868	0.0540033	0.0559967	0.0770665	0.07529	0.0792267	0.0770646	0.0752833	0.0792233	1.39897	1.39897	8.99786	
30.8604	11	75	30.8204	11	74	30.4207	11	72	0.424177	0	9	0.0600776	0.0592633	0.0611133	0.0600773	0.05925	0.0611167	0.0840478	0.0825367	0.0853533	0.084047	0.08253	0.0853467	1.39899	1.39898	8.99554	
31.0336	11	73	30.9902	11	71	30.5855	11	71	0.444178	0	8	0.0651088	0.0638567	0.0664167	0.0651083	0.06386	0.06642	0.0911061	0.0886233	0.0933567	0.0911051	0.0886267	0.0933667	1.39929	1.39929	8.99603	
31.2457	11	78	31.1982	11	78	30.7922	11	76	0.46171	0	8	0.0700993	0.0691533	0.0711667	0.0700985	0.0691433	0.0711667	0.0980728	0.0962667	0.10066	0.0980721	0.0962633	0.10066	1.39906	1.39906	9.00047	
31.4495	11	78	31.398	11	78	31.0043	11	74	0.47779	0	9	0.0750704	0.07395	0.0761567	0.0750703	0.0739533	0.0761567	0.105011	0.102737	0.106893	0.105011	0.10274	0.106893	1.39884	1.39883	8.99804	
31.6986	11	84	31.6429	11	84	31.2508	11	84	0.492645	0	9	0.0800622	0.0790967	0.0812367	0.0800618	0.0790967	0.0812367	0.112014	0.110257	0.114273	0.112014	0.110257	0.11427	1.39909	1.39909	8.99849	
31.9768	11	93	31.9162	11	93	31.5193	11	93	0.504504	0	8	0.0850491	0.0840867	0.0862633	0.0850491	0.08408	0.0862667	0.118972	0.117263	0.121103	0.118971	0.117273	0.12109	1.39886	1.39885	8.99752	
32.31	11	104	32.2442	11	104	31.8518	11	102	0.516727	0	9	0.0900403	0.0890467	0.09171	0.0900399	0.0890467	0.0917067	0.12598	0.123913	0.12885	0.12598	0.123913	0.128847	1.39915	1.39916	8.99901	
32.7041	11	108	32.6326	11	108	32.2514	11	108	0.525608	0	9	0.0950421	0.09374	0.0961133	0.0950408	0.0937367	0.09613	0.132973	0.131167	0.135013	0.13297	0.131157	0.135023	1.3991	1.39909	9.00009	
33.169	11	128	33.0901	11	125	32.6968	11	125	0.532661	0	10	0.100013	0.0987733	0.101357	0.100013	0.09877	0.101367	0.139894	0.138307	0.143197	0.139894	0.138297	0.143177	1.39875	1.39875	9.00287	
33.7168	11	127	33.6278	11	119	33.2255	11	119	0.540093	0	9	0.105002	0.104003	0.10694	0.105003	0.104013	0.10694	0.146888	0.144977	0.149653	0.146889	0.144987	0.149653	1.39891	1.39891	8.99815	
34.4432	11	131	34.3389	11	129	33.9424	11	129	0.545771	0	9	0.110025	0.10867	0.11098	0.110024	0.108673	0.110983	0.153951	0.152443	0.155467	0.153951	0.152453	0.155477	1.39924	1.39925	8.99841	
35.4876	11	204	35.3451	11	204	34.9342	11	204	0.549094	0	9	0.115005	0.113563	0.11628	0.115006	0.11356	0.11628	0.160931	0.158623	0.16292	0.160932	0.158613	0.16294	1.39934	1.39933	8.99906	
36.9315	11	222	36.6777	11	193	36.2414	11	192	0.550915	0	9	0.119998	0.118613	0.121363	0.119998	0.11863	0.12136	0.167909	0.16586	0.17	0.167909	0.16586	0.17001	1.39927	1.39927	8.9989	
39.3991	11	401	38.7961	11	226	38.2975	11	226	0.552681	0	10	0.124993	0.124083	0.126173	0.124992	0.124067	0.126177	0.174905	0.17335	0.177113	0.174904	0.17336	0.17711	1.39932	1.39932	8.99959	
46.2608	11	728	42.9613	11	335	42.2935	11	331	0.552674	0	9	0.129989	0.128907	0.13149	0.129991	0.128913	0.1315	0.181924	0.180097	0.184663	0.181927	0.180103	0.184687	1.39953	1.39953	8.99918	
82.9902	11	2214	50.6527	11	418	49.5074	11	418	0.552089	0	10	0.134937	0.133748	0.136152	0.134939	0.133746	0.136148	0.188934	0.187436	0.190748	0.188937	0.18744	0.190754	1.40016	1.40016	9.00059	
14794.5	11	143326	60.3336	11	467	57.5702	11	537	0.551147	0	9	0.137132	0.122394	0.140964	0.137131	0.122394	0.14097	0.191946	0.171277	0.197227	0.191946	0.171277	0.197233	1.39972	1.39973	9.01292	
