15.0613	4	40	15.0584	4	40	14.6396	4	38	0.0307657	0	3	0.00501776	0.00475	0.00528667	0.00501792	0	0.04045	0.00701224	0.00667	0.00742	0.0070125	0	0.0566833	1.39748	1.39749	6.24435	
15.3069	4	45	15.3009	4	45	14.8953	4	45	0.0639696	0	3	0.0100365	0.00971	0.01046	0.0100367	0	0.0811567	0.0140533	0.0134367	0.01478	0.0140537	0	0.113803	1.40023	1.40023	6.25539	
15.5515	4	50	15.5418	4	50	15.1349	4	50	0.0980689	0	3	0.0150792	0.0145967	0.01567	0.0150793	0	0.121597	0.0211185	0.02035	0.0221967	0.0211186	0	0.17033	1.4005	1.40051	6.24877	
15.8862	4	55	15.8739	4	55	15.4636	4	55	0.129957	0	3	0.0201019	0.0194333	0.02074	0.0201018	0	0.162283	0.0281318	0.02716	0.029	0.0281317	0	0.227423	1.39946	1.39946	6.24872	
16.3377	4	65	16.322	4	65	15.9117	4	63	0.158212	0	3	0.0251035	0.0244933	0.02567	0.0251033	0	0.202383	0.0351196	0.0340533	0.03646	0.0351192	0	0.283017	1.39899	1.39899	6.25197	
17.0156	4	85	16.9968	4	85	16.5784	4	85	0.18574	0	4	0.0301112	0.02938	0.0307167	0.0301112	0	0.242943	0.0421523	0.0412333	0.0432667	0.0421523	0	0.339957	1.39989	1.39989	6.25224	
18.1019	4	151	18.0797	4	151	17.6775	4	151	0.211963	0	4	0.0351089	0.03439	0.03574	0.0351084	0	0.28366	0.0491421	0.04779	0.0502133	0.0491418	0	0.39738	1.39971	1.39972	6.25399	
20.1509	4	224	20.1246	4	224	19.7313	4	224	0.236462	0	4	0.0401249	0.0392067	0.0409967	0.0401234	0	0.32282	0.0561613	0.05474	0.05756	0.056159	0	0.45306	1.39966	1.39966	6.25308	
26.7865	4	1064	26.4136	4	1003	25.9815	4	1000	0.258784	0	4	0.0451031	0.04418	0.0459167	0.0451027	0	0.36246	0.0631368	0.0617733	0.06441	0.0631361	0	0.50844	1.39983	1.39983	6.24548	
12177	4	389120	77.734	4	6490	74.385	4	6490	0.2809	0	5	-0.012276	-0.00805249	-0.0128037	-0.0122759	0	-0.0985349	-0.0171718	-0.011235	-0.0180575	-0.0171718	0	-0.138046	1.39881	1.39882	6.22566	
