15.0021	4	41	14.9992	4	41	14.5882	4	41	0.0175522	0	3	0.00501776	0.00475	0.00528667	0.00501781	0.00475	0.00528667	0.00701224	0.00667	0.00742	0.00701229	0.00666667	0.00742	1.39748	1.39748	6.25341	
15.1118	4	48	15.1059	4	48	14.6989	4	48	0.037182	0	3	0.0100365	0.00971	0.01046	0.0100365	0.00971	0.01046	0.0140533	0.0134367	0.01478	0.0140535	0.0134367	0.01478	1.40023	1.40024	6.24928	
15.2476	4	48	15.2379	4	48	14.819	4	48	0.0562895	0	3	0.0150792	0.0145967	0.01567	0.0150792	0.0145933	0.01567	0.0211185	0.02035	0.0221967	0.0211184	0.0203467	0.0221967	1.4005	1.4005	6.25032	
15.379	4	68	15.3668	4	68	14.9628	4	66	0.0757727	0	3	0.0201019	0.0194333	0.02074	0.0201016	0.01943	0.02074	0.0281318	0.02716	0.029	0.0281316	0.0271567	0.029	1.39946	1.39947	6.24069	
15.5767	4	59	15.5609	4	59	15.1494	4	57	0.0952827	0	3	0.0251035	0.02449	0.02567	0.0251032	0.0244867	0.02567	0.0351196	0.03405	0.03646	0.0351193	0.0340467	0.0364567	1.39899	1.39899	6.24334	
15.8395	4	79	15.8206	4	79	15.42	4	77	0.115136	0	3	0.0301112	0.02938	0.0307133	0.0301109	0.0293767	0.0307133	0.0421523	0.0412333	0.0432667	0.0421519	0.04123	0.0432667	1.39989	1.39989	6.24928	
16.1706	4	90	16.1483	4	90	15.7429	4	90	0.133918	0	3	0.0351089	0.0343867	0.0357367	0.0351083	0.0343833	0.0357367	0.0491421	0.0477867	0.0502033	0.0491418	0.0477833	0.0502067	1.39971	1.39972	6.24603	
16.6234	4	102	16.5978	4	102	16.1928	4	102	0.152476	0	3	0.0401249	0.03921	0.0410167	0.0401242	0.0392067	0.04101	0.0561613	0.05476	0.0575967	0.0561605	0.0547633	0.05759	1.39966	1.39967	6.24472	
17.3228	4	187	17.2927	4	187	16.8977	4	187	0.169448	0	3	0.0451031	0.0443133	0.04604	0.0451029	0.0443233	0.0460433	0.0631368	0.0619133	0.0646633	0.0631365	0.0619233	0.0646733	1.39983	1.39983	6.24232	
18.5057	4	331	18.4625	4	331	18.0668	4	329	0.185722	0	3	0.0500895	0.04942	0.0508233	0.0500887	0.0494167	0.05082	0.0701337	0.06903	0.0714267	0.0701326	0.06903	0.07143	1.40017	1.40017	6.24863	
20.9423	4	491	20.7547	4	471	20.3243	4	471	0.202275	0	3	0.0550995	0.0542333	0.0559067	0.0550991	0.0542267	0.0559067	0.07713	0.07571	0.0782933	0.0771291	0.0757067	0.0782933	1.39983	1.39982	6.24771	
37.4845	4	3462	27.0098	4	801	26.2582	4	801	0.217485	0	3	0.0600432	0.059062	0.060916	0.0600433	0.059064	0.060918	0.0840218	0.0826	0.085084	0.084022	0.0826	0.085086	1.39936	1.39936	6.24886	
6751.7	4	411524	35.6491	4	1303	34.2974	4	1303	0.22915	0	3	-0.0160506	-0.00931999	-0.0166187	-0.016051	-0.00931874	-0.0166187	-0.0224536	-0.0130225	-0.0232812	-0.022454	-0.0130212	-0.0232812	1.39892	1.39891	6.13528	
