9.49593	4	22	9.49332	4	22	9.09202	4	22	0.014636	0	2	0.00503896	0.00485	0.00525	0.00503896	0	0.0203833	0.00703187	0.00660667	0.00721	0.00703187	0	0.0285767	1.3955	1.3955	3.51271	
9.54802	4	29	9.54267	4	29	9.1334	4	27	0.0287225	0	3	0.0100096	0.00977	0.01027	0.0100098	0	0.04015	0.0140242	0.01358	0.0143567	0.0140244	0	0.0561933	1.40107	1.40107	3.49471	
9.66345	4	27	9.6545	4	27	9.24273	4	27	0.0435548	0	3	0.0150385	0.0146433	0.0154067	0.0150385	0	0.0604867	0.021109	0.0202767	0.0218267	0.021109	0	0.08488	1.40366	1.40366	3.50233	
9.76794	4	31	9.75602	4	31	9.3494	4	31	0.0603291	0	3	0.0200394	0.0195433	0.0204933	0.0200396	0	0.0805033	0.0280073	0.0269967	0.02855	0.0280075	0	0.112317	1.39761	1.39761	3.50534	
9.87287	4	31	9.85761	4	31	9.44832	4	29	0.0744212	0	3	0.0249817	0.0245567	0.02545	0.0249819	0	0.100217	0.0349079	0.0340833	0.0355867	0.034909	0	0.13981	1.39734	1.39737	3.50125	
9.99268	4	37	9.97427	4	37	9.56563	4	37	0.0893011	0	3	0.0300342	0.02971	0.0305567	0.030034	0	0.120857	0.0419717	0.04134	0.04275	0.0419715	0	0.169377	1.39746	1.39747	3.49838	
10.1611	4	40	10.1406	4	40	9.72887	4	40	0.104982	0	3	0.0350338	0.0346867	0.0354933	0.0350344	0	0.141197	0.0489992	0.0482333	0.0498533	0.0489994	0	0.19809	1.39863	1.39861	3.50834	
10.3129	4	49	10.2873	4	49	9.87195	4	49	0.121219	0	3	0.040005	0.0393533	0.0408	0.0400058	0	0.160893	0.0560171	0.0545467	0.0570533	0.0560185	0	0.225553	1.40025	1.40026	3.4948	
10.5196	4	74	10.4913	4	74	10.0775	4	74	0.136173	0	3	0.0449702	0.04454	0.0453867	0.0449702	0	0.180637	0.0630102	0.0618867	0.0636467	0.0630096	0	0.25343	1.40115	1.40114	3.49887	
10.7649	4	58	10.7324	4	58	10.3277	4	58	0.150964	0	4	0.0499706	0.04942	0.0508467	0.0499723	0	0.2006	0.0700073	0.06908	0.0707567	0.0700098	0	0.28138	1.40097	1.40097	3.50052	
11.0566	4	79	11.0215	4	79	10.6126	4	79	0.164927	0	3	0.0549625	0.0544767	0.0553667	0.0549635	0	0.220307	0.0769992	0.0757967	0.07758	0.0770002	0	0.3088	1.40094	1.40093	3.50303	
11.4166	4	89	11.3765	4	89	10.9641	4	87	0.17734	0	4	0.0599131	0.0593833	0.0605767	0.059914	0	0.241153	0.0838985	0.0828033	0.0848033	0.0838998	0	0.336613	1.40034	1.40034	3.50437	
11.8924	4	255	11.8476	4	251	11.4441	4	249	0.191692	0	3	0.0649663	0.0641233	0.06579	0.0649675	0	0.26138	0.090945	0.0899167	0.09227	0.0909475	0	0.364553	1.39988	1.39989	3.50387	
12.5343	4	146	12.482	4	146	12.0821	4	146	0.20539	0	4	0.0699352	0.06885	0.0708767	0.0699365	0	0.281483	0.0978688	0.0958933	0.0990433	0.097871	0	0.392987	1.39942	1.39943	3.49926	
13.4195	4	214	13.3568	4	214	12.9611	4	214	0.218075	0	4	0.0749275	0.0741567	0.07559	0.0749296	0	0.301793	0.104831	0.103413	0.105943	0.104836	0	0.421213	1.3991	1.39912	3.49838	
14.8313	4	227	14.7255	4	227	14.3164	4	227	0.234111	0	4	0.0799567	0.07917	0.08075	0.0799594	0	0.322017	0.111901	0.1108	0.113197	0.111904	0	0.450097	1.39952	1.3995	3.50007	
17.3256	4	422	16.9567	4	422	16.4989	4	422	0.24642	0	4	0.0849583	0.08421	0.0859033	0.0849608	0	0.342173	0.118899	0.117887	0.12055	0.118901	0	0.478717	1.3995	1.39949	3.5026	
22.6156	4	647	21.102	4	453	20.5153	4	450	0.260531	0	4	0.0899775	0.0887533	0.0911	0.0899842	0	0.362357	0.125885	0.12454	0.127633	0.125893	0	0.506817	1.39907	1.39906	3.50163	
53.2017	4	2100	32.8953	4	1083	31.6095	4	1083	0.277253	0	5	0.094947	0.0942543	0.0954557	0.0949479	0	0.381454	0.132879	0.131757	0.133937	0.13288	0	0.534091	1.39951	1.39951	3.50119	
18006.9	4	198096	56.3959	4	2332	52.9533	4	2332	0.290248	0	4	-0.024395	-0.0201825	-0.0253112	-0.0243933	0	-0.0983499	-0.0341544	-0.028445	-0.0352787	-0.0341518	0	-0.137705	1.40006	1.40005	3.48916	
