14.992	4	41	14.989	4	41	14.6101	4	41	0.0140231	0	2	0.00501776	0.00475	0.00528667	0.00501781	0.00475	0.00528667	0.00701224	0.00667	0.00742	0.00701229	0.00666667	0.00742	1.39748	1.39748	6.2582	
15.062	4	48	15.0561	4	48	14.6393	4	48	0.0291332	0	2	0.0100365	0.00971	0.01046	0.0100366	0.00971	0.01046	0.0140533	0.0134367	0.01478	0.0140536	0.0134367	0.01478	1.40023	1.40024	6.2482	
15.1884	4	48	15.1787	4	48	14.7647	4	48	0.0444147	0	2	0.0150792	0.0145967	0.01567	0.0150791	0.0145933	0.01567	0.0211185	0.02035	0.0221967	0.0211182	0.0203467	0.0221967	1.4005	1.40049	6.2589	
15.2751	4	68	15.2628	4	68	14.8511	4	66	0.0600507	0	2	0.0201019	0.0194333	0.02074	0.0201016	0.0194333	0.02074	0.0281318	0.02716	0.029	0.0281314	0.02716	0.029	1.39946	1.39946	6.24493	
15.4339	4	63	15.4181	4	63	15.0167	4	63	0.0761535	0	2	0.0251035	0.0244933	0.02567	0.0251032	0.02449	0.02567	0.0351196	0.0340533	0.03646	0.0351193	0.03405	0.0364533	1.39899	1.399	6.25127	
15.6323	4	79	15.6134	4	79	15.209	4	77	0.0918988	0	2	0.0301112	0.02938	0.0307133	0.0301109	0.0293767	0.0307133	0.0421523	0.0412333	0.0432667	0.0421517	0.04123	0.0432667	1.39989	1.39988	6.26068	
15.8471	4	90	15.8249	4	90	15.4118	4	90	0.106139	0	2	0.0351089	0.0343867	0.0357467	0.0351086	0.0343833	0.0357433	0.0491421	0.0477867	0.0502	0.0491421	0.0477833	0.0502033	1.39971	1.39971	6.24833	
16.1454	4	95	16.1198	4	95	15.7055	4	95	0.120461	0	2	0.0401249	0.0391933	0.0410067	0.0401244	0.03919	0.041	0.0561613	0.0547333	0.0576	0.0561607	0.0547367	0.0575933	1.39966	1.39966	6.24002	
16.6354	4	187	16.6055	4	187	16.1951	4	187	0.13412	0	2	0.0451031	0.0443133	0.0460033	0.0451029	0.0443233	0.04601	0.0631368	0.0619133	0.0646	0.0631364	0.0619233	0.0646033	1.39983	1.39983	6.24431	
17.4567	4	313	17.4177	4	313	17.0184	4	313	0.148167	0	2	0.0500895	0.0493333	0.0507933	0.0500888	0.0493333	0.0507767	0.0701337	0.0689467	0.0714933	0.0701324	0.0689467	0.0715	1.40017	1.40016	6.24877	
19.2123	4	537	19.0363	4	484	18.5939	4	484	0.160939	0	2	0.0550995	0.0538867	0.05597	0.0550994	0.0538867	0.0559767	0.07713	0.0752333	0.0785667	0.0771299	0.0752333	0.0785633	1.39983	1.39983	6.24906	
31.207	4	2808	23.4774	4	795	22.8265	4	791	0.172543	0	2	0.0599904	0.0585275	0.060795	0.0599915	0.0585275	0.0607925	0.0839254	0.0817125	0.085085	0.0839269	0.0817175	0.0850825	1.39898	1.39898	6.24993	
6834.99	4	415813	27.8487	4	971	26.88	4	967	0.181678	0	2	-0.0160579	-0.00939999	-0.0165887	-0.0160587	-0.00940749	-0.0165925	-0.0224633	-0.0132062	-0.0232237	-0.0224646	-0.0132125	-0.02322	1.39889	1.39891	6.14059	
