9.42651	4	21	9.42391	4	21	9.02631	4	21	0.00624302	0	2	0.00503896	0.00485	0.00525	0.00503896	0.00476667	0.00525667	0.00703187	0.00660667	0.00721	0.00703187	0.00664667	0.00752333	1.3955	1.3955	3.50023	
9.46978	4	23	9.46443	4	23	9.0522	4	21	0.0123632	0	3	0.0100096	0.00977	0.01027	0.0100098	0.00982333	0.0103633	0.0140242	0.01358	0.0143567	0.0140244	0.0136867	0.01447	1.40107	1.40107	3.5021	
9.51536	4	24	9.50641	4	24	9.10657	4	22	0.0182448	0	3	0.0150385	0.0146433	0.0154067	0.0150385	0.0145267	0.01539	0.021109	0.0202767	0.0218267	0.021109	0.0205467	0.0217833	1.40366	1.40366	3.50326	
9.54932	4	25	9.53741	4	25	9.13332	4	25	0.0240152	0	3	0.0200394	0.0195433	0.0204933	0.0200396	0.01973	0.02029	0.0280073	0.0269967	0.02855	0.0280075	0.0275767	0.0283533	1.39761	1.39761	3.50465	
9.59146	4	26	9.5762	4	26	9.17128	4	24	0.0311228	0	3	0.0249817	0.0245567	0.02545	0.0249821	0.0245567	0.02539	0.0349079	0.0340833	0.0355867	0.0349092	0.03427	0.0356833	1.39734	1.39737	3.50624	
9.61488	4	29	9.59647	4	29	9.19371	4	28	0.0375614	0	3	0.0300342	0.02971	0.0305567	0.030034	0.02967	0.0306067	0.0419717	0.04134	0.04275	0.0419715	0.0411533	0.0429533	1.39746	1.39747	3.49856	
9.65861	4	32	9.63812	4	30	9.22988	4	30	0.0442133	0	3	0.0350338	0.0346867	0.0354933	0.0350338	0.0344333	0.0355633	0.0489992	0.0482333	0.0498533	0.0489988	0.0480667	0.0500567	1.39863	1.39862	3.50175	
9.69432	4	31	9.66869	4	31	9.25603	4	31	0.051504	0	3	0.040005	0.0393533	0.0408	0.040006	0.0392967	0.0406267	0.0560171	0.0545467	0.0570533	0.056019	0.05483	0.0569867	1.40025	1.40026	3.49607	
9.74211	4	35	9.71378	4	35	9.304	4	33	0.0573343	0	3	0.0449702	0.0445433	0.0453867	0.0449702	0.0441	0.0456067	0.0630102	0.06189	0.0636467	0.0630102	0.0614533	0.0640667	1.40115	1.40115	3.49842	
9.78843	4	33	9.75596	4	33	9.35111	4	33	0.064442	0	3	0.0499706	0.0494167	0.0508433	0.0499719	0.0493467	0.0507033	0.0700073	0.0690867	0.0707467	0.0700092	0.06872	0.0711367	1.40097	1.40097	3.49775	
9.84473	4	32	9.80976	4	32	9.39333	4	30	0.0706012	0	3	0.0549625	0.0544767	0.05538	0.0549635	0.0543267	0.0555767	0.0769992	0.0758033	0.0775767	0.0770002	0.0757067	0.0780067	1.40094	1.40093	3.50292	
9.88187	4	36	9.84199	4	36	9.4261	4	34	0.0768439	0	4	0.0599131	0.0593767	0.06054	0.0599144	0.0589833	0.0607833	0.0838985	0.0828033	0.08478	0.0839002	0.0825567	0.08541	1.40034	1.40034	3.50154	
9.94374	4	39	9.90066	4	39	9.48409	4	39	0.0845663	0	4	0.0649663	0.0641033	0.0657667	0.0649669	0.0642733	0.06585	0.090945	0.08991	0.09224	0.0909463	0.0904133	0.0924267	1.39988	1.39989	3.50215	
9.99011	4	37	9.94272	4	36	9.52249	4	36	0.0903336	0	3	0.0699352	0.0688367	0.0708567	0.069936	0.0694133	0.07108	0.0978688	0.0959133	0.0990767	0.0978702	0.0968067	0.09984	1.39942	1.39942	3.50016	
10.0414	4	42	9.99133	4	41	9.57408	4	39	0.0983339	0	4	0.0749275	0.07407	0.0755767	0.0749294	0.0741067	0.0759067	0.104831	0.10344	0.10589	0.104835	0.10332	0.106747	1.3991	1.39911	3.50054	
10.1015	4	38	10.047	4	38	9.62921	4	36	0.105143	0	4	0.0799567	0.0791967	0.0807567	0.0799577	0.0792133	0.08108	0.111901	0.11084	0.11312	0.111901	0.110473	0.113967	1.39952	1.39951	3.50119	
10.1531	4	47	10.0951	4	46	9.67932	4	46	0.110991	0	3	0.0849583	0.0841467	0.0857733	0.08496	0.08407	0.0861767	0.118899	0.11768	0.12016	0.118901	0.117377	0.120883	1.3995	1.39949	3.49924	
10.2175	4	44	10.1554	4	44	9.73074	4	42	0.119174	0	4	0.0899773	0.0888067	0.0913067	0.089979	0.08912	0.0911933	0.125884	0.124453	0.127687	0.125886	0.12444	0.12776	1.39907	1.39906	3.50002	
10.2769	4	40	10.2111	4	40	9.7916	4	39	0.124684	0	4	0.0949802	0.0941533	0.09619	0.0949825	0.09397	0.0962067	0.13287	0.131943	0.13435	0.132873	0.131647	0.134747	1.39892	1.39892	3.49695	
10.3583	4	46	10.2885	4	46	9.86909	4	46	0.132551	0	4	0.0999708	0.0991067	0.101117	0.0999731	0.0990467	0.100967	0.139856	0.13829	0.142147	0.139859	0.138473	0.141377	1.39897	1.39897	3.50265	
10.4363	4	46	10.3623	4	45	9.94406	4	45	0.138861	0	4	0.105003	0.104507	0.10565	0.105007	0.104183	0.106057	0.146922	0.14596	0.14793	0.146926	0.145233	0.14886	1.39921	1.39921	3.50181	
10.5144	4	51	10.436	4	48	10.0171	4	48	0.145714	0	4	0.110035	0.10882	0.11127	0.110037	0.109037	0.111157	0.154048	0.15199	0.15581	0.15405	0.151783	0.15645	1.39999	1.39998	3.4994	
10.5922	4	54	10.5103	4	52	10.0875	4	50	0.151968	0	4	0.115087	0.11436	0.11608	0.115091	0.11407	0.116567	0.1611	0.160153	0.16293	0.161104	0.15877	0.16322	1.3998	1.3998	3.50039	
10.6897	4	68	10.6019	4	68	10.1836	4	68	0.159956	0	4	0.120107	0.11909	0.12082	0.120107	0.118657	0.12179	0.168151	0.166803	0.16936	0.168152	0.165377	0.170657	1.40001	1.40002	3.50191	
10.7855	4	72	10.692	4	70	10.2703	4	66	0.1667	0	4	0.125099	0.12365	0.125743	0.125101	0.12372	0.126917	0.17515	0.173177	0.17665	0.175152	0.1725	0.177797	1.40009	1.40009	3.49774	
10.8757	4	64	10.778	4	64	10.3589	4	64	0.171832	0	4	0.130074	0.128893	0.131173	0.130074	0.128807	0.132097	0.182066	0.180573	0.184167	0.182068	0.18002	0.18495	1.39971	1.39973	3.49897	
10.998	4	60	10.895	4	57	10.4746	4	56	0.17938	0	4	0.135078	0.134127	0.136057	0.135078	0.134023	0.137203	0.189082	0.18736	0.19092	0.189083	0.18729	0.192483	1.3998	1.3998	3.4993	
11.1302	4	66	11.0207	4	65	10.5974	4	65	0.185174	0	4	0.140101	0.138987	0.14151	0.140102	0.138883	0.14265	0.196084	0.193933	0.198517	0.196086	0.193977	0.200177	1.39959	1.39959	3.50069	
11.2697	4	78	11.1528	4	77	10.7341	4	77	0.193037	0	4	0.145152	0.14356	0.14707	0.145155	0.143803	0.14761	0.203164	0.201293	0.205663	0.203168	0.20089	0.20719	1.39966	1.39967	3.50214	
11.3988	4	77	11.2748	4	77	10.851	4	77	0.198503	0	4	0.150117	0.149137	0.151133	0.150121	0.148823	0.152493	0.210136	0.20865	0.21201	0.210142	0.20799	0.214053	1.39981	1.39982	3.50204	
11.5775	4	107	11.4444	4	93	11.024	4	93	0.205547	0	4	0.155183	0.15396	0.156	0.155183	0.15399	0.157453	0.217231	0.213647	0.21942	0.217235	0.21526	0.221013	1.39984	1.39986	3.5008	
11.7352	4	120	11.5937	4	120	11.1665	4	120	0.210143	0	4	0.160207	0.15957	0.16131	0.16021	0.158927	0.162443	0.224229	0.223147	0.22579	0.224233	0.222133	0.228303	1.39962	1.39962	3.50194	
11.9496	4	116	11.7939	4	116	11.3683	4	116	0.218494	0	5	0.165286	0.16461	0.1664	0.165287	0.16397	0.167423	0.231405	0.230317	0.233647	0.231408	0.229497	0.235403	1.40003	1.40004	3.49995	
12.2348	4	116	12.0473	4	116	11.6155	4	116	0.224612	0	4	0.170255	0.168577	0.171523	0.170256	0.16883	0.172547	0.238286	0.235163	0.239723	0.238288	0.236273	0.24266	1.39959	1.39959	3.50101	
12.4627	4	109	12.2675	4	109	11.8257	4	109	0.231459	0	4	0.175295	0.17463	0.176367	0.175297	0.173787	0.17724	0.245464	0.243777	0.24658	0.245468	0.243747	0.24924	1.40029	1.40029	3.50082	
12.8155	4	124	12.5765	4	114	12.1415	4	114	0.238742	0	5	0.180323	0.179483	0.181487	0.180328	0.178907	0.182027	0.252421	0.250663	0.254187	0.252427	0.250337	0.255753	1.39983	1.39982	3.50084	
13.201	4	130	12.9018	4	125	12.454	4	125	0.244451	0	5	0.185314	0.184237	0.186463	0.185317	0.183787	0.186977	0.259488	0.257967	0.261187	0.259492	0.25689	0.263107	1.40026	1.40026	3.49977	
13.6413	4	180	13.2745	4	176	12.8173	4	176	0.251782	0	4	0.190309	0.189427	0.191123	0.190313	0.18877	0.19148	0.266448	0.265067	0.26838	0.266454	0.264007	0.269467	1.40008	1.40008	3.50191	
14.1661	4	177	13.7094	4	169	13.2278	4	169	0.257862	0	4	0.195271	0.193707	0.196713	0.195274	0.193627	0.19684	0.273402	0.27122	0.2752	0.273412	0.271033	0.276777	1.40012	1.40015	3.50015	
14.9497	4	229	14.268	4	177	13.7581	4	177	0.265621	0	4	0.200266	0.199367	0.202077	0.200268	0.198713	0.202077	0.280394	0.278747	0.284037	0.2804	0.278207	0.28391	1.40011	1.40012	3.50059	
15.8392	4	182	14.9125	4	155	14.3699	4	155	0.271679	0	5	0.205247	0.20403	0.206097	0.205254	0.203917	0.2071	0.287363	0.285353	0.288677	0.287372	0.285287	0.2908	1.40008	1.40008	3.50337	
17.1542	4	239	15.6872	4	175	15.1038	4	175	0.279134	0	5	0.210224	0.208477	0.211167	0.210229	0.208737	0.212117	0.294319	0.290737	0.29748	0.294325	0.292307	0.297677	1.40002	1.40002	3.50159	
18.9282	4	283	16.6505	4	178	15.9953	4	178	0.286886	0	5	0.215228	0.214073	0.216457	0.21523	0.213797	0.217003	0.301335	0.299677	0.30443	0.301338	0.29846	0.304563	1.40007	1.40008	3.50221	
21.492	4	379	17.7768	4	223	17.0244	4	223	0.294034	0	5	0.220288	0.218463	0.22148	0.220291	0.218783	0.221977	0.308358	0.305743	0.310733	0.308366	0.305707	0.311693	1.39979	1.39982	3.49708	
26.5039	4	459	19.2955	4	250	18.4075	4	250	0.302314	0	5	0.2253	0.224307	0.22618	0.225305	0.22366	0.22696	0.315369	0.313773	0.31708	0.315374	0.312653	0.318823	1.39977	1.39976	3.50037	
37.5121	4	669	21.5253	4	278	20.4345	4	278	0.311859	0	5	0.230251	0.229043	0.231743	0.230256	0.22873	0.232023	0.322267	0.32045	0.325057	0.322273	0.319227	0.326	1.39963	1.39963	3.50037	
72.7206	4	1775	24.0681	4	303	22.6991	4	303	0.319868	0	5	0.234726	0.233805	0.23601	0.234722	0.233563	0.236235	0.328383	0.326775	0.330105	0.32838	0.32594	0.33109	1.39901	1.39901	3.50081	
5266.88	4	26460	26.7688	4	330	25.0776	4	330	0.326848	0	6	-0.0596571	-0.0579737	-0.0603399	-0.0596552	-0.0592212	-0.0601074	-0.0834335	-0.0810511	-0.0843524	-0.0834322	-0.0822861	-0.0840886	1.39855	1.39857	3.4995	
