25.8394	4	69	25.8363	4	69	25.4282	4	68	0.0299012	0	3	0.00498952	0.00467	0.00534667	0.0049896	0.00466	0.00536	0.00698301	0.00642667	0.00754667	0.00698309	0.00627333	0.00766667	1.39954	1.39953	11.6337	
26.0161	4	78	26.01	4	78	25.5927	4	76	0.0613865	0	3	0.00999536	0.00958	0.01061	0.00999539	0.0095	0.0106333	0.0139895	0.0131333	0.0150033	0.0139896	0.0131733	0.01473	1.3996	1.39961	11.6266	
26.2315	4	76	26.2225	4	76	25.8033	4	74	0.092155	0	3	0.0149985	0.0144233	0.01561	0.0149986	0.01423	0.0155233	0.0209968	0.0199567	0.02206	0.0209968	0.0198533	0.02195	1.39993	1.39992	11.626	
26.4651	4	85	26.4529	4	85	26.0334	4	83	0.122168	0	3	0.0199964	0.01934	0.0207233	0.0199967	0.01926	0.0206533	0.027976	0.0269233	0.0292767	0.0279765	0.02683	0.0291833	1.39905	1.39906	11.6203	
26.7706	4	93	26.755	4	93	26.3387	4	91	0.151092	0	4	0.0250025	0.0243667	0.02593	0.0250025	0.0243033	0.02581	0.0349814	0.0339533	0.0362533	0.0349813	0.0336567	0.0363767	1.39912	1.39912	11.626	
27.1158	4	95	27.097	4	95	26.6768	4	95	0.177156	0	4	0.0299951	0.0292567	0.0306767	0.0299948	0.0290633	0.0309267	0.0419591	0.0407367	0.0433133	0.0419591	0.0404633	0.0433867	1.39887	1.39888	11.6245	
27.5546	4	103	27.5327	4	103	27.116	4	103	0.20168	0	4	0.0349972	0.0339467	0.0358933	0.0349972	0.0338533	0.0359533	0.0489647	0.0474433	0.05068	0.0489649	0.0470733	0.0505033	1.3991	1.39911	11.626	
28.1015	4	121	28.0762	4	120	27.6718	4	118	0.224393	0	4	0.0400038	0.03898	0.0409133	0.040004	0.0390467	0.0408767	0.0559929	0.0544367	0.05727	0.0559932	0.0542867	0.05733	1.39969	1.39969	11.6234	
28.878	4	228	28.8487	4	228	28.4422	4	228	0.245377	0	4	0.0449804	0.04378	0.0459933	0.0449801	0.0438667	0.0459	0.062978	0.06036	0.06443	0.0629779	0.0613033	0.0644967	1.40012	1.40013	11.6269	
30.0005	4	222	29.9671	4	222	29.5598	4	222	0.264204	0	4	0.0499731	0.0488867	0.0511667	0.0499728	0.0485367	0.0509233	0.0699752	0.0682667	0.07174	0.0699751	0.06815	0.07147	1.40026	1.40026	11.6223	
31.9988	4	439	31.9467	4	439	31.5404	4	439	0.281687	0	5	0.0549648	0.0535833	0.0561167	0.0549649	0.0536167	0.05617	0.0769613	0.0747567	0.07895	0.0769613	0.0750633	0.0788633	1.40019	1.40019	11.6294	
37.4245	4	1415	36.8542	4	731	36.3678	4	729	0.300574	0	4	0.0599826	0.0589	0.0611667	0.0599835	0.0585567	0.0612667	0.0839749	0.08236	0.0857933	0.0839764	0.0819367	0.086	1.39999	1.39999	11.628	
3321.21	4	219228	59.1892	4	2586	57.4552	4	2586	0.323539	0	5	-0.0430999	-0.0330966	-0.0440166	-0.0431002	-0.0423966	-0.0438033	-0.0603377	-0.0465049	-0.0617766	-0.060338	-0.0590882	-0.0615899	1.39995	1.39995	11.6134	
