27.6884	10	68	27.6784	10	68	27.2747	9	68	0.0103877	0	2	0.00499391	0.00468333	0.00544667	0.00499396	0.00472667	0.00525	0.00697302	0.00645	0.00758	0.00697313	0.00648	0.00747667	1.39631	1.39631	6.28465	
27.8558	10	74	27.8338	10	74	27.4254	9	73	0.0215751	0	2	0.0100062	0.00968	0.0104133	0.0100059	0.00948667	0.01054	0.014022	0.0136433	0.0148167	0.0140217	0.0133	0.0148533	1.40133	1.40134	6.27951	
28.0058	10	76	27.9728	10	76	27.5677	9	74	0.0323634	0	2	0.0150311	0.01456	0.0155033	0.015031	0.0145333	0.01566	0.0210356	0.0202067	0.0218033	0.0210354	0.01984	0.0219333	1.39947	1.39947	6.27211	
28.2662	10	85	28.2195	10	81	27.8072	9	80	0.0440696	0	2	0.020063	0.0193567	0.0205367	0.0200622	0.0194667	0.0206867	0.0280605	0.0268967	0.0289467	0.0280592	0.0269467	0.0290733	1.39862	1.39861	6.28211	
28.5169	10	83	28.4545	10	83	28.0296	9	83	0.0553619	0	2	0.0250671	0.0244667	0.0256167	0.0250661	0.0244167	0.0256667	0.0350995	0.0340867	0.03585	0.035098	0.03408	0.0362267	1.40022	1.40022	6.28602	
28.7844	10	91	28.7077	10	91	28.2695	9	91	0.0662938	0	2	0.0300682	0.0292133	0.0306167	0.0300676	0.0293667	0.0308867	0.0420955	0.0407867	0.0431467	0.0420946	0.04122	0.0434933	1.4	1.4	6.28577	
29.0826	10	89	28.9872	10	89	28.5577	9	88	0.078388	0	2	0.0350706	0.0340567	0.036	0.0350695	0.03434	0.0358433	0.049093	0.04769	0.0504533	0.0490911	0.0481667	0.05028	1.39983	1.39983	6.28166	
29.4346	10	113	29.3178	10	113	28.8528	9	111	0.0909267	0	2	0.0400941	0.03932	0.0410633	0.0400929	0.0392467	0.0408633	0.0561355	0.05498	0.0576267	0.0561348	0.0548333	0.0572867	1.40009	1.40012	6.27839	
29.8588	10	106	29.7133	10	104	29.2494	9	104	0.10146	0	2	0.0450691	0.0442467	0.0460733	0.0450682	0.0441933	0.04581	0.0630745	0.0614267	0.06474	0.0630732	0.06178	0.06434	1.39951	1.39951	6.28015	
30.3398	10	145	30.1664	10	120	29.6763	9	120	0.113778	0	2	0.050078	0.04904	0.0511267	0.0500768	0.04874	0.05077	0.0700785	0.06851	0.0724133	0.0700772	0.0680333	0.0714067	1.39939	1.3994	6.27917	
30.9765	10	187	30.7577	10	187	30.2663	9	187	0.124725	0	2	0.055088	0.0541267	0.0558833	0.0550864	0.05377	0.0558767	0.0770665	0.0756133	0.0789367	0.0770643	0.0750433	0.07861	1.39897	1.39897	6.27755	
31.7719	10	162	31.4805	10	149	30.9647	9	149	0.136475	0	2	0.0600774	0.0591067	0.06112	0.0600767	0.0590267	0.0613033	0.0840477	0.0815533	0.0856233	0.0840457	0.0823167	0.0857333	1.39899	1.39897	6.27914	
32.943	10	212	32.5148	10	194	31.9633	9	194	0.149188	0	2	0.0651088	0.0638233	0.0660333	0.0651089	0.0640267	0.0662033	0.091106	0.0894433	0.0930267	0.0911055	0.0890667	0.0926967	1.39929	1.39928	6.28439	
34.4389	10	212	33.7712	10	208	33.1891	9	208	0.160293	0	2	0.0700991	0.0694433	0.07101	0.0700972	0.0690067	0.07117	0.0980725	0.0968767	0.0997167	0.0980698	0.0962367	0.0996533	1.39905	1.39906	6.27727	
37.2175	10	369	35.8662	10	251	35.1638	9	251	0.173179	0	2	0.0750706	0.0739967	0.0764367	0.0750707	0.0739633	0.0761033	0.105011	0.10255	0.106647	0.105012	0.103533	0.10655	1.39884	1.39884	6.28111	
42.9089	10	475	39.2093	10	335	38.3241	9	335	0.186359	0	2	0.0800626	0.07881	0.0811733	0.0800645	0.07879	0.0812733	0.112015	0.11008	0.11366	0.112017	0.110023	0.113707	1.39909	1.39909	6.27822	
72.8643	10	1851	46.1129	10	428	44.768	9	428	0.199975	0	2	0.0849953	0.08402	0.085922	0.0849952	0.084258	0.085714	0.118911	0.11757	0.120224	0.118911	0.11751	0.12011	1.39902	1.39903	6.28273	
12163.3	10	175558	57.0099	10	566	54.2639	9	566	0.212551	0	2	0.0885799	0.0758214	0.0909343	0.0885799	0.0877857	0.0892743	0.123985	0.106453	0.127314	0.123984	0.122577	0.125	1.39969	1.39969	6.28483	
