15.0612	4	40	15.0583	4	40	14.6395	4	38	0.0308072	0	3	0.00501776	0.00475	0.00528667	0.00501792	0	0.04045	0.00701224	0.00667	0.00742	0.0070125	0	0.0566833	1.39748	1.39749	6.24435	
15.3067	4	45	15.3008	4	45	14.895	4	45	0.0640422	0	3	0.0100365	0.00971	0.01046	0.0100367	0	0.0811567	0.0140533	0.0134367	0.01478	0.0140537	0	0.113803	1.40023	1.40023	6.25537	
15.5518	4	50	15.5421	4	50	15.1353	4	50	0.0981863	0	3	0.0150792	0.0145967	0.01567	0.0150793	0	0.121597	0.0211185	0.02035	0.0221967	0.0211186	0	0.17033	1.4005	1.40051	6.24881	
15.8865	4	55	15.8742	4	55	15.4637	4	55	0.129869	0	3	0.0201019	0.0194267	0.0207333	0.0201018	0	0.162283	0.0281318	0.0271467	0.0289933	0.0281317	0	0.227423	1.39946	1.39946	6.24876	
16.3378	4	65	16.322	4	65	15.9115	4	63	0.158089	0	3	0.0251035	0.0245067	0.0256667	0.0251033	0	0.202383	0.0351196	0.0340667	0.0364733	0.0351192	0	0.283017	1.39899	1.39899	6.25199	
17.0163	4	95	16.9974	4	95	16.5789	4	95	0.185972	0	4	0.0301112	0.0293767	0.03069	0.0301112	0	0.242943	0.0421523	0.0412233	0.0432333	0.0421523	0	0.339957	1.39989	1.39989	6.25218	
18.104	4	151	18.0816	4	151	17.6793	4	151	0.212076	0	4	0.0351089	0.0343633	0.0357267	0.0351084	0	0.28366	0.0491421	0.04777	0.0501933	0.0491419	0	0.39738	1.39971	1.39972	6.25423	
20.1546	4	224	20.1255	4	224	19.7303	4	224	0.236336	0	4	0.0401249	0.0392133	0.04108	0.0401233	0	0.32282	0.0561613	0.0547133	0.05746	0.0561591	0	0.45306	1.39966	1.39966	6.25328	
26.8634	4	800	26.3632	4	770	25.9047	4	770	0.258896	0	4	0.0451031	0.0443933	0.04591	0.0451027	0	0.362457	0.0631368	0.06197	0.0644667	0.0631361	0	0.508437	1.39983	1.39983	6.24577	
43449.9	4	598013	90.0039	4	7532	70.7408	4	7532	0.284333	0	4	0.0490902	0.032895	0.0531	0.0490899	0	0.394115	0.0686673	0.04595	0.074085	0.0686677	0	0.552155	1.3988	1.39881	6.33677	
