13.564	2	22	13.564	2	22	13.449	2	22	0	0	0	0.00470982	0	0.0114286	0.00464286	0	0.0114286	0.00649554	0	0.0171429	0.00642857	0	0.0171429	1.37915	1.38462	14.1848	
13.0728	2	34	13.0728	2	34	12.62	2	34	0	0	0	0.009875	0.002	0.024	0.00984375	0.002	0.024	0.0135625	0.002	0.04	0.0135312	0.002	0.04	1.37342	1.3746	13.6709	
12.9097	2	34	12.9097	2	34	12.9393	2	34	0	0	0	0.0155729	0.00666667	0.0333333	0.0148437	0.00666667	0.0333333	0.0207813	0.00666667	0.0466667	0.0198438	0.00666667	0.0466667	1.33445	1.33684	13.5552	
13.1429	2	36	13.1429	2	36	12.8726	2	34	0	0	0	0.0209635	0.00833333	0.04	0.0209635	0.00833333	0.04	0.0283594	0.00833333	0.055	0.0283333	0.00833333	0.055	1.3528	1.35155	13.7503	
12.926	2	36	12.924	2	36	12.6951	2	34	0	0	0	0.0260417	0.00666667	0.0433333	0.0251563	0.00666667	0.0466667	0.0354688	0.00666667	0.0666667	0.0345312	0.00666667	0.0666667	1.362	1.37267	13.496	
13.0171	2	40	13.012	2	37	12.8544	2	35	0	0	0	0.0304167	0.0133333	0.0533333	0.0290625	0.0133333	0.0533333	0.0409896	0.0133333	0.0833333	0.0396354	0.0166667	0.0833333	1.3476	1.3638	13.6301	
13.5714	2	46	13.5662	2	46	13.2884	2	46	0	0	0	0.035875	0.018	0.058	0.0356563	0.018	0.058	0.0489687	0.022	0.078	0.0485	0.018	0.084	1.36498	1.36021	14.1254	
13.6621	2	37	13.6591	2	37	13.3127	2	37	0	0	0	0.04125	0.026	0.064	0.0411875	0.026	0.062	0.0559375	0.03	0.084	0.055875	0.032	0.082	1.35606	1.3566	14.2333	
14.0113	2	59	14.0057	2	59	13.8482	2	57	0	0	0	0.0460417	0.0266667	0.0733333	0.0442708	0.0166667	0.0733333	0.0621875	0.0266667	0.1	0.0610938	0.0233333	0.11	1.35068	1.38	14.5452	
14.5158	2	38	14.5036	2	38	14.042	2	46	0	0	0	0.0511979	0.0266667	0.0766667	0.0498958	0.0233333	0.07	0.0694792	0.0333333	0.106667	0.0679167	0.03	0.103333	1.35707	1.36117	14.998	
14.5481	2	40	14.5324	2	40	14.1847	2	38	0	0	0	0.05625	0.03	0.0933333	0.0544271	0.03	0.0866667	0.0766667	0.03	0.133333	0.0744792	0.03	0.123333	1.36296	1.36842	15.0389	
15.032	2	58	15.0218	2	58	14.7639	2	56	0	0	0	0.0610156	0.0375	0.085	0.0605859	0.0375	0.085	0.0844141	0.0425	0.13	0.0838672	0.05	0.125	1.38348	1.38427	15.5083	
15.5491	2	65	15.5328	2	65	15.1975	2	65	0	0	0	0.0652188	0.044	0.1	0.0651562	0.046	0.1	0.090375	0.05	0.152	0.0905625	0.056	0.152	1.38572	1.38993	15.9564	
15.9155	2	60	15.8907	2	60	15.3254	2	60	0	0	0	0.0693359	0.0375	0.1025	0.0692578	0.0425	0.1	0.0955859	0.0475	0.1425	0.0958984	0.0575	0.1375	1.37859	1.38466	16.2958	
15.5446	2	48	15.5038	2	48	15.1409	2	46	0	0	0	0.0752083	0.0466667	0.116667	0.0734896	0.0466667	0.11	0.104635	0.06	0.173333	0.10125	0.06	0.153333	1.39127	1.37775	15.8581	
16.331	2	69	16.2966	2	69	16.0622	2	67	0	0	0	0.0802083	0.0533333	0.11	0.0779167	0.0433333	0.113333	0.110885	0.0566667	0.176667	0.107969	0.05	0.18	1.38247	1.3857	16.6353	
16.8746	2	68	16.8278	2	68	16.4925	2	66	0	0	0	0.08475	0.05	0.12	0.0845	0.05	0.12	0.117813	0.07	0.168	0.11725	0.07	0.168	1.39012	1.38757	17.1504	
17.3977	2	71	17.3477	2	71	17.0466	2	69	0	0	0	0.0899688	0.066	0.124	0.0895937	0.062	0.126	0.124656	0.078	0.17	0.124188	0.076	0.178	1.38555	1.38612	17.6363	
17.807	2	70	17.7359	2	70	17.5788	2	68	0	0	0	0.0950312	0.07	0.126	0.0945312	0.068	0.122	0.132312	0.082	0.186	0.130969	0.08	0.186	1.39231	1.38545	17.9168	
18.0606	2	68	17.9837	2	68	17.617	2	67	0	0	0	0.0999687	0.072	0.128	0.099625	0.072	0.13	0.139406	0.088	0.188	0.138406	0.088	0.194	1.3945	1.38927	18.081	
19.3002	2	74	19.1664	2	74	18.9758	2	72	0	0	0	0.104406	0.082	0.134	0.103594	0.08	0.13	0.145813	0.102	0.194	0.143969	0.1	0.194	1.39659	1.38974	19.2257	
19.651	2	72	19.5085	2	72	18.9853	2	84	0	0	0	0.108969	0.08	0.144	0.107563	0.076	0.146	0.15175	0.104	0.212	0.149719	0.104	0.226	1.3926	1.39192	19.4806	
19.8465	2	72	19.6861	2	72	19.1832	2	70	0	0	0	0.113719	0.086	0.15	0.113406	0.092	0.154	0.158344	0.116	0.198	0.157469	0.114	0.202	1.39242	1.38854	19.6668	
21.1466	2	74	20.8608	2	74	20.4907	2	74	0	0	0	0.11875	0.094	0.156	0.11825	0.092	0.156	0.164406	0.128	0.224	0.164031	0.126	0.218	1.38447	1.38716	20.6689	
22.0427	2	92	21.6777	2	92	21.5399	2	90	0	0	0	0.124406	0.094	0.17	0.123906	0.098	0.174	0.172031	0.122	0.234	0.171313	0.116	0.238	1.38282	1.3826	21.3753	
22.6583	2	97	22.1405	2	96	21.8031	2	96	0	0	0	0.12793	0.09	0.165	0.126445	0.0875	0.1675	0.177734	0.1225	0.245	0.176641	0.1125	0.25	1.38931	1.39697	21.6803	
23.5248	2	75	22.9071	2	75	22.7475	2	80	0	0	0	0.13293	0.085	0.1725	0.132422	0.085	0.17	0.183711	0.11	0.2575	0.184531	0.11	0.25	1.38202	1.39351	22.2295	
25.347	2	91	24.2162	2	89	24.1896	2	95	0	0	0	0.139469	0.102	0.176	0.137031	0.106	0.174	0.193438	0.142	0.244	0.19	0.146	0.244	1.38696	1.38655	23.06	
26.3168	2	106	24.6049	2	106	24.5457	2	104	0	0	0	0.144031	0.116	0.18	0.142813	0.116	0.176	0.199625	0.15	0.244	0.198125	0.146	0.244	1.38598	1.38731	23.2465	
28.6389	2	109	25.9715	2	104	25.6252	2	104	0	0	0	0.149125	0.118	0.198	0.147	0.112	0.198	0.207063	0.142	0.286	0.204063	0.142	0.298	1.38852	1.38818	24.1002	
31.4136	2	126	26.5627	2	109	26.7628	2	109	0	0	0	0.154245	0.123333	0.193333	0.153047	0.12	0.183333	0.214036	0.176667	0.261667	0.212656	0.173333	0.266667	1.38764	1.38948	24.0971	
38.332	2	375	27.8501	2	119	28.1843	2	118	0	0	0	0.159281	0.118	0.198	0.155188	0.116	0.192	0.221062	0.162	0.284	0.216	0.156	0.268	1.38788	1.39186	24.6892	
54.2877	2	606	29.6652	2	139	29.9528	2	142	0	0	0	0.163984	0.13	0.191667	0.156901	0.09	0.188333	0.228359	0.17	0.295	0.217917	0.12	0.285	1.39257	1.38888	25.2391	
74.8417	2	678	30.784	2	139	30.3444	2	170	0	0	0	0.169063	0.142857	0.205714	0.156763	0.0857143	0.2	0.236406	0.184286	0.295714	0.218594	0.127143	0.285714	1.39834	1.39442	25.5069	
100.025	2	1121	31.0343	2	159	30.4911	2	197	0	0	0	0.174487	0.142857	0.211429	0.159129	0.0914286	0.204286	0.243482	0.204286	0.305714	0.221607	0.12	0.292857	1.39542	1.39262	25.3894	
138.718	6	1385	31.8478	2	151	31.0119	2	170	0	0	0	0.179196	0.151429	0.212857	0.157232	0.0742857	0.211429	0.250156	0.205714	0.315714	0.219665	0.107143	0.308571	1.39599	1.39708	25.6388	
151.893	2	1392	31.6659	2	180	30.7849	2	180	0	0	0	0.18404	0.147143	0.214286	0.160246	0.0614286	0.21	0.256987	0.2	0.307143	0.223326	0.0871429	0.291429	1.39636	1.39365	25.3308	
179.45	4	1740	31.7348	2	211	30.5835	2	225	0	0	0	0.189353	0.147143	0.237143	0.16058	0.0642857	0.221429	0.264464	0.201429	0.331429	0.223906	0.0871429	0.33	1.39668	1.39436	25.4201	
239.003	2	2695	32.5975	2	175	31.1206	2	206	0	0	0	0.194018	0.158571	0.23	0.158504	0.07	0.212857	0.270335	0.204286	0.328571	0.221295	0.0871429	0.314286	1.39335	1.39614	25.664	
