14.5592	6	36	14.5592	6	36	14.33	6	34	0	0	0	0.00470982	0	0.0114286	0.00470982	0	0.0114286	0.00649554	0	0.0171429	0.00654018	0	0.0171429	1.37915	1.38863	15.1706	
14.945	6	40	14.945	6	40	14.2723	6	40	0	0	0	0.00973214	0.00285714	0.02	0.00964286	0.00285714	0.0185714	0.0133482	0.00285714	0.0314286	0.0132589	0.00285714	0.03	1.37156	1.375	15.5596	
14.7137	6	42	14.7137	6	42	14.2718	6	40	0	0	0	0.0155134	0.00714286	0.0257143	0.0153571	0.00714286	0.0242857	0.0211161	0.00714286	0.0371429	0.0210268	0.00857143	0.0371429	1.36115	1.36919	15.3165	
15.5112	6	40	15.5112	6	40	15.2712	6	40	0	0	0	0.0210156	0.0025	0.0425	0.0203906	0.0025	0.04	0.0288281	0.0025	0.065	0.0280078	0.0025	0.065	1.37175	1.37356	16.1041	
15.3183	6	40	15.3183	6	40	15.0143	6	40	0	0	0	0.0263125	0.01	0.042	0.0259375	0.01	0.044	0.0357813	0.012	0.066	0.035	0.012	0.066	1.35986	1.3494	15.8979	
15.1554	6	42	15.1541	6	42	15.2318	6	42	0	0	0	0.0306641	0.015	0.055	0.0300781	0.0125	0.0525	0.0421094	0.015	0.085	0.0410937	0.0125	0.0825	1.37325	1.36623	15.7006	
15.7195	6	41	15.7178	6	41	15.3453	6	41	0	0	0	0.035875	0.018	0.058	0.03575	0.016	0.056	0.0489687	0.022	0.078	0.0488125	0.02	0.078	1.36498	1.36538	16.2509	
15.5624	6	43	15.5596	6	43	15.7055	6	66	0	0	0	0.0409375	0.0225	0.0575	0.0408984	0.02	0.06	0.0555078	0.0275	0.0925	0.0552344	0.025	0.095	1.35592	1.35053	16.0925	
15.3878	6	42	15.3783	6	42	15.3089	6	42	0	0	0	0.0454297	0.0275	0.0675	0.0451953	0.0275	0.07	0.0616406	0.0325	0.1025	0.0616016	0.0325	0.1075	1.35684	1.36301	15.9304	
15.7104	6	42	15.7051	6	42	15.4211	6	42	0	0	0	0.0508594	0.0275	0.075	0.0509375	0.0275	0.0775	0.0691406	0.0375	0.11	0.0692187	0.035	0.1125	1.35945	1.3589	16.2197	
16.388	6	68	16.3806	6	68	16.1306	6	66	0	0	0	0.05625	0.03	0.0933333	0.054375	0.03	0.09	0.0766667	0.03	0.133333	0.0740104	0.03	0.123333	1.36296	1.36111	16.9	
16.404	6	69	16.395	6	69	15.9776	6	67	0	0	0	0.0610156	0.0375	0.085	0.0603125	0.0375	0.0875	0.0844141	0.0425	0.13	0.0830469	0.0425	0.1325	1.38348	1.37694	16.8553	
17.2473	6	83	17.2287	6	83	16.956	6	83	0	0	0	0.0651953	0.0425	0.105	0.0651562	0.04	0.1075	0.0907031	0.0475	0.165	0.090625	0.05	0.165	1.39125	1.39089	17.6263	
17.3384	6	83	17.3173	6	83	17.0167	6	83	0	0	0	0.0695313	0.04	0.096	0.0696563	0.044	0.096	0.0961875	0.056	0.14	0.0963438	0.06	0.134	1.38337	1.38313	17.6769	
17.7681	6	71	17.7566	6	71	17.4724	6	71	0	0	0	0.0749609	0.045	0.1025	0.0745312	0.045	0.1025	0.103672	0.06	0.1625	0.103086	0.06	0.1525	1.38301	1.38312	18.1131	
18.0043	6	67	17.9668	6	67	17.781	6	66	0	0	0	0.08	0.062	0.104	0.080125	0.06	0.106	0.110531	0.072	0.148	0.110812	0.076	0.152	1.38164	1.383	18.3	
18.0535	6	66	18.0125	6	66	17.6757	6	68	0	0	0	0.08475	0.05	0.12	0.0844375	0.048	0.118	0.117813	0.07	0.168	0.117313	0.068	0.166	1.39012	1.38934	18.3046	
18.2112	6	74	18.1737	6	74	17.9772	6	72	0	0	0	0.0899688	0.066	0.124	0.0891875	0.06	0.126	0.124656	0.078	0.17	0.123906	0.078	0.178	1.38555	1.38928	18.447	
18.8652	6	74	18.7997	6	74	18.5029	6	72	0	0	0	0.0950312	0.07	0.126	0.0944062	0.068	0.122	0.132312	0.082	0.186	0.131156	0.08	0.182	1.39231	1.38928	18.9711	
19.2695	6	73	19.1988	6	73	18.9214	6	85	0	0	0	0.0999687	0.072	0.128	0.09975	0.072	0.128	0.139406	0.088	0.188	0.138906	0.088	0.198	1.3945	1.39254	19.292	
19.6274	6	72	19.545	6	72	19.3491	6	72	0	0	0	0.104406	0.082	0.134	0.104031	0.084	0.134	0.145813	0.102	0.194	0.144937	0.102	0.198	1.39659	1.39321	19.6244	
20.2549	6	73	20.142	6	72	19.6073	6	72	0	0	0	0.108969	0.08	0.144	0.107906	0.078	0.146	0.15175	0.104	0.212	0.150281	0.106	0.216	1.3926	1.3927	20.1592	
20.3938	6	90	20.2535	6	90	20.1323	6	88	0	0	0	0.112461	0.085	0.14	0.111367	0.08	0.15	0.157188	0.11	0.2	0.155	0.105	0.2125	1.39771	1.39179	20.1931	
21.7976	6	92	21.5458	6	92	21.3453	6	92	0	0	0	0.11875	0.094	0.156	0.118531	0.09	0.15	0.164406	0.128	0.224	0.164813	0.124	0.226	1.38447	1.39046	21.3295	
22.6539	6	91	22.3291	6	91	22.113	6	91	0	0	0	0.124406	0.094	0.17	0.123469	0.096	0.172	0.172031	0.122	0.234	0.170531	0.114	0.234	1.38282	1.38117	21.9887	
23.206	6	92	22.7962	6	91	22.5137	6	90	0	0	0	0.129406	0.096	0.16	0.1285	0.094	0.162	0.179563	0.128	0.228	0.178437	0.13	0.234	1.38759	1.38862	22.3369	
24.4394	6	93	23.7405	6	89	23.6201	6	89	0	0	0	0.134625	0.096	0.176	0.13225	0.094	0.168	0.186375	0.124	0.254	0.184125	0.122	0.248	1.3844	1.39225	22.8394	
24.9726	6	96	24.2173	6	96	23.8872	6	94	0	0	0	0.138698	0.1	0.17	0.136042	0.103333	0.166667	0.19375	0.133333	0.246667	0.190781	0.12	0.243333	1.39692	1.40237	23.1546	
26.6604	6	102	25.0931	6	98	25.1639	6	98	0	0	0	0.144031	0.116	0.18	0.142094	0.11	0.18	0.199625	0.15	0.244	0.1965	0.134	0.24	1.38598	1.38289	23.6934	
29.6096	6	116	26.6366	6	98	26.5576	6	98	0	0	0	0.149125	0.118	0.198	0.146625	0.11	0.196	0.207063	0.142	0.286	0.203344	0.134	0.3	1.38852	1.38683	24.2477	
31.4795	6	117	27.2437	6	99	27.1667	6	99	0	0	0	0.154406	0.12	0.184	0.151812	0.116	0.188	0.21425	0.156	0.27	0.210906	0.148	0.26	1.38757	1.38925	24.6017	
37.185	6	254	29.1489	6	106	29.6456	6	137	0	0	0	0.159281	0.118	0.198	0.153844	0.124	0.19	0.221062	0.162	0.284	0.213594	0.174	0.288	1.38788	1.38838	25.0408	
57.7777	6	638	30.9786	6	160	30.8736	6	173	0	0	0	0.163984	0.13	0.191667	0.157005	0.095	0.193333	0.228359	0.17	0.295	0.218177	0.125	0.293333	1.39257	1.38962	25.5976	
92.2519	6	1749	32.4496	6	172	33.6222	6	203	0	0	0	0.169063	0.142857	0.205714	0.156183	0.0671429	0.201429	0.236406	0.184286	0.295714	0.217634	0.0957143	0.294286	1.39834	1.39345	25.8681	
120.104	6	2092	31.9403	6	153	33.4866	6	178	0	0	0	0.174487	0.142857	0.211429	0.158817	0.0657143	0.202857	0.243482	0.204286	0.305714	0.221071	0.0971429	0.285714	1.39542	1.39199	25.5539	
180.629	6	5390	34.0387	6	184	35.9232	6	249	0	0	0	0.179196	0.151429	0.212857	0.157924	0.0471429	0.201429	0.250156	0.205714	0.315714	0.220737	0.0614286	0.284286	1.39599	1.39774	26.2417	
340.457	6	9218	34.358	6	161	37.2833	6	268	0	0	0	0.18404	0.147143	0.214286	0.157589	0.0257143	0.197143	0.256987	0.2	0.307143	0.220067	0.04	0.294286	1.39636	1.39646	26.479	
