8.66825	1	22	8.66825	1	22	8.50853	1	20	0	0	0	0.00470982	0	0.0114286	0.00470982	0	0.0142857	0.00649554	0	0.0171429	0.00649554	0	0.02	1.37915	1.37915	9.2891	
8.43807	1	22	8.43807	1	22	7.90759	1	22	0	0	0	0.00973214	0.00285714	0.02	0.00964286	0	0.0214286	0.0133482	0.00285714	0.0314286	0.0132589	0	0.0342857	1.37156	1.375	9.06193	
9.21235	1	44	9.21235	1	44	8.79019	1	44	0	0	0	0.0158203	0.005	0.0325	0.0154687	0	0.05	0.0215234	0.0075	0.0475	0.0209375	0	0.06	1.36049	1.35354	9.83951	
8.56877	1	30	8.56877	1	30	8.14013	1	30	0	0	0	0.0210156	0.0025	0.0425	0.0205078	0	0.0525	0.0288281	0.0025	0.065	0.0280859	0	0.0825	1.37175	1.36952	9.16357	
9.0924	1	49	9.0924	1	49	8.94775	1	47	0	0	0	0.0262109	0.01	0.045	0.0259766	0	0.07	0.0351172	0.01	0.075	0.0349219	0	0.105	1.33979	1.34436	9.72578	
8.82166	1	34	8.82166	1	34	8.56885	1	34	0	0	0	0.0306641	0.015	0.055	0.0302344	0	0.075	0.0421094	0.015	0.085	0.0412891	0	0.12	1.37325	1.36563	9.42293	
9.02003	1	44	9.01829	1	44	8.78144	1	44	0	0	0	0.035875	0.018	0.058	0.03575	0	0.08	0.0489687	0.022	0.078	0.04875	0	0.106	1.36498	1.36364	9.62195	
8.77879	1	34	8.77879	1	34	8.55233	1	34	0	0	0	0.04125	0.026	0.064	0.0411875	0	0.11	0.0559375	0.03	0.084	0.0558125	0	0.154	1.35606	1.35508	9.38864	
9.12783	1	46	9.1267	1	46	8.9826	1	44	0	0	0	0.0460417	0.0266667	0.0733333	0.0445833	0	0.12	0.0621875	0.0266667	0.1	0.0613542	0	0.153333	1.35068	1.37617	9.72059	
9.31638	1	34	9.31536	1	34	8.9262	1	34	0	0	0	0.0511979	0.0266667	0.0766667	0.05	0	0.126667	0.0694792	0.0333333	0.106667	0.0680729	0	0.193333	1.35707	1.36146	9.89624	
9.63859	1	53	9.63581	1	53	9.4767	1	51	0	0	0	0.0560312	0.038	0.084	0.0559687	0	0.118	0.0776562	0.042	0.126	0.0774062	0	0.176	1.38595	1.38303	10.1913	
9.60755	1	49	9.60563	1	49	9.52071	1	47	0	0	0	0.0610156	0.0375	0.085	0.0605859	0	0.1325	0.0844141	0.0425	0.13	0.0841016	0	0.1925	1.38348	1.38814	10.1562	
9.59701	1	71	9.59042	1	71	9.34866	1	71	0	0	0	0.0651953	0.0425	0.105	0.0644141	0	0.1425	0.0907031	0.0475	0.165	0.0891406	0	0.2025	1.39125	1.38387	10.1269	
9.56135	1	46	9.55955	1	46	9.30439	1	45	0	0	0	0.0695313	0.04	0.096	0.0700313	0	0.156	0.0961875	0.056	0.14	0.0969062	0	0.228	1.38337	1.38376	10.0863	
9.65242	1	60	9.64773	1	60	9.39449	1	58	0	0	0	0.0749609	0.045	0.1025	0.0747266	0	0.1675	0.103672	0.06	0.1625	0.103164	0	0.25	1.38301	1.38055	10.1725	
10.3398	1	70	10.3328	1	70	10.0636	1	68	0	0	0	0.08	0.062	0.104	0.0801562	0	0.168	0.110531	0.072	0.148	0.111031	0	0.28	1.38164	1.38519	10.8379	
9.66445	1	55	9.6604	1	55	9.48302	1	53	0	0	0	0.08475	0.05	0.12	0.0850313	0	0.202	0.117813	0.07	0.168	0.118281	0	0.262	1.39012	1.39103	10.1549	
10.2272	1	64	10.2206	1	64	10.0324	1	62	0	0	0	0.0899688	0.066	0.124	0.089875	0	0.194	0.124656	0.078	0.17	0.124719	0	0.27	1.38555	1.38769	10.6926	
9.96946	1	68	9.96286	1	68	9.93497	1	66	0	0	0	0.0946484	0.0675	0.1275	0.094375	0	0.23	0.131055	0.0775	0.2025	0.130078	0	0.34	1.38465	1.37831	10.4358	
10.4264	1	70	10.4126	1	70	10.1867	1	68	0	0	0	0.0999687	0.072	0.128	0.100094	0	0.216	0.139406	0.088	0.188	0.139437	0	0.282	1.3945	1.39307	10.8525	
10.5462	1	68	10.5271	1	68	10.2883	1	66	0	0	0	0.104406	0.082	0.134	0.103969	0	0.23	0.145813	0.102	0.194	0.144844	0	0.322	1.39659	1.39315	10.9554	
10.3717	1	68	10.3556	1	68	10.164	1	66	0	0	0	0.108969	0.08	0.144	0.108813	0	0.254	0.15175	0.104	0.212	0.151406	0	0.358	1.3926	1.39144	10.7958	
10.8088	1	79	10.7814	1	79	10.6303	1	79	0	0	0	0.113719	0.086	0.15	0.113125	0	0.254	0.158344	0.116	0.198	0.15725	0	0.346	1.39242	1.39006	11.1582	
11.3626	1	68	11.335	1	68	11.1183	1	66	0	0	0	0.11875	0.094	0.156	0.118406	0	0.246	0.164406	0.128	0.224	0.164281	0	0.346	1.38447	1.38744	11.7137	
11.7687	1	73	11.7305	1	73	11.4635	1	73	0	0	0	0.124406	0.094	0.17	0.124	0	0.268	0.172031	0.122	0.234	0.171344	0	0.37	1.38282	1.3818	12.0688	
12.2463	1	74	12.1801	1	74	11.9102	1	74	0	0	0	0.129406	0.096	0.16	0.128844	0	0.306	0.179563	0.128	0.228	0.179	0	0.414	1.38759	1.38928	12.4707	
12.1114	1	69	12.0397	1	69	12.0366	1	68	0	0	0	0.134625	0.096	0.176	0.134375	0	0.276	0.186375	0.124	0.254	0.186438	0	0.384	1.3844	1.38744	12.3656	
12.1826	1	98	12.1057	1	98	11.9917	1	96	0	0	0	0.139469	0.102	0.176	0.139031	0	0.312	0.193438	0.142	0.244	0.193188	0	0.432	1.38696	1.38953	12.3846	
12.7567	1	73	12.6217	1	72	12.8862	1	73	0	0	0	0.142344	0.105	0.1925	0.142617	0	0.28	0.19625	0.135	0.2575	0.196328	0	0.4	1.3787	1.37661	12.8326	
12.6515	1	83	12.5455	1	83	12.4016	1	82	0	0	0	0.149125	0.118	0.198	0.149062	0	0.33	0.207063	0.142	0.286	0.206563	0	0.474	1.38852	1.38574	12.7731	
12.7225	1	73	12.6157	1	73	12.3915	1	71	0	0	0	0.154406	0.12	0.184	0.153625	0	0.338	0.21425	0.156	0.27	0.212844	0	0.484	1.38757	1.38548	12.7966	
13.7457	1	90	13.5209	1	90	13.4584	1	88	0	0	0	0.159281	0.118	0.198	0.15875	0	0.368	0.221062	0.162	0.284	0.220125	0	0.502	1.38788	1.38661	13.5187	
14.1594	1	103	13.9243	1	103	13.8658	1	103	0	0	0	0.164219	0.126	0.198	0.162656	0	0.36	0.228375	0.176	0.304	0.225344	0	0.538	1.39068	1.3854	13.9448	
14.3533	1	88	14.0415	1	88	14.1322	1	88	0	0	0	0.16925	0.132	0.212	0.167969	0	0.36	0.235344	0.176	0.296	0.233906	0	0.532	1.39051	1.39256	13.9616	
15.3412	1	81	14.9204	1	78	15.03	1	84	0	0	0	0.174219	0.126	0.204	0.174187	0	0.39	0.242063	0.17	0.3	0.241906	0	0.55	1.38942	1.38877	14.7427	
15.6753	1	123	15.0694	1	99	15.058	1	99	0	0	0	0.178719	0.142	0.214	0.177875	0	0.388	0.248281	0.198	0.302	0.247312	0	0.528	1.38923	1.39037	14.8675	
17.2906	1	120	16.5007	1	110	16.7502	1	119	0	0	0	0.183625	0.138	0.216	0.181812	0	0.368	0.255625	0.194	0.336	0.252625	0	0.536	1.3921	1.38948	16.0856	
16.8769	1	109	15.9974	1	109	15.9656	1	109	0	0	0	0.188781	0.148	0.236	0.187062	0	0.392	0.263031	0.206	0.336	0.26025	0	0.566	1.39331	1.39125	15.5712	
16.9597	1	128	15.708	1	126	15.8503	1	124	0	0	0	0.193812	0.15	0.232	0.193344	0	0.396	0.269937	0.19	0.33	0.268594	0	0.558	1.39278	1.3892	15.1891	
17.7699	1	94	16.2566	1	94	16.2512	1	96	0	0	0	0.199031	0.146	0.236	0.198937	0	0.418	0.278156	0.198	0.342	0.277813	0	0.598	1.39755	1.39648	15.6197	
18.1267	1	105	16.4665	1	105	16.4896	1	105	0	0	0	0.204625	0.164	0.248	0.202156	0	0.426	0.286656	0.216	0.352	0.282656	0	0.61	1.40089	1.39821	15.7586	
21.6387	1	159	17.7156	1	104	17.4091	1	106	0	0	0	0.209656	0.166	0.27	0.207781	0	0.436	0.292906	0.222	0.398	0.290812	0	0.606	1.39708	1.39961	16.5429	
33.708	1	647	18.2181	1	130	17.8491	1	128	0	0	0	0.214978	0.181429	0.262857	0.210022	0	0.484286	0.299888	0.241429	0.377143	0.293013	0	0.687143	1.39497	1.39515	16.8653	
52.5277	1	1148	19.1842	1	156	19.4258	1	170	0	0	0	0.220402	0.174286	0.264286	0.213214	0	0.468571	0.307723	0.24	0.39	0.296696	0	0.664286	1.39619	1.39154	17.2849	
42.4494	1	611	19.4302	1	125	18.6266	1	125	0	0	0	0.224933	0.187143	0.27	0.215938	0	0.47	0.31346	0.264286	0.374286	0.301272	0	0.625714	1.39357	1.39518	17.4096	
61.9256	1	1447	19.6303	1	179	20.0898	1	229	0	0	0	0.229665	0.187143	0.271429	0.217031	0	0.461429	0.320089	0.267143	0.375714	0.302924	0	0.651429	1.39372	1.39576	17.503	
68.6742	1	1329	19.815	1	143	20.1354	1	193	0	0	0	0.234933	0.202857	0.268571	0.221451	0	0.492857	0.327478	0.271429	0.385714	0.309018	0	0.727143	1.39392	1.39542	17.445	
104.797	1	1483	23.8968	1	293	22.6599	1	293	0	0	0	0.240469	0.205714	0.284286	0.216205	0	0.501429	0.335446	0.268571	0.401429	0.302679	0	0.711429	1.39497	1.39996	19.5932	
115.755	1	1877	22.8381	1	210	22.9878	1	242	0	0	0	0.245781	0.201429	0.278571	0.220246	0	0.51	0.342232	0.252857	0.415714	0.306942	0	0.737143	1.39243	1.39364	19.0957	
139.233	1	2617	23.399	1	318	23.7383	1	318	0	0	0	0.251228	0.211429	0.291429	0.221071	0	0.518571	0.349085	0.284286	0.408571	0.308103	0	0.712857	1.38952	1.39368	19.3754	
168.788	1	2276	23.8142	1	215	24.0246	1	248	0	0	0	0.255647	0.22	0.291429	0.220938	0	0.537143	0.354978	0.304286	0.405714	0.30817	0	0.761429	1.38854	1.39483	19.2348	
182.246	1	1655	25.61	1	258	25.1893	1	259	0	0	0	0.26058	0.218571	0.305714	0.219799	0	0.544286	0.361607	0.298571	0.43	0.30654	0	0.762857	1.3877	1.39464	20.2414	
164.81	1	1178	25.3226	1	211	25.6593	1	324	0	0	0	0.26529	0.224286	0.295714	0.224487	0	0.561429	0.368817	0.307143	0.425714	0.312723	0	0.831429	1.39024	1.39306	19.9453	
188.82	1	1573	24.7976	1	259	25.9957	1	305	0	0	0	0.270134	0.214286	0.31	0.224911	0	0.58	0.375893	0.302857	0.445714	0.313884	0	0.808571	1.39151	1.39559	19.6421	
238.3	1	2320	25.9832	1	252	26.4603	1	344	0	0	0	0.274844	0.238571	0.32	0.226473	0	0.6	0.382723	0.32	0.474286	0.313839	0	0.817143	1.39251	1.38577	20.1686	
