10.0047	1	37	10.0047	1	37	9.55479	1	35	0	0	0	0.00470982	0	0.0114286	0.00462054	0	0.0114286	0.00649554	0	0.0171429	0.00640625	0	0.0185714	1.37915	1.38647	10.6256	
9.5981	1	55	9.5981	1	55	9.43172	1	53	0	0	0	0.009875	0.002	0.024	0.00978125	0.002	0.018	0.0135625	0.002	0.04	0.0134687	0.002	0.034	1.37342	1.377	10.2089	
9.63457	1	36	9.63457	1	36	9.09182	1	35	0	0	0	0.0158203	0.005	0.0325	0.0153906	0.005	0.03	0.0215234	0.0075	0.0475	0.0208203	0.005	0.0475	1.36049	1.35279	10.2642	
9.5528	1	53	9.5528	1	53	9.31155	1	51	0	0	0	0.0209635	0.00833333	0.04	0.0210938	0.00833333	0.0383333	0.0283594	0.00833333	0.055	0.0284375	0.0116667	0.055	1.3528	1.34815	10.1752	
9.46556	1	39	9.46437	1	39	9.02176	1	39	0	0	0	0.0263125	0.01	0.042	0.0261562	0.006	0.046	0.0357813	0.012	0.066	0.0356875	0.01	0.066	1.35986	1.3644	10.0606	
9.84507	1	46	9.84507	1	46	9.45515	1	44	0	0	0	0.0310625	0.016	0.05	0.0306875	0.016	0.056	0.0425	0.018	0.078	0.041875	0.02	0.092	1.36821	1.36456	10.4427	
9.75523	1	57	9.75523	1	57	9.37314	1	55	0	0	0	0.035875	0.018	0.058	0.0356875	0.018	0.056	0.0489687	0.022	0.078	0.0485625	0.018	0.084	1.36498	1.36077	10.3397	
10.347	1	39	10.347	1	39	10.4221	1	39	0	0	0	0.0409375	0.0225	0.0575	0.0407031	0.0225	0.0675	0.0555078	0.0275	0.0925	0.0550781	0.0225	0.1025	1.35592	1.35317	10.9018	
10.8462	1	46	10.8462	1	46	10.7217	1	61	0	0	0	0.0457188	0.03	0.066	0.0455938	0.024	0.068	0.0619063	0.034	0.096	0.0618125	0.028	0.104	1.35407	1.35572	11.3937	
10.7235	1	59	10.7235	1	59	10.4672	1	57	0	0	0	0.0508594	0.0275	0.075	0.0504687	0.025	0.0825	0.0691406	0.0375	0.11	0.0687109	0.03	0.12	1.35945	1.36146	11.2542	
10.4772	1	56	10.4758	1	56	10.0594	1	54	0	0	0	0.0557422	0.0325	0.0925	0.0554297	0.03	0.08	0.0764062	0.0325	0.13	0.0755078	0.035	0.13	1.37071	1.36223	10.9846	
10.5013	1	85	10.5	1	85	10.3026	1	83	0	0	0	0.0610156	0.0375	0.085	0.0610547	0.035	0.085	0.0844141	0.0425	0.13	0.084375	0.04	0.1375	1.38348	1.38196	10.968	
10.6076	1	44	10.6076	1	44	10.3036	1	44	0	0	0	0.0652188	0.044	0.1	0.0652812	0.042	0.09	0.090375	0.05	0.152	0.0903438	0.056	0.13	1.38572	1.38392	11.0934	
11.1825	1	60	11.1825	1	60	11.0344	1	63	0	0	0	0.0695313	0.04	0.096	0.0698125	0.044	0.098	0.0961875	0.056	0.14	0.0966562	0.056	0.138	1.38337	1.38451	11.6373	
11.3612	1	58	11.3585	1	58	11.1805	1	63	0	0	0	0.0752083	0.0466667	0.116667	0.0735417	0.03	0.106667	0.104635	0.06	0.173333	0.10151	0.0366667	0.173333	1.39127	1.38031	11.7986	
10.9531	1	65	10.9504	1	65	10.7483	1	63	0	0	0	0.08	0.062	0.104	0.0799688	0.058	0.108	0.110531	0.072	0.148	0.110406	0.066	0.164	1.38164	1.38062	11.3797	
11.4358	1	63	11.4329	1	63	11.2431	1	61	0	0	0	0.08475	0.05	0.12	0.0845	0.056	0.12	0.117813	0.07	0.168	0.1175	0.064	0.172	1.39012	1.39053	11.8267	
11.6552	1	64	11.6521	1	64	11.6666	1	62	0	0	0	0.0896094	0.0675	0.13	0.0892578	0.0575	0.12	0.123438	0.0875	0.19	0.122578	0.0675	0.1675	1.37751	1.3733	12.0371	
11.6363	1	69	11.632	1	69	11.4971	1	67	0	0	0	0.0950312	0.07	0.126	0.094625	0.054	0.126	0.132312	0.082	0.186	0.131375	0.062	0.178	1.39231	1.38838	12.0036	
12.1588	1	65	12.1516	1	65	11.9101	1	63	0	0	0	0.0999687	0.072	0.128	0.0997187	0.07	0.124	0.139406	0.088	0.188	0.138969	0.082	0.184	1.3945	1.39361	12.4698	
12.4594	1	71	12.4547	1	71	12.1716	1	71	0	0	0	0.104406	0.082	0.134	0.104219	0.068	0.134	0.145813	0.102	0.194	0.14575	0.096	0.198	1.39659	1.3985	12.7321	
12.1268	1	68	12.119	1	68	11.7517	1	67	0	0	0	0.108969	0.08	0.144	0.108656	0.078	0.14	0.15175	0.104	0.212	0.151406	0.098	0.204	1.3926	1.39344	12.4523	
12.4378	1	74	12.426	1	74	12.0681	1	72	0	0	0	0.113719	0.086	0.15	0.113281	0.086	0.152	0.158344	0.116	0.198	0.157375	0.112	0.216	1.39242	1.38924	12.7028	
12.7176	1	84	12.6982	1	84	12.5639	1	84	0	0	0	0.11875	0.094	0.156	0.11875	0.09	0.154	0.164406	0.128	0.224	0.164406	0.12	0.218	1.38447	1.38447	12.9684	
12.747	1	70	12.733	1	70	12.5697	1	68	0	0	0	0.124406	0.094	0.17	0.124438	0.092	0.162	0.172031	0.122	0.234	0.171813	0.128	0.23	1.38282	1.38071	12.9694	
13.1973	1	74	13.1798	1	74	13.0568	1	74	0	0	0	0.12793	0.09	0.165	0.128242	0.09	0.1775	0.177734	0.1225	0.245	0.17875	0.1225	0.2575	1.38931	1.39385	13.3826	
13.5448	1	66	13.5125	1	66	13.5374	1	70	0	0	0	0.13293	0.085	0.1725	0.132578	0.0975	0.18	0.183711	0.11	0.2575	0.183789	0.135	0.25	1.38202	1.38627	13.6914	
13.2581	1	80	13.233	1	80	13.0647	1	78	0	0	0	0.139469	0.102	0.176	0.139187	0.102	0.18	0.193438	0.142	0.244	0.193219	0.148	0.252	1.38696	1.38819	13.3996	
13.7062	1	79	13.6685	1	79	13.622	1	86	0	0	0	0.144031	0.116	0.18	0.143344	0.108	0.182	0.199625	0.15	0.244	0.198563	0.152	0.258	1.38598	1.38522	13.7589	
14.5029	1	70	14.4561	1	70	14.4458	1	78	0	0	0	0.147383	0.1125	0.195	0.146797	0.1125	0.19	0.204141	0.14	0.28	0.203164	0.1475	0.27	1.3851	1.38398	14.5302	
15.46	1	86	15.3951	1	84	15.1344	1	82	0	0	0	0.154406	0.12	0.184	0.153125	0.116	0.19	0.21425	0.156	0.27	0.212062	0.148	0.286	1.38757	1.3849	15.3493	
15.5193	1	90	15.4397	1	90	15.4497	1	88	0	0	0	0.159281	0.118	0.198	0.158844	0.128	0.206	0.221062	0.162	0.284	0.220656	0.16	0.284	1.38788	1.38914	15.3274	
15.8373	1	93	15.7405	1	93	15.9117	1	93	0	0	0	0.164219	0.126	0.198	0.163562	0.132	0.206	0.228375	0.176	0.304	0.227125	0.168	0.304	1.39068	1.38861	15.5921	
16.4678	1	98	16.304	1	98	16.1184	1	96	0	0	0	0.16925	0.132	0.212	0.168687	0.136	0.212	0.235344	0.176	0.296	0.233969	0.168	0.306	1.39051	1.387	16.014	
17.7307	1	92	17.5058	1	92	17.6481	1	90	0	0	0	0.174219	0.126	0.204	0.173594	0.138	0.222	0.242063	0.17	0.3	0.241094	0.182	0.33	1.38942	1.38884	17.066	
17.7713	1	94	17.5101	1	94	17.7328	1	92	0	0	0	0.178719	0.142	0.214	0.177687	0.144	0.218	0.248281	0.198	0.302	0.24775	0.188	0.316	1.38923	1.3943	16.9698	
19.6203	1	91	19.0565	1	90	19.2555	1	93	0	0	0	0.183625	0.138	0.216	0.180656	0.14	0.228	0.255625	0.194	0.336	0.2515	0.198	0.328	1.3921	1.39215	18.1444	
19.7313	1	99	19.0885	1	99	19.7619	1	104	0	0	0	0.188781	0.148	0.236	0.186938	0.15	0.228	0.263031	0.206	0.336	0.259937	0.212	0.344	1.39331	1.3905	18.1241	
21.639	1	121	20.4678	1	121	20.5916	1	119	0	0	0	0.193812	0.15	0.232	0.191625	0.158	0.242	0.269937	0.19	0.33	0.266594	0.212	0.358	1.39278	1.39123	18.9987	
22.4206	1	127	21.1062	1	126	21.0181	1	126	0	0	0	0.199031	0.146	0.236	0.195469	0.154	0.246	0.278156	0.198	0.342	0.272813	0.21	0.364	1.39755	1.39568	19.3975	
26.0352	1	137	22.7829	1	116	22.9737	1	116	0	0	0	0.205	0.175	0.243333	0.199609	0.166667	0.238333	0.286589	0.221667	0.353333	0.279141	0.223333	0.341667	1.39799	1.39843	20.2039	
33.5694	1	208	24.7081	1	142	24.69	1	142	0	0	0	0.209576	0.172857	0.262857	0.204531	0.165714	0.237143	0.292187	0.21	0.391429	0.28529	0.22	0.345714	1.39418	1.39485	20.9228	
40.1789	1	229	25.7099	1	174	25.535	1	174	0	0	0	0.214978	0.181429	0.262857	0.207143	0.161429	0.237143	0.299888	0.241429	0.377143	0.289687	0.221429	0.351429	1.39497	1.39849	21.1053	
52.7322	1	263	26.1192	1	178	26.3193	1	178	0	0	0	0.220402	0.174286	0.264286	0.207009	0.16	0.244286	0.307723	0.24	0.39	0.289174	0.217143	0.357143	1.39619	1.39692	21.1625	
78.016	1	368	27.4895	1	180	27.0969	1	181	0	0	0	0.224933	0.187143	0.27	0.202746	0.162857	0.234286	0.31346	0.264286	0.374286	0.282545	0.214286	0.351429	1.39357	1.39359	21.6225	
80.2144	1	477	27.1875	1	188	26.9767	1	251	0	0	0	0.229665	0.187143	0.271429	0.209196	0.168571	0.242857	0.320089	0.267143	0.375714	0.291987	0.22	0.344286	1.39372	1.39575	21.4459	
91.5535	1	405	27.7177	1	185	27.409	1	233	0	0	0	0.234933	0.202857	0.268571	0.207522	0.161429	0.232857	0.327478	0.271429	0.385714	0.290156	0.215714	0.347143	1.39392	1.39819	21.6628	
110.705	1	528	28.2526	1	194	27.8635	1	199	0	0	0	0.240469	0.205714	0.284286	0.208304	0.17	0.242857	0.335446	0.268571	0.401429	0.290067	0.234286	0.348571	1.39497	1.39252	21.6779	
132.823	1	680	28.3463	1	198	27.5697	1	228	0	0	0	0.245781	0.201429	0.278571	0.206808	0.164286	0.234286	0.342232	0.252857	0.415714	0.288415	0.224286	0.342857	1.39243	1.3946	21.6529	
139.559	1	602	28.0152	1	184	27.4796	1	221	0	0	0	0.251228	0.211429	0.291429	0.209174	0.164286	0.24	0.349085	0.284286	0.408571	0.290871	0.224286	0.35	1.38952	1.39057	21.5023	
157.545	1	650	28.4624	1	186	27.9227	1	240	0	0	0	0.255647	0.22	0.291429	0.208661	0.174286	0.242857	0.354978	0.304286	0.405714	0.291964	0.232857	0.357143	1.38854	1.39923	21.6903	
170.749	1	718	27.5925	1	200	27.4208	1	238	0	0	0	0.26058	0.218571	0.305714	0.210402	0.17	0.241429	0.361607	0.298571	0.43	0.294174	0.224286	0.352857	1.3877	1.39815	21.3279	
187.966	1	688	28.4255	1	247	27.9193	1	247	0	0	0	0.26529	0.224286	0.295714	0.207232	0.165714	0.24	0.368817	0.307143	0.425714	0.290112	0.222857	0.355714	1.39024	1.39994	21.5671	
198.424	1	825	28.1872	1	214	27.4038	1	256	0	0	0	0.270134	0.214286	0.31	0.211049	0.175714	0.247143	0.375893	0.302857	0.445714	0.294196	0.238571	0.361429	1.39151	1.39397	21.4928	
232.07	1	1356	28.6769	1	206	27.7282	1	251	0	0	0	0.274844	0.238571	0.32	0.206094	0.167143	0.234286	0.382723	0.32	0.474286	0.287924	0.237143	0.34	1.39251	1.39705	21.8286	
