8.89881	2	21	8.88315	2	20	8.48687	2	18	0	0	0	0.00499391	0.00467667	0.00542	0.00499401	0.00467667	0.00542	0.00697302	0.00645	0.00752667	0.00697323	0.00645	0.00752667	1.39631	1.39632	9.48157	
8.95679	2	25	8.9223	2	19	8.51526	2	17	0	0	0	0.0100062	0.00967667	0.0104433	0.010006	0.00967667	0.0104433	0.014022	0.01365	0.0149067	0.0140217	0.01365	0.0149067	1.40133	1.40133	9.50903	
8.99806	2	28	8.94372	2	20	8.54262	2	18	0	0	0	0.0150311	0.0145533	0.01544	0.015031	0.01455	0.01544	0.0210356	0.0203867	0.0217467	0.0210354	0.0203833	0.0217467	1.39947	1.39947	9.5254	
9.03521	2	27	8.95794	2	20	8.56446	2	18	0	0	0	0.020063	0.0194367	0.0205867	0.0200631	0.0194367	0.02059	0.0280604	0.0270267	0.0289667	0.0280608	0.02703	0.0289667	1.39861	1.39863	9.53359	
9.07666	2	30	8.9722	2	20	8.57453	2	19	0	0	0	0.0250671	0.0244433	0.0256067	0.0250669	0.0244433	0.0256067	0.0350995	0.0341933	0.0359867	0.0350996	0.0342067	0.0359867	1.40022	1.40023	9.53863	
9.13307	2	36	8.99632	2	22	8.59799	2	20	0	0	0	0.0300682	0.02923	0.0306967	0.030068	0.0292333	0.0307	0.0420955	0.04075	0.0432833	0.0420949	0.04076	0.0432733	1.4	1.39999	9.55447	
9.17528	2	46	9.00144	2	21	8.61146	2	20	0	0	0	0.0350706	0.0343467	0.0359933	0.0350703	0.0343433	0.0359933	0.049093	0.04779	0.05042	0.0490928	0.0477933	0.0504167	1.39983	1.39984	9.5498	
9.24073	2	49	9.02396	2	22	8.63254	2	20	0	0	0	0.0400941	0.0392367	0.0409433	0.040094	0.0392333	0.04094	0.0561356	0.0549033	0.0572067	0.0561356	0.0549	0.0572033	1.4001	1.4001	9.56124	
9.30555	2	50	9.03571	2	23	8.64575	2	21	0	0	0	0.0450691	0.04415	0.04602	0.0450684	0.04414	0.04603	0.0630745	0.0612233	0.06469	0.0630734	0.06122	0.06469	1.39951	1.3995	9.56287	
9.39617	2	57	9.06365	2	24	8.67368	2	22	0	0	0	0.050078	0.0493333	0.05096	0.0500777	0.0493367	0.0509567	0.0700785	0.0688	0.0721267	0.070078	0.0688033	0.07212	1.39939	1.39939	9.5771	
9.48922	2	63	9.08186	2	23	8.68955	2	23	0	0	0	0.055088	0.0540567	0.0559933	0.0550877	0.0540567	0.0559967	0.0770665	0.07539	0.0792467	0.0770657	0.07539	0.07925	1.39897	1.39896	9.58129	
9.60504	2	83	9.10154	2	24	8.71324	2	22	0	0	0	0.0600776	0.0592367	0.0611467	0.0600775	0.0592367	0.0611467	0.0840478	0.0824767	0.08542	0.0840473	0.0824767	0.08541	1.39899	1.39898	9.58463	
9.76414	2	100	9.13169	2	25	8.74335	2	25	0	0	0	0.0651088	0.0639	0.0664633	0.0651089	0.0639	0.0664667	0.0911061	0.0888	0.0934833	0.0911059	0.0888	0.0934867	1.39929	1.39929	9.5922	
9.94814	2	120	9.16287	2	24	8.77257	2	23	0	0	0	0.0700993	0.06923	0.0712133	0.0700991	0.0692267	0.0712167	0.0980728	0.09645	0.100593	0.0980727	0.0964467	0.100597	1.39906	1.39906	9.60138	
10.2179	2	148	9.19663	2	26	8.81119	2	24	0	0	0	0.0750704	0.0739033	0.0762367	0.0750706	0.0739067	0.0762367	0.105011	0.102887	0.107163	0.105011	0.10289	0.10716	1.39884	1.39883	9.60407	
10.6064	2	198	9.23702	2	25	8.85335	2	25	0	0	0	0.0800622	0.0787533	0.0812733	0.0800622	0.0787533	0.0812733	0.112014	0.10984	0.113883	0.112014	0.10984	0.113883	1.39909	1.39909	9.61023	
11.1008	2	229	9.28026	2	25	8.89172	2	24	0	0	0	0.0850491	0.0840467	0.0861767	0.0850496	0.0840467	0.0861767	0.118972	0.117243	0.120737	0.118972	0.117243	0.120737	1.39886	1.39886	9.61321	
12.105	2	279	9.33506	2	25	8.94828	2	24	0	0	0	0.0900403	0.08896	0.0916333	0.09004	0.0889567	0.0916333	0.12598	0.123713	0.128667	0.125981	0.12371	0.128667	1.39915	1.39916	9.61618	
14.2573	2	506	9.39909	2	26	9.01591	2	25	0	0	0	0.0950421	0.09397	0.0962133	0.0950419	0.0939733	0.0962133	0.132973	0.131517	0.134813	0.132972	0.131527	0.134803	1.3991	1.39909	9.62198	
21.6649	2	819	9.46817	2	28	9.08393	2	26	0	0	0	0.100013	0.0983133	0.101327	0.100014	0.09832	0.101327	0.139894	0.13738	0.142633	0.139896	0.137387	0.14264	1.39875	1.39876	9.62741	
905.707	2	31149	9.40458	2	28	9.01917	2	26	0	0	0	0.105011	0.104141	0.10598	0.104858	0.101447	0.105983	0.147019	0.145404	0.148723	0.146805	0.14205	0.148729	1.40003	1.40003	9.62639	
