6.02604	1	19	6.02461	1	18	5.62198	1	17	0	0	0	0.00499391	0.00467667	0.00542	0.00499401	0	0.0100533	0.00697302	0.00645	0.00752667	0.00697318	0	0.0141133	1.39631	1.39631	6.6248	
6.09499	1	24	6.09188	1	18	5.68594	1	17	0	0	0	0.0100062	0.00967667	0.0104433	0.0100061	0	0.02029	0.014022	0.01365	0.0149067	0.0140219	0	0.0283233	1.40133	1.40133	6.68302	
6.15024	1	24	6.14534	1	18	5.74993	1	17	0	0	0	0.0150311	0.0145533	0.01544	0.0150311	0	0.0302233	0.0210356	0.0203867	0.0217467	0.0210355	0	0.0423967	1.39947	1.39946	6.73429	
6.19891	1	23	6.19279	1	20	5.79382	1	19	0	0	0	0.020063	0.0194367	0.0205867	0.0200631	0	0.04046	0.0280604	0.0270267	0.0289667	0.0280606	0	0.05652	1.39861	1.39862	6.77915	
6.26112	1	25	6.25278	1	22	5.85687	1	20	0	0	0	0.0250671	0.0244433	0.0256067	0.0250668	0	0.05045	0.0350995	0.0341933	0.0359867	0.0350993	0	0.0711367	1.40022	1.40023	6.83377	
6.32408	1	26	6.31301	1	20	5.9116	1	18	0	0	0	0.0300682	0.02923	0.0306967	0.030068	0	0.0603633	0.0420955	0.04075	0.0432833	0.0420951	0	0.0846833	1.4	1.4	6.89095	
6.36409	1	31	6.35051	1	20	5.9556	1	20	0	0	0	0.0350706	0.0343467	0.0359933	0.0350707	0	0.07059	0.049093	0.04779	0.05042	0.0490933	0	0.0996433	1.39983	1.39984	6.92453	
6.40568	1	32	6.38956	1	22	5.99074	1	20	0	0	0	0.0400941	0.0392367	0.0409433	0.040094	0	0.0811667	0.0561356	0.0549033	0.0572067	0.0561356	0	0.113867	1.4001	1.4001	6.96037	
6.45933	1	40	6.44058	1	22	6.04283	1	20	0	0	0	0.0450691	0.04415	0.04602	0.0450685	0	0.0911033	0.0630745	0.0612233	0.06469	0.0630737	0	0.12766	1.39951	1.39951	7.00765	
6.5196	1	37	6.49732	1	22	6.10113	1	20	0	0	0	0.050078	0.0493333	0.05096	0.0500776	0	0.100763	0.0700785	0.0688	0.0721267	0.0700778	0	0.14191	1.39939	1.39939	7.06102	
6.5701	1	37	6.54424	1	22	6.1442	1	20	0	0	0	0.055088	0.0540567	0.0559933	0.0550874	0	0.11155	0.0770665	0.07539	0.0792467	0.0770654	0	0.15657	1.39897	1.39897	7.10462	
6.61524	1	41	6.58465	1	24	6.1867	1	22	0	0	0	0.0600776	0.0592367	0.0611467	0.0600774	0	0.120827	0.0840478	0.0824767	0.08542	0.0840474	0	0.16975	1.39899	1.39898	7.14147	
6.66357	1	44	6.62932	1	22	6.23341	1	20	0	0	0	0.0651088	0.0639	0.0664633	0.0651089	0	0.131563	0.0911061	0.0888	0.0934833	0.091106	0	0.184537	1.39929	1.39929	7.18145	
6.70881	1	45	6.66933	1	23	6.26801	1	21	0	0	0	0.0700993	0.06923	0.0712133	0.0700992	0	0.141157	0.0980728	0.09645	0.100593	0.0980726	0	0.197293	1.39906	1.39906	7.21916	
6.76585	1	56	6.72045	1	24	6.32453	1	22	0	0	0	0.0750704	0.0739033	0.0762367	0.0750698	0	0.15042	0.105011	0.102887	0.107163	0.10501	0	0.210547	1.39884	1.39884	7.26691	
6.81126	1	67	6.75885	1	24	6.36921	1	22	0	0	0	0.0800622	0.0787533	0.0812733	0.0800624	0	0.161443	0.112014	0.10984	0.113883	0.112014	0	0.226243	1.39909	1.39909	7.30078	
6.8551	1	64	6.79558	1	24	6.40313	1	23	0	0	0	0.0850491	0.0840467	0.0861767	0.0850491	0	0.171583	0.118972	0.117243	0.120737	0.118972	0	0.240463	1.39886	1.39886	7.33472	
6.9027	1	56	6.83397	1	29	6.44176	1	27	0	0	0	0.0900403	0.08896	0.0916333	0.0900396	0	0.18188	0.12598	0.123713	0.128667	0.125979	0	0.255027	1.39915	1.39915	7.36862	
6.95844	1	73	6.87879	1	26	6.48783	1	24	0	0	0	0.0950421	0.09397	0.0962133	0.0950419	0	0.191133	0.132973	0.131517	0.134813	0.132973	0	0.268103	1.3991	1.3991	7.41003	
7.00979	1	73	6.91736	1	24	6.52365	1	22	0	0	0	0.100013	0.0983133	0.101327	0.100013	0	0.200953	0.139894	0.13738	0.142633	0.139895	0	0.282467	1.39875	1.39876	7.44517	
7.05262	1	79	6.94804	1	28	6.55833	1	26	0	0	0	0.105002	0.103843	0.106393	0.105002	0	0.21064	0.146888	0.144917	0.14944	0.146888	0	0.294917	1.39891	1.39891	7.47286	
7.11906	1	95	6.98851	1	28	6.60094	1	26	0	0	0	0.110025	0.10884	0.111057	0.110024	0	0.221563	0.153951	0.15198	0.15599	0.153951	0	0.310403	1.39924	1.39924	7.50738	
7.18037	1	106	7.02648	1	28	6.63655	1	26	0	0	0	0.115005	0.114033	0.116187	0.115005	0	0.2312	0.16093	0.15858	0.16256	0.160932	0	0.323847	1.39934	1.39934	7.541	
7.25565	1	133	7.06139	1	40	6.67507	1	38	0	0	0	0.119998	0.118423	0.12118	0.119998	0	0.24063	0.167909	0.165427	0.1702	0.167909	0	0.337107	1.39927	1.39927	7.57233	
7.33923	1	169	7.10009	1	43	6.71308	1	41	0	0	0	0.124993	0.123763	0.126397	0.124993	0	0.251977	0.174905	0.172647	0.177173	0.174905	0	0.353963	1.39932	1.39932	7.60646	
7.46482	1	233	7.13409	1	42	6.747	1	40	0	0	0	0.129989	0.128843	0.131493	0.129989	0	0.261017	0.181923	0.180417	0.18364	0.181924	0	0.365923	1.39953	1.39954	7.63389	
7.66976	1	261	7.17416	1	40	6.78793	1	40	0	0	0	0.134996	0.133617	0.136083	0.134996	0	0.270453	0.188967	0.185583	0.19074	0.188967	0	0.379947	1.3998	1.3998	7.66726	
8.04052	1	439	7.20398	1	44	6.81971	1	44	0	0	0	0.139993	0.138607	0.141413	0.139994	0	0.281123	0.195964	0.19382	0.1983	0.195965	0	0.39419	1.39981	1.39981	7.68733	
10.0041	1	1111	7.28319	1	44	6.89864	1	44	0	0	0	0.144977	0.143433	0.14608	0.144979	0	0.291643	0.202944	0.20056	0.20461	0.202946	0	0.40771	1.39983	1.39983	7.71576	
423.48	1	43763	7.40661	1	48	7.02384	1	48	0	0	0	0.149971	0.149244	0.150986	0.149866	0	0.300897	0.209945	0.208759	0.211389	0.209797	0	0.421737	1.39991	1.39989	7.74219	
