10.6744	6	26	10.6552	6	24	10.2564	6	22	0	0	0	0.00499391	0.00467667	0.00542	0.00499401	0.00467667	0.00542	0.00697302	0.00645	0.00752667	0.00697318	0.00645	0.00752667	1.39631	1.39631	11.2527	
10.7059	6	28	10.6646	6	24	10.2715	6	22	0	0	0	0.0100062	0.00967667	0.0104433	0.010006	0.00967667	0.0104433	0.014022	0.01365	0.0149067	0.0140218	0.01365	0.0149067	1.40133	1.40134	11.2487	
10.7517	6	29	10.6857	6	24	10.2889	6	22	0	0	0	0.0150311	0.0145533	0.01544	0.0150309	0.01455	0.01544	0.0210356	0.0203867	0.0217467	0.0210354	0.0203833	0.0217467	1.39947	1.39947	11.2642	
10.7892	6	28	10.6957	6	24	10.2973	6	22	0	0	0	0.020063	0.0194367	0.0205867	0.0200627	0.0194367	0.0205933	0.0280604	0.0270267	0.0289667	0.0280601	0.02703	0.0289667	1.39861	1.39862	11.2665	
10.8364	6	32	10.7115	6	24	10.3084	6	22	0	0	0	0.0250671	0.0244433	0.0256067	0.0250668	0.0244433	0.0256033	0.0350995	0.0341933	0.0359867	0.0350992	0.0342033	0.0359867	1.40022	1.40023	11.2718	
10.8881	6	41	10.7282	6	25	10.3309	6	23	0	0	0	0.0300682	0.02923	0.0306967	0.0300679	0.0292333	0.0307	0.0420955	0.04075	0.0432833	0.0420949	0.04076	0.0432733	1.4	1.39999	11.2795	
10.9435	6	43	10.744	6	26	10.3454	6	24	0	0	0	0.0350706	0.0343467	0.0359933	0.0350702	0.0343433	0.0359933	0.049093	0.04779	0.05042	0.0490924	0.0477933	0.0504133	1.39983	1.39983	11.2851	
10.9985	6	54	10.7537	6	25	10.3503	6	24	0	0	0	0.0400941	0.0392367	0.0409433	0.0400936	0.03923	0.04094	0.0561356	0.0549033	0.0572067	0.0561352	0.0548967	0.0572033	1.4001	1.4001	11.2853	
11.0626	6	56	10.7638	6	26	10.3657	6	24	0	0	0	0.0450691	0.04415	0.04602	0.0450685	0.0441367	0.04603	0.0630745	0.0612233	0.06469	0.0630732	0.06122	0.06469	1.39951	1.3995	11.2832	
11.1602	6	64	10.7956	6	25	10.3963	6	24	0	0	0	0.050078	0.0493333	0.05096	0.0500774	0.0493367	0.0509533	0.0700785	0.0688	0.0721267	0.0700777	0.0688033	0.0721133	1.39939	1.39939	11.3022	
11.2517	6	72	10.8113	6	26	10.4099	6	24	0	0	0	0.055088	0.0540567	0.0559933	0.0550874	0.0540567	0.0559967	0.0770665	0.07539	0.0792467	0.0770656	0.07539	0.07925	1.39897	1.39897	11.3056	
11.3866	6	115	10.8445	6	26	10.4452	6	24	0	0	0	0.0600776	0.0592367	0.0611467	0.060077	0.0592367	0.06115	0.0840478	0.0824767	0.08542	0.0840467	0.0824767	0.0854133	1.39899	1.39898	11.322	
11.519	6	116	10.8621	6	27	10.4608	6	25	0	0	0	0.0651088	0.0639	0.0664633	0.0651086	0.0638967	0.06647	0.0911061	0.0888	0.0934833	0.0911056	0.0887967	0.0935033	1.39929	1.39929	11.3228	
11.7059	6	154	10.8944	6	27	10.4926	6	25	0	0	0	0.0700993	0.06923	0.0712133	0.070099	0.0692267	0.0712133	0.0980728	0.09645	0.100593	0.0980727	0.0964467	0.100593	1.39906	1.39906	11.3365	
11.9443	6	156	10.9152	6	28	10.5151	6	26	0	0	0	0.0750704	0.0739033	0.0762367	0.0750699	0.0739067	0.0762333	0.105011	0.102887	0.107163	0.105011	0.10289	0.10716	1.39884	1.39884	11.3364	
12.3333	6	331	10.9525	6	26	10.5545	6	25	0	0	0	0.0800622	0.0787533	0.0812733	0.0800617	0.0787367	0.0812733	0.112014	0.10984	0.113883	0.112014	0.10981	0.11388	1.39909	1.39909	11.3501	
12.839	6	313	10.9869	6	27	10.5882	6	25	0	0	0	0.0850491	0.0840467	0.0861767	0.0850494	0.0840467	0.08618	0.118972	0.117243	0.120737	0.118972	0.117243	0.120737	1.39886	1.39886	11.3564	
13.9792	6	557	11.0336	6	28	10.6326	6	28	0	0	0	0.0900403	0.08896	0.0916333	0.0900403	0.08896	0.09163	0.12598	0.123713	0.128667	0.12598	0.123713	0.128663	1.39915	1.39915	11.3671	
19.5213	6	1298	11.0902	6	29	10.6936	6	27	0	0	0	0.0950421	0.09397	0.0962133	0.0950428	0.0939733	0.0962133	0.132973	0.131517	0.134813	0.132974	0.131527	0.13481	1.3991	1.39909	11.3766	
4230.42	6	255030	11.1438	6	36	10.7449	6	36	0	0	0	0.100015	0.0993357	0.101073	0.0994766	0.0793329	0.10107	0.140021	0.138714	0.14183	0.139265	0.111244	0.141827	1.4	1.39998	11.3888	
