7.67194	1	26	7.66823	1	26	7.25728	1	25	0	0	0	0.00499391	0.00471333	0.00533333	0.00499401	0.00472667	0.00526667	0.00699776	0.00660333	0.00752667	0.00699807	0.0065	0.00741333	1.40126	1.40129	8.26438	
7.67657	1	26	7.66731	1	26	7.27184	1	25	0	0	0	0.0100062	0.00965667	0.0105967	0.0100061	0.00950667	0.0104867	0.0140273	0.0135433	0.0147833	0.0140269	0.0134567	0.01494	1.40185	1.40183	8.26061	
7.71055	1	28	7.69727	1	26	7.29921	1	25	0	0	0	0.0150311	0.01467	0.0156967	0.0150311	0.0145333	0.0156833	0.0210673	0.0203533	0.02175	0.0210674	0.0201667	0.0219967	1.40158	1.40158	8.28828	
7.71774	1	27	7.69971	1	27	7.3001	1	25	0	0	0	0.020063	0.0196333	0.0205067	0.0200627	0.01944	0.02065	0.0281302	0.0272	0.02891	0.0281297	0.0272367	0.02919	1.40209	1.40209	8.28747	
7.75658	1	30	7.73254	1	27	7.3351	1	25	0	0	0	0.0250671	0.0245567	0.02584	0.0250665	0.0244567	0.0256767	0.0351079	0.0343933	0.03642	0.0351068	0.0340233	0.0360167	1.40056	1.40055	8.31912	
7.76635	1	31	7.73791	1	27	7.33781	1	25	0	0	0	0.0300682	0.0294	0.0306767	0.030068	0.0293933	0.03079	0.0421036	0.0410233	0.0429367	0.0421034	0.0410233	0.0432233	1.40027	1.40027	8.32239	
7.79043	1	32	7.75553	1	27	7.36649	1	26	0	0	0	0.0350706	0.0340433	0.0356567	0.0350702	0.0342667	0.0359067	0.0490719	0.0477033	0.0501533	0.0490712	0.04772	0.0505133	1.39923	1.39923	8.33828	
7.79678	1	31	7.75675	1	27	7.35757	1	25	0	0	0	0.0400941	0.0393033	0.0408433	0.0400935	0.0393733	0.0409233	0.0560762	0.0548467	0.0573833	0.0560752	0.0548867	0.05736	1.39861	1.39861	8.3364	
7.82963	1	31	7.78269	1	28	7.38289	1	27	0	0	0	0.0450691	0.0440867	0.0458233	0.0450687	0.0441467	0.0457333	0.0630595	0.0617767	0.0643567	0.0630587	0.0616033	0.06446	1.39917	1.39917	8.359	
7.84119	1	33	7.78822	1	29	7.39632	1	27	0	0	0	0.050078	0.0491767	0.0508067	0.0500777	0.0487733	0.0508433	0.0700796	0.06886	0.0715133	0.0700787	0.06828	0.0712933	1.39941	1.3994	8.36181	
7.86094	1	33	7.80138	1	29	7.40699	1	27	0	0	0	0.055088	0.0541267	0.0558067	0.055088	0.0536833	0.0559167	0.0771148	0.07581	0.0787933	0.0771153	0.0753633	0.0785333	1.39985	1.39986	8.37136	
7.88852	1	38	7.82078	1	38	7.42693	1	36	0	0	0	0.0600776	0.0589033	0.0612833	0.0600772	0.0591433	0.0611933	0.0841092	0.0820833	0.08571	0.0841086	0.0829	0.08547	1.40001	1.40001	8.38748	
7.91265	1	37	7.83779	1	37	7.44401	1	35	0	0	0	0.0651088	0.06383	0.0663967	0.0651088	0.0639267	0.0660767	0.0911576	0.0892667	0.0933567	0.0911576	0.0898033	0.0925367	1.40008	1.40008	8.40094	
7.9356	1	39	7.85229	1	39	7.45481	1	37	0	0	0	0.0700993	0.0687933	0.0714533	0.0700988	0.06902	0.0712533	0.0981781	0.0958267	0.10046	0.0981774	0.09628	0.0997933	1.40056	1.40056	8.41181	
7.97006	1	46	7.87781	1	45	7.4877	1	43	0	0	0	0.0750704	0.07397	0.0765167	0.0750697	0.0740267	0.0762667	0.10513	0.103207	0.107247	0.105129	0.103317	0.106743	1.40042	1.40042	8.43369	
7.9953	1	39	7.89412	1	39	7.50264	1	37	0	0	0	0.0800622	0.0788233	0.08088	0.0800622	0.0788867	0.0812767	0.112123	0.110767	0.1137	0.112124	0.110633	0.11373	1.40045	1.40046	8.44696	
8.02214	1	37	7.91221	1	37	7.51985	1	35	0	0	0	0.0850492	0.0835833	0.0863033	0.0850492	0.0840067	0.0862467	0.119081	0.11693	0.121223	0.119081	0.117517	0.120833	1.40014	1.40014	8.46099	
8.04848	1	44	7.92728	1	44	7.53624	1	42	0	0	0	0.0900403	0.0888233	0.0914867	0.09004	0.0888167	0.0910867	0.126079	0.123563	0.128193	0.126079	0.124503	0.127787	1.40025	1.40025	8.47227	
8.0748	1	43	7.94295	1	43	7.55071	1	41	0	0	0	0.0950421	0.0938833	0.0962533	0.0950423	0.0937533	0.0960267	0.133088	0.130973	0.134827	0.133088	0.131087	0.135503	1.40031	1.4003	8.48405	
8.09811	1	38	7.95557	1	38	7.56524	1	36	0	0	0	0.100013	0.0988633	0.100963	0.100013	0.09878	0.101273	0.140014	0.13833	0.141823	0.140015	0.138033	0.142147	1.39996	1.39996	8.49348	
8.12991	1	39	7.97476	1	37	7.58387	1	35	0	0	0	0.105002	0.10362	0.105973	0.105002	0.10358	0.106233	0.146975	0.144033	0.148507	0.146975	0.144767	0.148987	1.39974	1.39974	8.50885	
8.16192	1	42	7.99443	1	41	7.6034	1	39	0	0	0	0.110025	0.108963	0.111287	0.110025	0.108943	0.111123	0.153984	0.15197	0.155503	0.153984	0.152363	0.1565	1.39954	1.39953	8.52472	
8.19194	1	41	8.00981	1	39	7.61979	1	37	0	0	0	0.115005	0.11399	0.115957	0.115005	0.113657	0.11596	0.160946	0.158967	0.163137	0.160946	0.159183	0.162733	1.39948	1.39947	8.53583	
8.22362	1	42	8.02728	1	41	7.63909	1	39	0	0	0	0.119998	0.118797	0.12173	0.119998	0.11854	0.121123	0.167939	0.16607	0.170623	0.16794	0.165847	0.170017	1.39952	1.39952	8.5487	
8.25228	1	45	8.04176	1	43	7.65453	1	41	0	0	0	0.124993	0.123793	0.12686	0.124993	0.123713	0.12626	0.174927	0.172987	0.177653	0.174927	0.172723	0.176977	1.39949	1.39949	8.55872	
8.28579	1	42	8.05905	1	41	7.67129	1	39	0	0	0	0.129989	0.128747	0.131023	0.129989	0.12831	0.13143	0.181884	0.179383	0.183743	0.181884	0.17903	0.18399	1.39923	1.39923	8.57193	
8.31804	1	43	8.0728	1	39	7.6854	1	39	0	0	0	0.134996	0.13358	0.136917	0.134996	0.133417	0.136393	0.188916	0.18672	0.19205	0.188916	0.18632	0.19137	1.39942	1.39942	8.58095	
8.36385	1	45	8.09891	1	45	7.71519	1	43	0	0	0	0.139993	0.13848	0.14131	0.139993	0.138623	0.141533	0.195857	0.193217	0.197793	0.195856	0.193423	0.198207	1.39905	1.39904	8.60183	
8.39908	1	49	8.11567	1	43	7.7299	1	41	0	0	0	0.14498	0.14375	0.14646	0.14498	0.14355	0.146257	0.202853	0.201013	0.204937	0.202853	0.20033	0.205023	1.39919	1.39918	8.61375	
8.4458	1	50	8.13864	1	42	7.75156	1	40	0	0	0	0.149981	0.148453	0.151603	0.149981	0.14845	0.151627	0.209894	0.207653	0.21208	0.209895	0.20774	0.212807	1.39947	1.39947	8.63102	
8.48605	1	51	8.15639	1	45	7.76993	1	45	0	0	0	0.154962	0.153503	0.156253	0.154963	0.153403	0.156807	0.216861	0.214303	0.21883	0.216861	0.214973	0.219587	1.39945	1.39944	8.64298	
8.52666	1	53	8.17275	1	44	7.78791	1	44	0	0	0	0.159973	0.158447	0.161797	0.159974	0.15823	0.16178	0.223873	0.22101	0.22703	0.223873	0.221733	0.226403	1.39944	1.39944	8.65418	
8.57846	1	57	8.19527	1	52	7.81127	1	50	0	0	0	0.164998	0.163557	0.16687	0.164998	0.163133	0.16673	0.230902	0.228843	0.233713	0.230901	0.22836	0.233437	1.39942	1.39942	8.67012	
8.62034	1	56	8.21066	1	46	7.82571	1	44	0	0	0	0.170007	0.168883	0.171787	0.170008	0.168217	0.17141	0.237935	0.235417	0.24066	0.237934	0.235443	0.240013	1.39956	1.39955	8.67935	
8.67381	1	52	8.23297	1	45	7.84757	1	43	0	0	0	0.175015	0.173047	0.176777	0.175016	0.173473	0.176297	0.244974	0.24116	0.24739	0.244974	0.24288	0.247037	1.39973	1.39973	8.69545	
8.71685	1	58	8.24671	1	43	7.86311	1	42	0	0	0	0.180034	0.17878	0.18172	0.180035	0.17846	0.18139	0.251951	0.249973	0.25563	0.251952	0.249153	0.254427	1.39946	1.39946	8.7036	
8.78274	1	61	8.27044	1	46	7.88756	1	44	0	0	0	0.185042	0.183503	0.186817	0.185042	0.183423	0.18677	0.258972	0.25629	0.262297	0.258973	0.25647	0.261023	1.39953	1.39953	8.72098	
8.83908	1	60	8.28814	1	46	7.90362	1	46	0	0	0	0.190052	0.188377	0.192023	0.190053	0.188567	0.19198	0.265986	0.26294	0.269337	0.265987	0.263817	0.268257	1.39954	1.39954	8.7314	
8.9146	1	64	8.31909	1	45	7.93948	1	43	0	0	0	0.195078	0.193357	0.196717	0.195078	0.193617	0.196887	0.273026	0.269597	0.27623	0.273027	0.27051	0.27567	1.39958	1.39958	8.7545	
8.97596	1	62	8.33656	1	51	7.9551	1	51	0	0	0	0.200077	0.19883	0.201977	0.200077	0.198167	0.20199	0.28004	0.277537	0.283017	0.28004	0.277223	0.2828	1.39966	1.39966	8.76538	
9.04683	1	68	8.35782	1	52	7.97862	1	52	0	0	0	0.20508	0.203593	0.206753	0.205081	0.203017	0.206843	0.28705	0.283993	0.289867	0.287051	0.28417	0.28947	1.3997	1.3997	8.77742	
9.12674	1	74	8.3839	1	44	8.00631	1	44	0	0	0	0.210069	0.207797	0.21165	0.21007	0.207867	0.212427	0.294043	0.29078	0.296643	0.294044	0.29108	0.297143	1.39974	1.39975	8.79563	
9.21926	1	74	8.40898	1	45	8.02817	1	45	0	0	0	0.215034	0.213397	0.21653	0.215033	0.213377	0.21689	0.300989	0.298243	0.303143	0.30099	0.29833	0.30423	1.39973	1.39973	8.81273	
9.29543	1	76	8.42892	1	53	8.05102	1	53	0	0	0	0.220027	0.218497	0.22165	0.220027	0.21829	0.2221	0.307951	0.30495	0.310457	0.30795	0.304997	0.310747	1.39961	1.3996	8.82514	
9.38764	1	83	8.44771	1	47	8.0707	1	45	0	0	0	0.225021	0.22355	0.226967	0.225022	0.223323	0.227327	0.314938	0.31189	0.31806	0.31494	0.312363	0.318557	1.39959	1.3996	8.83492	
9.49858	1	94	8.47381	1	51	8.09764	1	51	0	0	0	0.230021	0.227787	0.23187	0.230021	0.22801	0.232267	0.32193	0.318607	0.324203	0.321931	0.319057	0.325663	1.39957	1.39957	8.85203	
9.61363	1	83	8.4995	1	54	8.12336	1	54	0	0	0	0.235028	0.233367	0.23743	0.235028	0.233373	0.236933	0.328949	0.326583	0.333217	0.328949	0.326047	0.33244	1.39962	1.39961	8.86748	
9.72746	1	84	8.51995	1	52	8.14432	1	50	0	0	0	0.240018	0.23813	0.242077	0.240018	0.238457	0.24224	0.335952	0.3331	0.339113	0.335951	0.333233	0.33974	1.39969	1.39969	8.87909	
9.85272	1	83	8.54565	1	50	8.16773	1	48	0	0	0	0.245024	0.243713	0.246453	0.245023	0.24313	0.247597	0.342995	0.33974	0.346267	0.342993	0.339597	0.3467	1.39984	1.39984	8.89301	
10.0063	1	97	8.5723	1	54	8.19816	1	52	0	0	0	0.250034	0.247543	0.252043	0.250035	0.247887	0.25256	0.349988	0.34679	0.353877	0.34999	0.346257	0.3539	1.39976	1.39977	8.90931	
10.2064	1	123	8.60793	1	53	8.23332	1	53	0	0	0	0.255015	0.25332	0.25696	0.255015	0.252913	0.257713	0.356975	0.35392	0.361687	0.356975	0.35354	0.36082	1.39982	1.39982	8.93192	
10.3588	1	111	8.6287	1	52	8.25648	1	52	0	0	0	0.260024	0.257827	0.262083	0.260025	0.257923	0.262447	0.363961	0.359617	0.367517	0.363961	0.36017	0.367317	1.39972	1.39972	8.94109	
10.5635	1	111	8.65169	1	54	8.27736	1	54	0	0	0	0.265017	0.26311	0.26626	0.265017	0.26269	0.26749	0.370927	0.367917	0.373907	0.370928	0.36691	0.37446	1.39963	1.39964	8.95445	
10.7877	1	112	8.68414	1	56	8.31259	1	56	0	0	0	0.270019	0.26822	0.27169	0.270019	0.267817	0.27279	0.377925	0.375327	0.380913	0.377926	0.374237	0.382017	1.39962	1.39963	8.97146	
11.0561	1	106	8.7147	1	59	8.34499	1	59	0	0	0	0.275021	0.27303	0.277237	0.27502	0.273503	0.277813	0.384936	0.38096	0.389297	0.384935	0.381843	0.389073	1.39966	1.39966	8.98831	
11.3661	1	118	8.74198	1	56	8.36936	1	56	0	0	0	0.280024	0.278083	0.281783	0.280023	0.278313	0.28231	0.391959	0.387607	0.394867	0.391957	0.388793	0.395513	1.39973	1.39973	9.00218	
11.679	1	130	8.77421	1	54	8.4024	1	52	0	0	0	0.284984	0.283183	0.286803	0.284985	0.283143	0.28747	0.39889	0.3952	0.401973	0.39889	0.395463	0.402483	1.39969	1.39969	9.01985	
12.1134	1	137	8.80376	1	57	8.43411	1	55	0	0	0	0.290004	0.28804	0.292137	0.290004	0.288373	0.292897	0.40594	0.402473	0.409183	0.405941	0.402693	0.40978	1.39978	1.39978	9.03254	
12.6112	1	163	8.84141	1	61	8.47061	1	59	0	0	0	0.295023	0.293467	0.296933	0.295026	0.292747	0.297537	0.412949	0.409887	0.41662	0.412953	0.409007	0.417003	1.39972	1.39972	9.05439	
13.1713	1	154	8.87379	1	59	8.50451	1	57	0	0	0	0.300015	0.29807	0.302203	0.300015	0.29765	0.302687	0.419951	0.416057	0.42268	0.419951	0.416087	0.424093	1.39977	1.39976	9.06824	
13.8982	1	164	8.90837	1	58	8.54048	1	58	0	0	0	0.30501	0.30338	0.30715	0.305011	0.30303	0.307593	0.426964	0.424227	0.429393	0.426963	0.423717	0.43051	1.39983	1.39983	9.08479	
14.7541	1	207	8.9431	1	61	8.57608	1	59	0	0	0	0.310017	0.308267	0.312197	0.31002	0.307733	0.31285	0.434012	0.431227	0.43694	0.434015	0.43056	0.43841	1.39996	1.39996	9.09888	
15.9799	1	297	8.97829	1	60	8.61082	1	58	0	0	0	0.314986	0.313067	0.316643	0.314988	0.312707	0.317687	0.44096	0.438297	0.44376	0.440962	0.437443	0.44466	1.39994	1.39994	9.11356	
17.7884	1	342	9.01861	1	59	8.65057	1	58	0	0	0	0.319994	0.317803	0.32175	0.319987	0.317513	0.32244	0.448007	0.444723	0.45114	0.447996	0.44434	0.452257	1.40005	1.40005	9.13234	
20.0614	1	381	9.05629	1	62	8.68815	1	62	0	0	0	0.325005	0.32302	0.32669	0.324998	0.322217	0.32772	0.455027	0.452037	0.458367	0.455018	0.451043	0.4589	1.40006	1.40006	9.14713	
25.505	1	626	9.10002	1	60	8.73464	1	59	0	0	0	0.330063	0.328035	0.331693	0.330065	0.32818	0.33283	0.462078	0.459377	0.464295	0.462082	0.458375	0.46598	1.39997	1.39997	9.16604	
54.0918	1	2278	9.13952	1	76	8.77439	1	74	0	0	0	0.335033	0.333626	0.336271	0.335046	0.333676	0.336744	0.469007	0.466863	0.470866	0.469026	0.466637	0.472647	1.39988	1.39988	9.18052	
1036.94	1	31372	9.17891	1	67	8.80884	1	65	0	0	0	0.340037	0.338373	0.34117	0.339465	0.338076	0.341204	0.476004	0.473967	0.478189	0.475204	0.473036	0.478354	1.39986	1.39986	9.19595	
