7.67465	1	26	7.67042	1	26	7.25884	1	25	0	0	0	0.00499391	0.00471333	0.00533333	0.00499401	0.00472667	0.00526667	0.00699776	0.00660333	0.00752667	0.00699807	0.0065	0.00741333	1.40126	1.40129	8.2666	
7.68048	1	26	7.67006	1	26	7.27405	1	25	0	0	0	0.0100062	0.00965667	0.0105967	0.0100061	0.00950667	0.0104867	0.0140273	0.0135433	0.0147833	0.0140269	0.0134567	0.01494	1.40185	1.40183	8.26338	
7.71844	1	33	7.70347	1	33	7.30387	1	33	0	0	0	0.0150311	0.01467	0.0156967	0.0150311	0.0145333	0.0156833	0.0210673	0.0203533	0.02175	0.0210674	0.0201667	0.0219967	1.40158	1.40158	8.29454	
7.72942	1	32	7.70927	1	32	7.30742	1	32	0	0	0	0.020063	0.0196333	0.0205067	0.0200627	0.01944	0.02065	0.0281302	0.0272	0.02891	0.0281297	0.0272367	0.02919	1.40209	1.40209	8.29715	
7.77128	1	49	7.74417	1	49	7.34449	1	49	0	0	0	0.0250671	0.0245567	0.02584	0.0250665	0.0244567	0.0256767	0.0351079	0.0343933	0.03642	0.0351068	0.0340233	0.0360167	1.40056	1.40055	8.33098	
7.78594	1	49	7.75358	1	49	7.35078	1	47	0	0	0	0.0300682	0.0294	0.0306767	0.030068	0.0293933	0.03079	0.0421036	0.0410233	0.0429367	0.0421034	0.0410233	0.0432233	1.40027	1.40027	8.33828	
7.81327	1	46	7.77361	1	46	7.38117	1	46	0	0	0	0.0350706	0.0340433	0.0356567	0.0350702	0.0342667	0.0359067	0.0490719	0.0477033	0.0501533	0.0490712	0.04772	0.0505133	1.39923	1.39923	8.35674	
7.82385	1	41	7.778	1	41	7.37505	1	41	0	0	0	0.0400941	0.0393033	0.0408433	0.0400935	0.0393733	0.0409233	0.0560762	0.0548467	0.0573833	0.0560752	0.0548867	0.05736	1.39861	1.39861	8.35815	
7.86266	1	44	7.80906	1	44	7.40472	1	42	0	0	0	0.0450691	0.0440867	0.0458233	0.0450687	0.0441467	0.0457333	0.0630595	0.0617767	0.0643567	0.0630587	0.0616033	0.06446	1.39917	1.39917	8.38609	
7.87812	1	49	7.81784	1	49	7.42121	1	47	0	0	0	0.050078	0.0491767	0.0508067	0.0500777	0.0487733	0.0508433	0.0700796	0.06886	0.0715133	0.0700787	0.06828	0.0712933	1.39941	1.3994	8.39222	
7.90322	1	49	7.8352	1	48	7.43541	1	48	0	0	0	0.055088	0.0541267	0.0558067	0.055088	0.0536833	0.0559167	0.0771148	0.07581	0.0787933	0.0771153	0.0753633	0.0785333	1.39985	1.39986	8.40609	
7.93655	1	45	7.8594	1	45	7.45993	1	44	0	0	0	0.0600776	0.0589033	0.0612833	0.0600772	0.0591433	0.0611933	0.0841092	0.0820833	0.08571	0.0841086	0.0829	0.08547	1.40001	1.40001	8.4273	
7.96644	1	49	7.88068	1	49	7.48147	1	48	0	0	0	0.0651088	0.06383	0.0663967	0.0651088	0.0639267	0.0660767	0.0911576	0.0892667	0.0933567	0.0911576	0.0898033	0.0925367	1.40008	1.40008	8.44522	
7.9978	1	51	7.90236	1	49	7.49781	1	47	0	0	0	0.0700993	0.0687933	0.0714533	0.0700988	0.06902	0.0712533	0.0981781	0.0958267	0.10046	0.0981774	0.09628	0.0997933	1.40056	1.40056	8.46347	
8.03843	1	51	7.93252	1	51	7.536	1	49	0	0	0	0.0750704	0.07397	0.0765167	0.0750697	0.0740267	0.0762667	0.10513	0.103207	0.107247	0.105129	0.103317	0.106743	1.40042	1.40042	8.49025	
8.0705	1	51	7.95417	1	51	7.55495	1	51	0	0	0	0.0800622	0.0788233	0.08088	0.0800622	0.0788867	0.0812767	0.112123	0.110767	0.1137	0.112124	0.110633	0.11373	1.40045	1.40046	8.50912	
8.10415	1	49	7.97785	1	49	7.57826	1	47	0	0	0	0.0850492	0.0835833	0.0863033	0.0850492	0.0840067	0.0862467	0.119081	0.11693	0.121223	0.119081	0.117517	0.120833	1.40014	1.40014	8.52904	
8.13894	1	50	7.99897	1	50	7.59938	1	49	0	0	0	0.0900403	0.0888233	0.0914867	0.09004	0.0888167	0.0910867	0.126079	0.123563	0.128193	0.126079	0.124503	0.127787	1.40025	1.40025	8.54658	
8.17395	1	52	8.02113	1	52	7.61995	1	50	0	0	0	0.0950421	0.0938833	0.0962533	0.0950421	0.0937533	0.0960267	0.133088	0.130973	0.134827	0.133088	0.131087	0.135503	1.40031	1.4003	8.56517	
8.20651	1	51	8.04089	1	51	7.64107	1	51	0	0	0	0.100013	0.0988633	0.100963	0.100013	0.09878	0.101273	0.140014	0.13833	0.141823	0.140015	0.138033	0.142147	1.39996	1.39996	8.58207	
8.24686	1	53	8.06645	1	49	7.666	1	49	0	0	0	0.105002	0.10362	0.105973	0.105002	0.10358	0.106233	0.146975	0.144033	0.148507	0.146975	0.144767	0.148987	1.39974	1.39974	8.60402	
8.28911	1	54	8.09339	1	53	7.69209	1	53	0	0	0	0.110025	0.108963	0.111287	0.110025	0.108943	0.111123	0.153984	0.15197	0.155503	0.153984	0.152363	0.1565	1.39954	1.39953	8.62758	
8.32977	1	63	8.11628	1	63	7.71485	1	63	0	0	0	0.115005	0.11399	0.115957	0.115005	0.113657	0.11596	0.160946	0.158967	0.163137	0.160946	0.159183	0.162733	1.39948	1.39947	8.6465	
8.37184	1	59	8.14054	1	59	7.74041	1	59	0	0	0	0.119998	0.118797	0.12173	0.119998	0.11854	0.121123	0.167939	0.16607	0.170623	0.16794	0.165847	0.170017	1.39952	1.39952	8.66665	
8.41307	1	68	8.16469	1	68	7.76602	1	67	0	0	0	0.124993	0.123793	0.12686	0.124993	0.123713	0.12626	0.174927	0.172987	0.177653	0.174927	0.172723	0.176977	1.39949	1.39949	8.68654	
8.45707	1	67	8.18799	1	67	7.7885	1	67	0	0	0	0.129989	0.128747	0.131023	0.129989	0.12831	0.13143	0.181884	0.179383	0.183743	0.181884	0.17903	0.18399	1.39923	1.39923	8.70632	
8.50417	1	65	8.21216	1	65	7.81177	1	65	0	0	0	0.134996	0.13358	0.136917	0.134996	0.133417	0.136393	0.188916	0.18672	0.19205	0.188916	0.18632	0.19137	1.39942	1.39942	8.72585	
8.56502	1	67	8.24768	1	67	7.85155	1	65	0	0	0	0.139993	0.13848	0.14131	0.139993	0.138623	0.141533	0.195857	0.193217	0.197793	0.195856	0.193423	0.198207	1.39905	1.39904	8.75676	
8.61106	1	63	8.27168	1	63	7.87286	1	63	0	0	0	0.14498	0.14375	0.14646	0.144979	0.14355	0.146257	0.202853	0.201013	0.204937	0.202853	0.20033	0.205023	1.39919	1.39918	8.77636	
8.6765	1	63	8.30573	1	63	7.90363	1	63	0	0	0	0.149981	0.148453	0.151603	0.149981	0.14845	0.151627	0.209894	0.207653	0.21208	0.209895	0.20774	0.212807	1.39947	1.39947	8.80518	
8.73139	1	64	8.33248	1	64	7.93136	1	64	0	0	0	0.154962	0.153503	0.156253	0.154963	0.153403	0.156807	0.216861	0.214303	0.21883	0.216861	0.214973	0.219587	1.39945	1.39944	8.8268	
8.78911	1	73	8.35805	1	73	7.95881	1	73	0	0	0	0.159973	0.158447	0.161797	0.159973	0.158233	0.161783	0.223873	0.22101	0.22703	0.223873	0.221733	0.226407	1.39944	1.39944	8.84712	
8.85764	1	64	8.38947	1	64	7.99028	1	64	0	0	0	0.164998	0.163557	0.16687	0.164998	0.163133	0.16673	0.230902	0.228843	0.233713	0.230901	0.22836	0.233437	1.39942	1.39942	8.87293	
8.91987	1	69	8.41589	1	64	8.01586	1	64	0	0	0	0.170007	0.168883	0.171787	0.170008	0.168217	0.17141	0.237935	0.235417	0.24066	0.237935	0.235443	0.240013	1.39956	1.39955	8.89332	
8.99239	1	64	8.44632	1	64	8.04452	1	64	0	0	0	0.175015	0.173047	0.176777	0.175016	0.173473	0.176297	0.244974	0.24116	0.24739	0.244974	0.24288	0.247037	1.39973	1.39973	8.91794	
9.05806	1	76	8.47256	1	76	8.07209	1	76	0	0	0	0.180034	0.17878	0.18172	0.180035	0.17846	0.181393	0.251951	0.249973	0.25563	0.251952	0.249153	0.254427	1.39946	1.39946	8.9393	
9.14494	1	64	8.50525	1	63	8.10541	1	63	0	0	0	0.185042	0.183503	0.186817	0.185042	0.183423	0.186767	0.258972	0.25629	0.262297	0.258973	0.25647	0.261023	1.39953	1.39953	8.96539	
9.23454	1	68	8.53777	1	68	8.13411	1	66	0	0	0	0.190052	0.188377	0.192023	0.190053	0.188567	0.19198	0.265986	0.26294	0.269337	0.265987	0.263817	0.268257	1.39954	1.39954	8.99116	
9.33881	1	72	8.57969	1	72	8.18163	1	72	0	0	0	0.195078	0.193357	0.196717	0.195077	0.193617	0.196887	0.273026	0.269597	0.27623	0.273026	0.27051	0.27567	1.39958	1.39958	9.0262	
9.42974	1	79	8.60808	1	69	8.20761	1	67	0	0	0	0.200077	0.19883	0.201977	0.200077	0.198167	0.20199	0.28004	0.277537	0.283017	0.28004	0.277227	0.2828	1.39966	1.39966	9.04776	
9.53642	1	78	8.64191	1	74	8.2435	1	74	0	0	0	0.20508	0.203593	0.206753	0.205081	0.203017	0.206847	0.28705	0.283993	0.289867	0.287051	0.28417	0.28947	1.3997	1.3997	9.07408	
9.65807	1	76	8.67812	1	71	8.28088	1	69	0	0	0	0.210069	0.207797	0.21165	0.21007	0.20787	0.212423	0.294043	0.29078	0.296643	0.294045	0.291083	0.297143	1.39974	1.39975	9.10233	
9.78916	1	79	8.71926	1	70	8.3187	1	70	0	0	0	0.215034	0.213397	0.21653	0.215034	0.21338	0.21689	0.300989	0.298243	0.303143	0.30099	0.298333	0.304223	1.39973	1.39973	9.13614	
9.90713	1	87	8.7487	1	74	8.34943	1	74	0	0	0	0.220027	0.218497	0.22165	0.220027	0.21829	0.222103	0.307951	0.30495	0.310457	0.30795	0.304997	0.310747	1.39961	1.3996	9.15756	
10.0573	1	95	8.78268	1	70	8.38533	1	69	0	0	0	0.225021	0.22355	0.226967	0.225022	0.223323	0.227327	0.314938	0.31189	0.31806	0.31494	0.312363	0.318563	1.39959	1.39959	9.18281	
10.215	1	93	8.81813	1	74	8.41928	1	74	0	0	0	0.230021	0.227787	0.23187	0.230021	0.228003	0.232263	0.32193	0.318607	0.324203	0.32193	0.319043	0.325657	1.39957	1.39957	9.21055	
10.3999	1	92	8.86011	1	73	8.4621	1	73	0	0	0	0.235028	0.233367	0.23743	0.235028	0.233373	0.23693	0.328949	0.326583	0.333217	0.328948	0.326047	0.332437	1.39962	1.39961	9.24215	
10.5927	1	96	8.89555	1	74	8.49534	1	72	0	0	0	0.240018	0.23813	0.242077	0.240019	0.238457	0.242237	0.335952	0.3331	0.339113	0.335951	0.333227	0.339737	1.39969	1.39969	9.26849	
10.8057	1	98	8.93504	1	74	8.53333	1	74	0	0	0	0.245024	0.243713	0.246453	0.245024	0.243127	0.247597	0.342995	0.33974	0.346267	0.342994	0.339593	0.3467	1.39984	1.39984	9.29708	
11.0703	1	107	8.97895	1	76	8.58057	1	76	0	0	0	0.250034	0.247543	0.252043	0.250034	0.24789	0.25256	0.349988	0.34679	0.353877	0.34999	0.346257	0.353907	1.39976	1.39977	9.32973	
11.3884	1	136	9.02292	1	86	8.62381	1	86	0	0	0	0.255015	0.25332	0.25696	0.255014	0.252913	0.257717	0.356975	0.35392	0.361687	0.356975	0.353533	0.360823	1.39982	1.39982	9.36197	
11.6706	1	106	9.05975	1	82	8.66324	1	82	0	0	0	0.260024	0.257827	0.262083	0.260024	0.257927	0.262447	0.363961	0.359617	0.367517	0.363961	0.360173	0.36732	1.39972	1.39972	9.38753	
12.0454	1	128	9.09538	1	72	8.69525	1	72	0	0	0	0.265017	0.26311	0.26626	0.265017	0.262687	0.267487	0.370927	0.367917	0.373907	0.370926	0.366907	0.37447	1.39963	1.39963	9.41201	
12.5004	1	163	9.14597	1	86	8.74733	1	86	0	0	0	0.270019	0.26822	0.27169	0.270021	0.26781	0.272787	0.377925	0.375327	0.380913	0.377928	0.374227	0.382013	1.39962	1.39963	9.44741	
13.0414	1	148	9.19025	1	87	8.79329	1	87	0	0	0	0.275021	0.27303	0.277237	0.275021	0.27351	0.277817	0.384936	0.38096	0.389297	0.384936	0.38185	0.389077	1.39966	1.39966	9.47728	
13.746	1	155	9.23924	1	85	8.83927	1	83	0	0	0	0.280024	0.278083	0.281783	0.280025	0.278313	0.282313	0.391959	0.387607	0.394867	0.391959	0.388793	0.395517	1.39973	1.39973	9.51219	
14.4826	1	186	9.2905	1	86	8.89146	1	86	0	0	0	0.284984	0.283183	0.286803	0.284986	0.283147	0.287473	0.39889	0.3952	0.401973	0.398893	0.395467	0.402487	1.39969	1.39969	9.54903	
15.5626	1	212	9.33096	1	77	8.93342	1	77	0	0	0	0.290004	0.28804	0.292137	0.289999	0.288377	0.292887	0.40594	0.402473	0.409183	0.405934	0.402663	0.40977	1.39978	1.39978	9.57251	
17.0828	1	233	9.38868	1	80	8.98949	1	79	0	0	0	0.295023	0.293467	0.296933	0.295026	0.29274	0.297537	0.412949	0.409887	0.41662	0.412952	0.409003	0.417003	1.39972	1.39972	9.61125	
18.9469	1	242	9.43743	1	91	9.03851	1	91	0	0	0	0.300015	0.29807	0.302203	0.300018	0.29767	0.302683	0.419951	0.416057	0.42268	0.419955	0.41608	0.424083	1.39977	1.39976	9.64191	
22.0107	1	338	9.48622	1	91	9.08863	1	91	0	0	0	0.30501	0.30338	0.30715	0.305007	0.303027	0.307577	0.426964	0.424227	0.429393	0.426957	0.423713	0.43049	1.39983	1.39983	9.67145	
29.1088	1	700	9.54089	1	97	9.14233	1	97	0	0	0	0.310056	0.308578	0.31166	0.310057	0.308403	0.312457	0.434025	0.431642	0.436735	0.434025	0.43103	0.437138	1.39983	1.39983	9.705	
143.048	1	5635	9.58854	1	108	9.18979	1	108	0	0	0	0.315031	0.313897	0.316253	0.315024	0.31369	0.316819	0.441002	0.439141	0.443004	0.440993	0.4388	0.443967	1.39987	1.39987	9.73114	
2014.14	1	46761	9.63372	1	116	9.22742	1	116	0	0	0	0.320027	0.31808	0.321266	0.319126	0.317879	0.321113	0.448013	0.444837	0.450126	0.446749	0.444733	0.44999	1.39992	1.39991	9.75924	
