8.90748	2	21	8.88832	2	20	8.49059	2	18	0	0	0	0.00499391	0.00467667	0.00542	0.00499401	0.00467667	0.00542	0.00697302	0.00645	0.00752667	0.00697323	0.00645	0.00752667	1.39631	1.39632	9.48668	
8.97282	2	25	8.93025	2	19	8.52092	2	17	0	0	0	0.0100062	0.00967667	0.0104433	0.010006	0.00967667	0.0104433	0.014022	0.01365	0.0149067	0.0140217	0.01365	0.0149067	1.40133	1.40133	9.51695	
9.02275	2	29	8.9557	2	20	8.55103	2	18	0	0	0	0.0150311	0.0145533	0.01544	0.015031	0.01455	0.01544	0.0210356	0.0203867	0.0217467	0.0210354	0.0203833	0.0217467	1.39947	1.39947	9.53707	
9.06918	2	34	8.97267	2	20	8.57492	2	18	0	0	0	0.020063	0.0194367	0.0205867	0.0200631	0.0194367	0.02059	0.0280604	0.0270267	0.0289667	0.0280608	0.02703	0.0289667	1.39861	1.39863	9.54808	
9.12179	2	31	8.99024	2	20	8.58721	2	19	0	0	0	0.0250671	0.0244433	0.0256067	0.0250669	0.0244433	0.0256067	0.0350995	0.0341933	0.0359867	0.0350996	0.0342067	0.0359867	1.40022	1.40023	9.55636	
9.19132	2	38	9.01698	2	22	8.61243	2	20	0	0	0	0.0300682	0.02923	0.0306967	0.030068	0.0292333	0.0307	0.0420955	0.04075	0.0432833	0.0420949	0.04076	0.0432733	1.4	1.39999	9.57482	
9.24928	2	47	9.02463	2	21	8.62787	2	21	0	0	0	0.0350706	0.0343467	0.0359933	0.0350703	0.0343433	0.0359933	0.049093	0.04779	0.05042	0.0490928	0.0477933	0.0504167	1.39983	1.39984	9.5718	
9.33238	2	49	9.05	2	22	8.65068	2	20	0	0	0	0.0400941	0.0392367	0.0409433	0.0400939	0.03923	0.04094	0.0561356	0.0549033	0.0572067	0.0561356	0.0548967	0.0572033	1.4001	1.4001	9.5863	
9.4228	2	62	9.06465	2	36	8.66592	2	34	0	0	0	0.0450691	0.04415	0.04602	0.0450684	0.04414	0.04603	0.0630745	0.0612233	0.06469	0.0630733	0.06122	0.06469	1.39951	1.3995	9.58952	
9.54287	2	64	9.09545	2	22	8.69627	2	21	0	0	0	0.050078	0.0493333	0.05096	0.0500777	0.0493367	0.0509567	0.0700785	0.0688	0.0721267	0.070078	0.0688033	0.07212	1.39939	1.39939	9.60609	
9.67715	2	69	9.11525	2	23	8.71265	2	23	0	0	0	0.055088	0.0540567	0.0559933	0.0550877	0.05406	0.0559967	0.0770665	0.07539	0.0792467	0.0770657	0.0753933	0.07925	1.39897	1.39896	9.61123	
9.8429	2	80	9.13854	2	30	8.73993	2	30	0	0	0	0.0600776	0.0592367	0.0611467	0.0600775	0.0592367	0.0611467	0.0840478	0.0824767	0.08542	0.0840473	0.0824767	0.08541	1.39899	1.39898	9.61642	
10.0732	2	101	9.16662	2	34	8.76743	2	34	0	0	0	0.0651088	0.0639	0.0664633	0.0651089	0.0639	0.0664667	0.0911061	0.0888	0.0934833	0.0911061	0.0888	0.0934867	1.39929	1.39929	9.62422	
10.357	2	120	9.20264	2	40	8.80056	2	40	0	0	0	0.0700993	0.06923	0.0712133	0.070099	0.0692267	0.0712167	0.0980728	0.09645	0.100593	0.0980726	0.0964467	0.100597	1.39906	1.39906	9.6357	
10.7725	2	204	9.23471	2	34	8.83674	2	34	0	0	0	0.0750704	0.0739033	0.0762367	0.0750707	0.0739067	0.0762367	0.105011	0.102887	0.107163	0.105011	0.10289	0.10716	1.39884	1.39883	9.63831	
11.4258	2	200	9.27851	2	36	8.88146	2	34	0	0	0	0.0800622	0.0787533	0.0812733	0.0800621	0.0787533	0.0812733	0.112014	0.10984	0.113883	0.112014	0.10984	0.113883	1.39909	1.39909	9.64576	
12.2596	2	261	9.31266	2	40	8.91139	2	38	0	0	0	0.0850491	0.0840467	0.0861767	0.0850501	0.0840467	0.0861767	0.118972	0.117243	0.120737	0.118973	0.11725	0.120737	1.39886	1.39885	9.64914	
14.1793	2	369	9.35639	2	42	8.9554	2	42	0	0	0	0.0900403	0.08896	0.0916333	0.0900408	0.0889567	0.0916333	0.12598	0.123713	0.128667	0.125981	0.12371	0.128667	1.39915	1.39916	9.65139	
18.9294	2	666	9.39997	2	38	9.00471	2	38	0	0	0	0.0950421	0.09397	0.0962133	0.0950443	0.0939733	0.0962133	0.132973	0.131517	0.134813	0.132975	0.13153	0.134783	1.3991	1.39909	9.65601	
64.4261	2	2694	9.47735	2	40	9.07865	2	40	0	0	0	0.100015	0.0993357	0.101073	0.100017	0.0993386	0.10107	0.140021	0.138714	0.14183	0.140023	0.138713	0.141827	1.4	1.4	9.65776	
4509.98	2	48128	9.57915	2	38	9.18454	2	38	0	0	0	0.105011	0.104141	0.10598	0.104293	0.0999886	0.105983	0.147019	0.145404	0.148723	0.146017	0.140006	0.148729	1.40003	1.40007	9.66341	
