21.3048	5	57	21.3019	5	57	20.9322	5	57	0.0366614	0	4	0.00501776	0.00475	0.00528667	0.00501792	0.00475	0.00529	0.00701224	0.00667	0.00742	0.0070126	0.00666667	0.00743	1.39748	1.39751	6.2582	
21.4305	5	80	21.4245	5	80	21.0014	5	80	0.0732793	0	4	0.0100365	0.00971333	0.01046	0.0100367	0.00971333	0.01046	0.0140533	0.01344	0.01478	0.0140538	0.01344	0.01478	1.40023	1.40024	6.2481	
21.6554	5	68	21.6457	5	68	21.2275	5	68	0.109477	0	5	0.0150792	0.0145967	0.01567	0.0150791	0.0145933	0.01567	0.0211185	0.02035	0.0221967	0.0211182	0.0203467	0.0221967	1.4005	1.4005	6.25913	
21.8406	5	91	21.8282	5	91	21.4119	5	91	0.14342	0	5	0.0201019	0.0194267	0.02073	0.0201015	0.0194233	0.02073	0.0281318	0.0271467	0.0289833	0.0281312	0.02714	0.0289833	1.39946	1.39946	6.24495	
22.1706	5	102	22.1546	5	102	21.7565	5	102	0.17731	0	6	0.0251035	0.0245267	0.0256833	0.0251033	0.0245233	0.0256833	0.0351196	0.0340467	0.03646	0.0351194	0.03405	0.0364533	1.39899	1.399	6.25133	
22.6441	5	154	22.6248	5	154	22.2243	5	154	0.208686	0	6	0.0301112	0.0294033	0.0307267	0.0301111	0.0294	0.0307267	0.0421523	0.04129	0.04329	0.0421518	0.0412867	0.0432867	1.39989	1.39987	6.26066	
23.2996	5	236	23.2746	5	236	22.8663	5	234	0.237867	0	6	0.035109	0.03442	0.0357133	0.0351081	0.0344167	0.0357133	0.0491422	0.0477867	0.0502267	0.049142	0.0477833	0.0502267	1.39971	1.39973	6.24789	
24.5805	5	430	24.5287	5	390	24.0933	5	385	0.265887	0	7	0.0401249	0.0393467	0.04092	0.0401245	0.0393567	0.0409167	0.0561613	0.0546567	0.0574467	0.0561603	0.0546567	0.05744	1.39966	1.39965	6.24151	
28.3536	5	1195	27.5446	5	543	27.0225	5	543	0.293261	0	7	0.0451031	0.0443967	0.0459467	0.0451024	0.0443967	0.0459467	0.0631368	0.0619633	0.06467	0.063136	0.0619633	0.06467	1.39983	1.39984	6.2438	
9740.64	5	231124	40.8023	5	962	34.24	5	956	0.321977	0	7	0.0497767	0.04009	0.05116	0.0497777	0.040095	0.05116	0.0696489	0.05538	0.071985	0.06965	0.055385	0.07198	1.39923	1.39922	6.44085	
