6.46492	1	23	6.46031	1	23	5.65132	1	21	0	0	0	0.00499391	0.00471	0.00536	0.00499401	0	0.01008	0.00895208	0.00824333	0.00963	0.00895229	0	0.0181833	1.7926	1.79261	6.65495	
6.54507	1	28	6.53617	1	23	5.72792	1	21	0	0	0	0.0100062	0.00962333	0.01048	0.0100062	0	0.0203367	0.0180378	0.0172933	0.0192367	0.0180377	0	0.0368	1.80265	1.80265	6.70816	
6.62184	1	31	6.60778	1	25	5.81163	1	22	0	0	0	0.0150311	0.0145233	0.0156967	0.0150311	0	0.03034	0.02704	0.0259333	0.0284833	0.0270398	0	0.0552867	1.79893	1.79893	6.77056	
6.71721	1	32	6.69681	1	30	5.9008	1	30	0	0	0	0.020063	0.0194867	0.0205667	0.0200631	0	0.0400267	0.0360579	0.0347767	0.0372567	0.0360581	0	0.0722333	1.79723	1.79723	6.84955	
6.79999	1	36	6.77294	1	30	5.97522	1	30	0	0	0	0.0250671	0.02449	0.0257333	0.0250669	0	0.0505633	0.0451318	0.0439833	0.0464533	0.0451319	0	0.09103	1.80044	1.80046	6.9099	
6.88047	1	42	6.84576	1	34	6.04498	1	30	0	0	0	0.0300682	0.02949	0.0307167	0.030068	0	0.0610233	0.0541228	0.0526633	0.0563	0.0541221	0	0.111143	1.8	1.79999	6.97126	
6.95528	1	44	6.913	1	39	6.12064	1	37	0	0	0	0.0350706	0.0342367	0.0362133	0.0350701	0	0.0704833	0.0631154	0.0612733	0.06533	0.0631147	0	0.127377	1.79966	1.79968	7.02568	
7.03272	1	51	6.98246	1	39	6.18242	1	39	0	0	0	0.0400941	0.0389867	0.0411167	0.0400937	0	0.0809233	0.072177	0.0700667	0.0745967	0.0721768	0	0.146197	1.80019	1.8002	7.08435	
7.11577	1	68	7.05326	1	40	6.2559	1	36	0	0	0	0.0450691	0.04441	0.0457233	0.0450685	0	0.0909133	0.0810798	0.07946	0.0826367	0.0810787	0	0.1633	1.79901	1.79901	7.14357	
7.18346	1	64	7.11137	1	44	6.3117	1	44	0	0	0	0.050078	0.04917	0.05091	0.0500776	0	0.101067	0.090079	0.0880267	0.09225	0.0900782	0	0.18272	1.79877	1.79877	7.1923	
7.28319	1	74	7.19513	1	43	6.39532	1	43	0	0	0	0.055088	0.0541533	0.0558567	0.0550874	0	0.110913	0.0990448	0.0965533	0.101737	0.0990433	0	0.199597	1.79794	1.79793	7.26451	
7.3594	1	88	7.25441	1	42	6.45763	1	42	0	0	0	0.0600776	0.0585933	0.0612533	0.0600774	0	0.120827	0.108018	0.105313	0.110653	0.108018	0	0.217277	1.79797	1.79798	7.30827	
7.44934	1	87	7.32892	1	47	6.52429	1	45	0	0	0	0.0651088	0.0641933	0.06608	0.0651085	0	0.131433	0.117103	0.115033	0.120723	0.117102	0	0.236313	1.79857	1.79857	7.37118	
7.53643	1	105	7.39151	1	47	6.58934	1	43	0	0	0	0.0700993	0.0692433	0.0712167	0.0700992	0	0.140503	0.126046	0.123663	0.128517	0.126046	0	0.254543	1.79811	1.79811	7.42282	
7.61395	1	137	7.44156	1	48	6.64378	1	44	0	0	0	0.0750704	0.0737167	0.0760867	0.0750703	0	0.151123	0.134952	0.131797	0.13759	0.134952	0	0.272207	1.79767	1.79767	7.45918	
7.71889	1	120	7.51132	1	50	6.71732	1	47	0	0	0	0.0800622	0.0788433	0.08149	0.0800628	0	0.160693	0.143966	0.141463	0.14713	0.143967	0	0.289177	1.79817	1.79818	7.51546	
7.82252	1	140	7.57197	1	51	6.77415	1	51	0	0	0	0.0850492	0.0838967	0.0865433	0.0850495	0	0.171813	0.152894	0.149913	0.155517	0.152894	0	0.308933	1.79771	1.7977	7.56541	
7.95508	1	173	7.62891	1	67	6.83528	1	67	0	0	0	0.0900403	0.0881367	0.0912167	0.0900403	0	0.18094	0.161919	0.158543	0.16451	0.16192	0	0.325973	1.7983	1.79831	7.60454	
8.09185	1	266	7.68883	1	70	6.89682	1	70	0	0	0	0.0950421	0.09396	0.0965867	0.095042	0	0.19177	0.170904	0.16843	0.17513	0.170904	0	0.344677	1.79819	1.79819	7.65282	
8.27105	1	270	7.74597	1	51	6.94391	1	51	0	0	0	0.100014	0.0985767	0.101243	0.100014	0	0.201133	0.179775	0.176603	0.18299	0.179777	0	0.363143	1.7975	1.79751	7.69547	
8.60905	1	323	7.81103	1	52	7.00864	1	52	0	0	0	0.105002	0.103807	0.106227	0.105002	0	0.211413	0.188774	0.18556	0.191903	0.188774	0	0.380627	1.79782	1.79782	7.74429	
9.322	1	762	7.86613	1	85	7.07224	1	81	0	0	0	0.110025	0.108787	0.111333	0.110025	0	0.221043	0.197877	0.1946	0.20158	0.197877	0	0.399587	1.79847	1.79847	7.78548	
58.8671	1	6664	7.93121	1	66	7.13107	1	66	0	0	0	0.115007	0.114064	0.115776	0.11501	0	0.230341	0.20704	0.204409	0.208936	0.207044	0	0.415297	1.80024	1.80022	7.8299	
1240.99	1	119490	7.9754	1	80	7.17876	1	80	0	0	0	0.119992	0.119394	0.120696	0.119795	0	0.240624	0.21597	0.213527	0.218351	0.215616	0	0.432564	1.79987	1.79988	7.86263	
