9.49618	4	22	9.49357	4	22	9.09202	4	22	0.0143879	0	2	0.00503896	0.00485	0.00525	0.00503896	0	0.0203833	0.00703187	0.00660667	0.00721	0.00703187	0	0.0285767	1.3955	1.3955	3.51271	
9.548	4	29	9.54265	4	29	9.13341	4	27	0.0287225	0	3	0.0100096	0.00977	0.01027	0.0100098	0	0.04015	0.0140242	0.01358	0.0143567	0.0140244	0	0.0561933	1.40107	1.40107	3.49471	
9.66345	4	27	9.6545	4	27	9.24274	4	27	0.043527	0	3	0.0150385	0.0146433	0.0154067	0.0150385	0	0.0604867	0.021109	0.0202767	0.0218267	0.021109	0	0.08488	1.40366	1.40366	3.50233	
9.76776	4	31	9.75581	4	31	9.34962	4	31	0.0605163	0	3	0.0200394	0.0195433	0.0204933	0.0200396	0	0.0805033	0.0280073	0.0269967	0.02855	0.0280075	0	0.112317	1.39761	1.39761	3.50536	
9.87269	4	31	9.85736	4	31	9.44804	4	29	0.074588	0	3	0.0249817	0.02455	0.0254533	0.0249819	0	0.100217	0.0349079	0.0340767	0.0355867	0.034909	0	0.13981	1.39734	1.39737	3.50122	
9.99364	4	37	9.97521	4	37	9.56663	4	37	0.0895022	0	3	0.0300342	0.0297133	0.0305567	0.030034	0	0.120857	0.0419717	0.0413367	0.04275	0.0419715	0	0.169377	1.39746	1.39747	3.49836	
10.161	4	40	10.1404	4	40	9.72937	4	40	0.105018	0	3	0.0350338	0.0346867	0.03549	0.0350344	0	0.141197	0.0489992	0.04824	0.04985	0.0489994	0	0.19809	1.39863	1.39861	3.5084	
10.3135	4	49	10.2878	4	49	9.87229	4	49	0.121344	0	3	0.040005	0.03935	0.0407933	0.0400058	0	0.160893	0.0560171	0.05455	0.0570533	0.0560185	0	0.225553	1.40025	1.40026	3.49489	
10.5211	4	74	10.4924	4	74	10.0784	4	74	0.136391	0	3	0.0449702	0.0445433	0.0453733	0.0449702	0	0.180637	0.0630102	0.0618767	0.0636067	0.0630096	0	0.25343	1.40115	1.40114	3.49891	
10.7653	4	58	10.7327	4	58	10.3278	4	58	0.151176	0	4	0.0499706	0.04939	0.05082	0.0499723	0	0.2006	0.0700073	0.0690767	0.0707567	0.0700098	0	0.28138	1.40097	1.40097	3.5001	
11.0575	4	89	11.022	4	89	10.6127	4	89	0.165097	0	3	0.0549625	0.0544667	0.0554133	0.0549635	0	0.220307	0.0769992	0.0758067	0.0775667	0.0770002	0	0.3088	1.40094	1.40093	3.503	
11.421	4	81	11.3794	4	69	10.9652	4	69	0.177761	0	4	0.0599131	0.05938	0.06052	0.059914	0	0.241153	0.0838985	0.0828033	0.0848967	0.0838998	0	0.336613	1.40034	1.40034	3.50439	
11.9037	4	185	11.8538	4	157	11.4481	4	157	0.191782	0	3	0.0649663	0.06403	0.0657433	0.0649675	0	0.26138	0.090945	0.0897567	0.0923067	0.0909475	0	0.364553	1.39988	1.39989	3.50402	
12.5599	4	143	12.5037	4	143	12.0948	4	143	0.205518	0	4	0.0699352	0.0688233	0.0708	0.0699365	0	0.281483	0.0978688	0.09602	0.0991067	0.097871	0	0.392987	1.39942	1.39943	3.49872	
13.4493	4	240	13.3643	4	240	12.9567	4	240	0.218397	0	4	0.0749275	0.0741533	0.07583	0.0749296	0	0.301793	0.104831	0.103647	0.106283	0.104836	0	0.421213	1.3991	1.39912	3.49848	
14.8695	4	213	14.7254	4	213	14.2916	4	213	0.23469	0	4	0.0799567	0.0791467	0.0808167	0.0799592	0	0.322017	0.111901	0.110857	0.112923	0.111903	0	0.450097	1.39952	1.39951	3.50069	
17.5607	4	427	16.9987	4	412	16.515	4	412	0.247523	0	4	0.0849583	0.08402	0.0858867	0.0849606	0	0.34217	0.118899	0.117433	0.120213	0.118901	0	0.478713	1.3995	1.39949	3.50278	
23.1405	4	685	21.0634	4	480	20.4089	4	477	0.261446	0	4	0.0899773	0.08907	0.0910533	0.0899817	0	0.36236	0.125884	0.12454	0.127717	0.12589	0	0.506813	1.39907	1.39906	3.50222	
64.5884	4	1991	33.4113	4	920	31.9354	4	920	0.2805	0	5	0.0949766	0.094395	0.095765	0.0949754	0	0.381163	0.132981	0.132085	0.13385	0.132979	0	0.53378	1.40014	1.40014	3.49744	
