22.5863	6	51	22.5764	6	51	22.1826	6	49	0.0106067	0	2	0.00499391	0.00468333	0.00544667	0.00499391	0.00468333	0.00544667	0.00697302	0.00645	0.00758	0.00697323	0.00645	0.00758	1.39631	1.39635	5.01312	
22.7177	6	52	22.6957	6	52	22.3011	6	50	0.0230273	0	2	0.0100062	0.00969	0.01043	0.0100059	0.00969	0.01043	0.014022	0.01366	0.0148233	0.0140216	0.01366	0.0148233	1.40133	1.40132	5.00422	
22.5863	6	51	22.5764	6	51	22.1826	6	49	0.0106067	0	2	0.00499391	0.00468333	0.00544667	0.00499391	0.00468333	0.00544667	0.00697302	0.00645	0.00758	0.00697323	0.00645	0.00758	1.39631	1.39635	5.01312	
22.8899	6	65	22.857	6	61	22.4513	6	59	0.0358353	0	2	0.0150311	0.01456	0.0155333	0.0150306	0.0145567	0.0155333	0.0210356	0.02021	0.0218533	0.021035	0.02021	0.0218533	1.39947	1.39948	5.00099	
22.7177	6	52	22.6957	6	52	22.3011	6	50	0.0230273	0	2	0.0100062	0.00969	0.01043	0.0100059	0.00969	0.01043	0.014022	0.01366	0.0148233	0.0140216	0.01366	0.0148233	1.40133	1.40132	5.00422	
23.1113	6	70	23.065	6	64	22.6323	6	64	0.0480648	0	2	0.020063	0.0193833	0.02058	0.0200624	0.0193833	0.0205867	0.0280604	0.0269067	0.02901	0.0280597	0.02691	0.02901	1.39862	1.39862	5.00263	
22.8899	6	65	22.857	6	61	22.4513	6	59	0.0358353	0	2	0.0150311	0.01456	0.0155333	0.0150306	0.0145567	0.0155333	0.0210356	0.02021	0.0218533	0.021035	0.02021	0.0218533	1.39947	1.39948	5.00099	
23.3783	6	69	23.3169	6	65	22.8923	6	65	0.0611152	0	2	0.0250671	0.0245333	0.0255667	0.0250665	0.02453	0.0255633	0.0350995	0.0341933	0.03614	0.0350983	0.03419	0.03614	1.40022	1.40021	5.00317	
23.1113	6	70	23.065	6	64	22.6323	6	64	0.0480648	0	2	0.020063	0.0193833	0.02058	0.0200624	0.0193833	0.0205867	0.0280604	0.0269067	0.02901	0.0280597	0.02691	0.02901	1.39862	1.39862	5.00263	
23.6929	6	78	23.6162	6	70	23.1801	6	70	0.0737179	0	2	0.0300682	0.0292033	0.03059	0.030067	0.0292	0.0305933	0.0420955	0.0408967	0.04303	0.0420939	0.0408933	0.04302	1.4	1.4	5.00148	
23.3783	6	69	23.3169	6	65	22.8923	6	65	0.0611152	0	2	0.0250671	0.0245333	0.0255667	0.0250665	0.02453	0.0255633	0.0350995	0.0341933	0.03614	0.0350983	0.03419	0.03614	1.40022	1.40021	5.00317	
23.6929	6	78	23.6162	6	70	23.1801	6	70	0.0737179	0	2	0.0300682	0.0292033	0.03059	0.030067	0.0292	0.0305933	0.0420955	0.0408967	0.04303	0.0420939	0.0408933	0.04302	1.4	1.4	5.00148	
24.1017	6	88	24.0045	6	87	23.5454	6	87	0.0859902	0	2	0.0350706	0.0341867	0.0361933	0.0350695	0.03419	0.0361867	0.049093	0.04748	0.0508	0.0490913	0.0474833	0.0507933	1.39983	1.39983	5.0023	
24.1017	6	88	24.0045	6	87	23.5454	6	87	0.0859902	0	2	0.0350706	0.0341867	0.0361933	0.0350695	0.03419	0.0361867	0.049093	0.04748	0.0508	0.0490913	0.0474833	0.0507933	1.39983	1.39983	5.0023	
24.6517	6	100	24.5231	6	98	24.0667	6	98	0.0997523	0	2	0.0400941	0.0392633	0.04088	0.0400924	0.03926	0.0408667	0.0561355	0.05461	0.05778	0.0561334	0.0546067	0.05776	1.40009	1.4001	5.00051	
24.6517	6	100	24.5231	6	98	24.0667	6	98	0.0997523	0	2	0.0400941	0.0392633	0.04088	0.0400924	0.03926	0.0408667	0.0561355	0.05461	0.05778	0.0561334	0.0546067	0.05776	1.40009	1.4001	5.00051	
25.4392	6	146	25.269	6	146	24.7901	6	144	0.11266	0	2	0.0450691	0.0439133	0.0457567	0.0450676	0.0439133	0.04575	0.0630745	0.0614	0.0642533	0.0630724	0.0614	0.0642467	1.39951	1.39951	5.00278	
25.4392	6	146	25.269	6	146	24.7901	6	144	0.11266	0	2	0.0450691	0.0439133	0.0457567	0.0450676	0.0439133	0.04575	0.0630745	0.0614	0.0642533	0.0630724	0.0614	0.0642467	1.39951	1.39951	5.00278	
26.5632	6	165	26.3142	6	147	25.8182	6	146	0.126015	0	2	0.0500781	0.0489967	0.0509467	0.0500764	0.0489967	0.0509467	0.0700787	0.0679833	0.0717733	0.0700771	0.06798	0.0717733	1.39939	1.3994	4.99781	
26.5632	6	165	26.3142	6	147	25.8182	6	146	0.126015	0	2	0.0500781	0.0489967	0.0509467	0.0500764	0.0489967	0.0509467	0.0700787	0.0679833	0.0717733	0.0700771	0.06798	0.0717733	1.39939	1.3994	4.99781	
28.6097	6	274	28.1361	6	173	27.5918	6	173	0.13997	0	2	0.0550876	0.05402	0.05595	0.0550854	0.0540167	0.0559433	0.0770658	0.0754333	0.0784167	0.0770623	0.0754467	0.07842	1.39897	1.39896	4.99956	
28.6097	6	274	28.1361	6	173	27.5918	6	173	0.13997	0	2	0.0550876	0.05402	0.05595	0.0550854	0.0540167	0.0559433	0.0770658	0.0754333	0.0784167	0.0770623	0.0754467	0.07842	1.39897	1.39896	4.99956	
33.2418	6	427	31.6843	6	227	30.9992	6	224	0.154063	0	2	0.060078	0.0593733	0.06132	0.0600784	0.05936	0.0613133	0.0840484	0.08206	0.08604	0.084049	0.08207	0.0860333	1.39899	1.39899	5.00063	
33.2418	6	427	31.6843	6	227	30.9992	6	224	0.154063	0	2	0.060078	0.0593733	0.06132	0.0600784	0.05936	0.0613133	0.0840484	0.08206	0.08604	0.084049	0.08207	0.0860333	1.39899	1.39899	5.00063	
66.263	6	3338	39.9262	6	274	38.7501	6	271	0.170062	0	2	0.0650379	0.0642129	0.0658643	0.0650376	0.0642157	0.0658614	0.0909964	0.0897943	0.0920929	0.0909962	0.0898	0.0920871	1.39913	1.39913	5.00045	
66.263	6	3338	39.9262	6	274	38.7501	6	271	0.170062	0	2	0.0650379	0.0642129	0.0658643	0.0650376	0.0642157	0.0658614	0.0909964	0.0897943	0.0920929	0.0909962	0.0898	0.0920871	1.39913	1.39913	5.00045	
22779.9	6	293933	52.9325	6	316	48.9542	6	312	0.181863	0	2	0.0682059	0.0544557	0.0710157	0.0682068	0.0544557	0.0710157	0.0954278	0.0764386	0.0990414	0.095429	0.0764357	0.0990414	1.39911	1.39911	5.01171	
22779.9	6	293933	52.9325	6	316	48.9542	6	312	0.181863	0	2	0.0682059	0.0544557	0.0710157	0.0682068	0.0544557	0.0710157	0.0954278	0.0764386	0.0990414	0.095429	0.0764357	0.0990414	1.39911	1.39911	5.01171	
