21.2673	5	62	21.2645	5	62	20.8584	5	60	0.0402783	0	13	0.00499391	0.00467667	0.00542	0.00499385	0.00467667	0.00542	0.00697302	0.00645	0.00752667	0.00697292	0.00645	0.00752667	1.39631	1.3963	6.24788	
21.4309	5	68	21.4244	5	67	21.0023	5	65	0.0855715	0	16	0.0100062	0.00967667	0.0104433	0.010006	0.00967667	0.0104433	0.014022	0.01365	0.0149067	0.0140218	0.01365	0.0149067	1.40133	1.40134	6.24978	
21.6172	5	71	21.6079	5	71	21.1985	5	71	0.126834	0	15	0.0150311	0.0145533	0.0154367	0.0150309	0.01455	0.0154367	0.0210356	0.0203833	0.0217367	0.0210354	0.0203833	0.0217367	1.39947	1.39947	6.25539	
21.7993	5	84	21.7869	5	84	21.3605	5	83	0.169609	0	14	0.020063	0.0194367	0.02059	0.0200626	0.0194367	0.0205967	0.0280604	0.0270233	0.0289667	0.0280597	0.0270267	0.0289667	1.39861	1.39861	6.25068	
22.0437	5	99	22.0277	5	99	21.6201	5	97	0.208176	0	15	0.0250671	0.0244433	0.0256067	0.0250669	0.0244433	0.0256033	0.0350995	0.0341933	0.0359733	0.0350992	0.0342067	0.0359733	1.40022	1.40022	6.25168	
22.3621	5	98	22.3433	5	97	21.9314	5	95	0.243835	0	14	0.0300682	0.0292233	0.0307133	0.0300674	0.0292267	0.0307167	0.0420955	0.04075	0.0433	0.042094	0.04076	0.0432867	1.4	1.39999	6.26051	
22.6885	5	127	22.6663	5	127	22.2527	5	125	0.276426	0	16	0.0350706	0.0343567	0.036	0.0350701	0.0343533	0.0359933	0.049093	0.04779	0.0503833	0.0490926	0.0477967	0.0503767	1.39983	1.39984	6.24529	
23.1673	5	148	23.1413	5	148	22.7379	5	146	0.307916	0	15	0.0400941	0.0392767	0.0409433	0.0400931	0.03927	0.04094	0.0561356	0.0549767	0.0572233	0.0561348	0.05497	0.0572233	1.4001	1.40011	6.2409	
23.8719	5	191	23.8422	5	191	23.4446	5	191	0.335225	0	16	0.0450691	0.0441567	0.04605	0.045068	0.0441333	0.0460533	0.0630745	0.0613333	0.06475	0.063073	0.06133	0.06476	1.39951	1.39951	6.24218	
24.967	5	263	24.9333	5	263	24.5675	5	263	0.358264	0	14	0.050078	0.04928	0.05103	0.0500771	0.04928	0.0510233	0.0700785	0.0689167	0.07225	0.0700779	0.0689167	0.0722367	1.39939	1.3994	6.24861	
26.6363	5	406	26.5947	5	406	26.2132	5	406	0.375641	0	14	0.055088	0.0540233	0.05614	0.0550865	0.0540267	0.05614	0.0770665	0.07531	0.0793267	0.0770646	0.0753133	0.0793267	1.39897	1.39897	6.24859	
30.197	5	882	29.8797	5	795	29.4655	5	795	0.388128	0	13	0.0600776	0.0593167	0.0612233	0.0600774	0.05932	0.0612267	0.0840478	0.08307	0.0852567	0.0840468	0.0830733	0.08526	1.39899	1.39898	6.24801	
706.937	5	36882	39.2518	5	1131	38.0025	5	1131	0.394453	0	13	0.0649831	0.0631986	0.0656857	0.0649832	0.0632	0.0656843	0.0909184	0.0884043	0.0919286	0.0909185	0.0884029	0.0919257	1.39911	1.39911	6.25472	
