4
1: [0, 1, 5, 9, 10, 6, 7, 11, 15, 14, 13, 12, 8, 4]
2: [3, 2, 6, 10, 9, 5, 4, 8, 12, 13, 14, 15, 11, 7]
3: [0, 1, 2, 3, 7, 11, 10, 6, 5, 9, 13, 12, 8, 4]
4: [0, 4, 8, 12, 13, 14, 15, 11, 7, 6, 10, 9, 5, 1]
16
0
0: []
1: [1, 3, 4]
2: [3]
3: [3]
4: [4, 1, 3]
5: [1, 3, 4]
6: [1, 3, 4]
7: [3, 1, 4]
8: [4, 1, 3]
9: [1, 3, 4]
10: [1, 3, 4]
11: [3, 1, 4]
12: [4, 1, 3]
13: [4, 1, 3]
14: [4, 1]
15: [4, 1]
1
0: [4, 1, 3]
1: []
2: [3]
3: [3]
4: [4, 1, 3]
5: [1, 3, 4]
6: [1, 3, 4]
7: [3, 1, 4]
8: [4, 1, 3]
9: [1, 3, 4]
10: [1, 3, 4]
11: [3, 1, 4]
12: [4, 1, 3]
13: [4, 1, 3]
14: [4, 1]
15: [1, 4]
2
0: [3]
1: [3]
2: []
3: [3, 2]
4: [2, 3]
5: [2, 3]
6: [2, 3]
7: [3, 2]
8: [2, 3]
9: [2, 3]
10: [2, 3]
11: [3, 2]
12: [2, 3]
13: [2, 3]
14: [2]
15: [2]
3
0: [3]
1: [3]
2: [2, 3]
3: []
4: [2, 3]
5: [2, 3]
6: [2, 3]
7: [3, 2]
8: [2, 3]
9: [2, 3]
10: [2, 3]
11: [3, 2]
12: [2, 3]
13: [3, 2]
14: [2]
15: [2]
4
0: [1, 3, 4]
1: [1, 3, 4]
2: [3, 2]
3: [3, 2]
4: []
5: [1, 3, 4, 2]
6: [1, 3, 4, 2]
7: [3, 1, 2, 4]
8: [2, 4, 1, 3]
9: [1, 3, 4, 2]
10: [1, 3, 4, 2]
11: [2, 3, 4, 1]
12: [2, 4, 1, 3]
13: [2, 4, 1, 3]
14: [2, 4, 1]
15: [2, 4, 1]
5
0: [4, 3, 1]
1: [4, 3, 1]
2: [3, 2]
3: [2, 3]
4: [2, 4, 3, 1]
5: []
6: [1, 2, 4, 3]
7: [1, 2, 3, 4]
8: [2, 3, 4, 1]
9: [1, 3, 2, 4]
10: [1, 2, 3, 4]
11: [1, 2, 4, 3]
12: [2, 3, 4, 1]
13: [3, 2, 4, 1]
14: [2, 1, 4]
15: [1, 2, 4]
6
0: [4, 3, 1]
1: [4, 3, 1]
2: [3, 2]
3: [3, 2]
4: [2, 3, 4, 1]
5: [3, 2, 4, 1]
6: []
7: [1, 2, 3, 4]
8: [2, 3, 1, 4]
9: [2, 3, 4, 1]
10: [2, 4, 1, 3]
11: [1, 2, 3, 4]
12: [3, 1, 2, 4]
13: [3, 1, 2, 4]
14: [1, 2, 4]
15: [1, 2, 4]
7
0: [4, 1, 3]
1: [4, 1, 3]
2: [2, 3]
3: [2, 3]
4: [1, 2, 4, 3]
5: [3, 4, 2, 1]
6: [4, 2, 3, 1]
7: []
8: [1, 2, 3, 4]
9: [4, 2, 3, 1]
10: [3, 4, 2, 1]
11: [1, 3, 2, 4]
12: [1, 3, 2, 4]
13: [1, 3, 2, 4]
14: [1, 2, 4]
15: [1, 2, 4]
8
0: [1, 3, 4]
1: [1, 3, 4]
2: [3, 2]
3: [3, 2]
4: [1, 3, 2, 4]
5: [1, 3, 4, 2]
6: [1, 4, 2, 3]
7: [2, 3, 4, 1]
8: []
9: [1, 4, 2, 3]
10: [1, 3, 4, 2]
11: [2, 4, 3, 1]
12: [2, 4, 1, 3]
13: [2, 4, 1, 3]
14: [2, 4, 1]
15: [2, 4, 1]
9
0: [4, 3, 1]
1: [4, 3, 1]
2: [3, 2]
3: [3, 2]
4: [2, 3, 4, 1]
5: [2, 4, 1, 3]
6: [1, 2, 3, 4]
7: [1, 2, 3, 4]
8: [2, 3, 4, 1]
9: []
10: [1, 3, 2, 4]
11: [1, 2, 3, 4]
12: [3, 2, 4, 1]
13: [3, 2, 1, 4]
14: [1, 2, 4]
15: [1, 2, 4]
10
0: [4, 3, 1]
1: [4, 3, 1]
2: [3, 2]
3: [2, 3]
4: [2, 4, 3, 1]
5: [2, 3, 4, 1]
6: [1, 3, 2, 4]
7: [1, 2, 3, 4]
8: [2, 3, 4, 1]
9: [2, 4, 3, 1]
10: []
11: [1, 2, 4, 3]
12: [2, 3, 1, 4]
13: [3, 1, 2, 4]
14: [1, 2, 4]
15: [1, 2, 4]
11
0: [1, 4, 3]
1: [4, 1, 3]
2: [2, 3]
3: [2, 3]
4: [1, 2, 3, 4]
5: [3, 4, 2, 1]
6: [3, 4, 2, 1]
7: [2, 4, 1, 3]
8: [1, 3, 2, 4]
9: [3, 4, 2, 1]
10: [3, 4, 2, 1]
11: []
12: [1, 3, 2, 4]
13: [1, 3, 2, 4]
14: [1, 2, 4]
15: [1, 2, 4]
12
0: [1, 3, 4]
1: [1, 3, 4]
2: [3, 2]
3: [2, 3]
4: [1, 3, 2, 4]
5: [1, 4, 2, 3]
6: [4, 1, 2, 3]
7: [2, 4, 3, 1]
8: [1, 3, 2, 4]
9: [1, 4, 2, 3]
10: [1, 4, 2, 3]
11: [2, 4, 3, 1]
12: []
13: [2, 4, 1, 3]
14: [2, 4, 1]
15: [2, 4, 1]
13
0: [1, 3, 4]
1: [1, 3, 4]
2: [2, 3]
3: [2, 3]
4: [1, 3, 2, 4]
5: [1, 4, 2, 3]
6: [4, 2, 1, 3]
7: [2, 4, 3, 1]
8: [1, 3, 2, 4]
9: [1, 4, 2, 3]
10: [4, 1, 2, 3]
11: [2, 4, 3, 1]
12: [1, 3, 2, 4]
13: []
14: [2, 4, 1]
15: [2, 4, 1]
14
0: [1, 4]
1: [1, 4]
2: [2]
3: [2]
4: [1, 2, 4]
5: [1, 4, 2]
6: [4, 2, 1]
7: [2, 4, 1]
8: [1, 2, 4]
9: [4, 1, 2]
10: [4, 2, 1]
11: [2, 4, 1]
12: [1, 2, 4]
13: [1, 2, 4]
14: []
15: [2, 4, 1]
15
0: [1, 4]
1: [1, 4]
2: [2]
3: [2]
4: [1, 2, 4]
5: [4, 1, 2]
6: [4, 2, 1]
7: [2, 4, 1]
8: [1, 2, 4]
9: [4, 2, 1]
10: [4, 2, 1]
11: [2, 4, 1]
12: [1, 2, 4]
13: [1, 2, 4]
14: [1, 2, 4]
15: []

