12.8865	3.48953	0.995025
12.8865	3.48953	0.995025
12.9481	3.49718	0.989972
13.0327	3.51258	0.984848
13.0187	3.49724	0.979838
13.0753	3.50715	0.974813
13.0569	3.49129	0.969822
13.1005	3.49532	0.964813
13.1247	3.49426	0.959859
13.17	3.49959	0.954849
13.2126	3.50164	0.949825
13.2456	3.50275	0.944785
13.2731	3.50053	0.939731
13.3092	3.49937	0.934585
13.3401	3.49769	0.929755
13.3894	3.50364	0.924479
13.4067	3.49856	0.919506
13.432	3.49639	0.914608
13.4698	3.49856	0.909751
13.5056	3.49853	0.904675
13.5481	3.50104	0.899547
13.5739	3.49679	0.894602
13.622	3.50222	0.889632
13.6519	3.50161	0.884554
13.6851	3.49884	0.879416
13.7125	3.49651	0.874503
13.7579	3.49968	0.86941
13.7879	3.49742	0.864614
13.8301	3.49805	0.859295
13.8901	3.50156	0.854243
13.9127	3.49904	0.849343
13.961	3.49973	0.844157
14.0072	3.49962	0.839309
14.0633	3.50245	0.83415
14.1178	3.50384	0.829126
14.1705	3.50683	0.824059
14.2134	3.50401	0.819095
14.2595	3.50162	0.814043
14.3104	3.50139	0.809002
14.3571	3.50039	0.804085
14.4286	3.50232	0.799007
14.4858	3.50301	0.793728
14.5403	3.50062	0.788675
14.6135	3.50422	0.783731
14.6825	3.50236	0.778716
14.7458	3.50186	0.773664
14.8171	3.50265	0.768624
14.8794	3.49943	0.763686
14.9603	3.49995	0.758701
15.0437	3.50197	0.753453
15.1461	3.49965	0.748551
15.2166	3.49954	0.743514
15.3037	3.50132	0.738654
15.434	3.50524	0.733391
15.5198	3.49993	0.728602
15.6388	3.49919	0.723508
15.7725	3.50284	0.718474
15.8869	3.49793	0.713349
16.0147	3.50054	0.708328
16.1716	3.50052	0.703516
16.3074	3.49882	0.698488
16.5254	3.4988	0.693379
16.6997	3.49869	0.688336
16.924	3.50117	0.683167
17.1882	3.50084	0.678112
17.3899	3.50304	0.672969
17.6812	3.49957	0.668201
18.0078	3.5011	0.66319
18.3711	3.49706	0.658147
18.7955	3.49933	0.653127
19.3164	3.49987	0.648091
19.8818	3.50034	0.643069
20.6107	3.49778	0.638108
21.5698	3.50033	0.63319
22.6167	3.49636	0.628335
24.5777	3.4988	0.623117
27.0472	3.50157	0.617772
30.3527	3.49894	0.61308
36.0215	3.49887	0.608225
63.6495	3.50098	0.603045
779.868	3.50115	0.598692
