21.2042	6.24331	0.991389
21.3168	6.26222	0.98267
21.3468	6.24674	0.97408
21.4209	6.24893	0.965413
21.4788	6.24725	0.956778
21.5534	6.24951	0.94812
21.631	6.2524	0.939466
21.6792	6.24683	0.930863
21.7586	6.2493	0.922189
21.8368	6.25166	0.913585
21.8898	6.24783	0.905003
21.9435	6.24171	0.89637
22.0403	6.24771	0.88762
22.1224	6.24961	0.878987
22.203	6.25007	0.870301
22.2738	6.24732	0.861741
22.3634	6.24749	0.85302
22.4485	6.24674	0.844489
22.5498	6.24933	0.835918
22.638	6.24679	0.827326
22.7537	6.24965	0.818773
22.8648	6.24883	0.810031
22.9944	6.25205	0.801491
23.0932	6.24572	0.792804
23.2629	6.25268	0.78408
23.392	6.24844	0.775565
23.5652	6.25289	0.766856
23.7435	6.24993	0.758222
23.9361	6.25249	0.749404
24.1431	6.25014	0.740924
24.3849	6.24903	0.732239
24.6641	6.24811	0.723639
24.9654	6.24821	0.715089
25.3187	6.24954	0.706367
25.7345	6.24911	0.697716
26.2919	6.25266	0.6888
26.9374	6.25458	0.680376
27.8156	6.24827	0.671778
29.327	6.2511	0.663163
31.1239	6.25132	0.654399
36.7325	6.25233	0.645815
65.0698	6.24894	0.637141
2949.7	6.25295	0.63167
