37.4069	11.6158	0.984313
37.5704	11.6207	0.96858
37.7317	11.6239	0.952859
37.8743	11.6221	0.937133
38.024	11.6239	0.92142
38.1729	11.6209	0.905803
38.3523	11.6273	0.890032
38.5069	11.6206	0.874334
38.7166	11.6268	0.858777
38.913	11.6241	0.843148
39.1719	11.6287	0.827427
39.4306	11.6254	0.811778
39.743	11.626	0.795871
40.0963	11.6252	0.780283
40.5493	11.6305	0.764527
41.0581	11.6296	0.748774
41.6517	11.6214	0.73318
42.5148	11.6282	0.717446
43.594	11.6225	0.701764
45.3602	11.6277	0.686265
49.1272	11.6275	0.670507
78.5449	11.6278	0.654772
11520.3	11.6519	0.649344
