8.33294	8.5068	1.3041	0.995979	0.004021	2.08313e-07	
8.34247	8.51272	1.2956	0.991918	0.00808052	1.09364e-06	
8.39884	8.54388	1.28706	0.98775	0.0122474	2.39557e-06	
8.43431	8.55117	1.27841	0.983489	0.0165043	6.82196e-06	
8.49858	8.59564	1.26981	0.979242	0.0207477	1.06235e-05	
8.53677	8.61692	1.26118	0.9749	0.025079	2.09871e-05	
8.57591	8.63182	1.25242	0.970462	0.0295043	3.41108e-05	
8.63259	8.66317	1.24363	0.965992	0.0339551	5.27001e-05	
8.68256	8.68081	1.23483	0.961309	0.0386195	7.15542e-05	
8.74048	8.70953	1.22586	0.956707	0.0431903	0.000102799	
8.79576	8.73168	1.2169	0.951968	0.0478964	0.00013571	
8.85067	8.75559	1.20772	0.947133	0.0526876	0.000178936	
8.93056	8.79274	1.19862	0.942139	0.0576206	0.000240647	
8.9804	8.80916	1.1896	0.937103	0.0625849	0.000312602	
9.0483	8.82838	1.18022	0.932037	0.0675531	0.000409771	
9.12548	8.86701	1.17103	0.926801	0.0727081	0.000491308	
9.1804	8.88326	1.16166	0.921478	0.0779259	0.000596217	
9.27526	8.91833	1.15223	0.915944	0.0833156	0.00074072	
9.36692	8.95205	1.14297	0.910516	0.0886144	0.000869349	
9.44957	8.9735	1.13319	0.904923	0.0940204	0.00105644	
9.53092	8.99525	1.12374	0.899041	0.0996787	0.00128029	
9.64103	9.03074	1.11396	0.893203	0.105301	0.00149688	
9.7756	9.07357	1.10373	0.886851	0.111385	0.0017636	
9.87992	9.10116	1.09395	0.880666	0.117264	0.00207016	
10	9.12537	1.08425	0.874269	0.123374	0.00235711	
10.1564	9.1739	1.07372	0.867609	0.129613	0.0027782	
10.315	9.20807	1.06348	0.860725	0.13605	0.00322482	
10.457	9.23346	1.05332	0.853809	0.142498	0.00369293	
10.6611	9.2718	1.0428	0.846443	0.149262	0.00429456	
10.8461	9.30238	1.03253	0.839269	0.155882	0.00484816	
11.0791	9.33886	1.02174	0.831206	0.163232	0.005562	
11.337	9.38073	1.01111	0.823477	0.170217	0.0063063	
11.6127	9.41538	0.999956	0.81497	0.177778	0.00725215	
11.9259	9.45797	0.989277	0.806176	0.185619	0.00820538	
12.31	9.50115	0.978091	0.797055	0.193596	0.00934838	
12.7356	9.53696	0.967047	0.788102	0.201346	0.0105517	
13.1807	9.57429	0.955779	0.778816	0.209265	0.0119193	
13.792	9.61487	0.944603	0.768494	0.21803	0.0134765	
14.5946	9.66339	0.932652	0.758182	0.22662	0.0151981	
15.37	9.69865	0.921637	0.746905	0.236046	0.0170482	
16.4905	9.74469	0.909639	0.735225	0.245515	0.0192595	
17.8515	9.78976	0.897566	0.722507	0.255692	0.0218009	
19.6297	9.82539	0.886176	0.710461	0.265314	0.0242249	
22.1836	9.86578	0.874481	0.696551	0.276208	0.0272417	
26.7998	9.91075	0.862078	0.681667	0.28738	0.0309528	
35.9842	9.95777	0.849356	0.665128	0.299587	0.0352853	
117.407	10.0042	0.837655	0.649157	0.311417	0.0394263	
1415.7	10.0262	0.827626	0.635972	0.321175	0.0428533	
