29.5084	11	57	29.5056	11	57	29.091	11	56	0.0468592	0	10	0.00499391	0.00467667	0.00542	0.00499385	0.00467667	0.00542	0.00697302	0.00645	0.00752667	0.00697292	0.00645	0.00752667	1.39631	1.3963	8.97983	
29.7567	11	66	29.7503	11	66	29.3086	11	64	0.100068	0	16	0.0100062	0.00967667	0.0104433	0.010006	0.00967667	0.0104433	0.014022	0.01365	0.0149067	0.0140218	0.01365	0.0149067	1.40133	1.40133	8.99434	
29.9821	11	70	29.9728	11	70	29.5393	11	70	0.148123	0	15	0.0150311	0.0145533	0.01544	0.0150308	0.01455	0.01544	0.0210356	0.0203867	0.0217467	0.0210352	0.0203833	0.0217467	1.39947	1.39947	8.99926	
30.2164	11	71	30.204	11	71	29.785	11	69	0.195149	0	17	0.020063	0.0194333	0.02059	0.0200624	0.0194333	0.0205967	0.0280604	0.02703	0.0289667	0.0280597	0.0270333	0.0289667	1.39861	1.39862	8.99766	
30.4929	11	78	30.477	11	78	30.0538	11	76	0.241871	0	15	0.0250671	0.0244333	0.02562	0.0250667	0.0244333	0.0256167	0.0350995	0.0342033	0.0359833	0.0350991	0.0342167	0.0359833	1.40022	1.40023	8.99634	
30.8271	11	86	30.8084	11	86	30.3735	11	84	0.280124	0	17	0.0300682	0.0292267	0.0306933	0.0300678	0.02923	0.0306967	0.0420955	0.0407533	0.0432867	0.0420946	0.0407633	0.0432767	1.4	1.39999	9.00354	
31.1621	11	90	31.1399	11	90	30.7315	11	90	0.318822	0	17	0.0350706	0.0343667	0.03599	0.0350698	0.03436	0.0359833	0.049093	0.0478267	0.05043	0.049092	0.0478333	0.0504233	1.39983	1.39983	8.99536	
31.6163	11	98	31.5904	11	98	31.181	11	98	0.353864	0	16	0.0400941	0.0392267	0.0409733	0.0400934	0.03922	0.04097	0.0561356	0.0548667	0.0572367	0.0561348	0.05486	0.05723	1.4001	1.4001	8.99664	
32.133	11	97	32.1035	11	97	31.6942	11	97	0.385024	0	16	0.0450691	0.04416	0.0460367	0.0450673	0.0441367	0.0460467	0.0630745	0.0611833	0.0647133	0.063072	0.0611767	0.0647233	1.39951	1.39951	8.99217	
32.8226	11	120	32.7903	11	113	32.3863	11	113	0.411156	0	16	0.050078	0.0493233	0.0509467	0.0500763	0.0493333	0.05094	0.0700785	0.0688533	0.07214	0.0700766	0.0688533	0.0721267	1.39939	1.3994	8.99868	
33.6822	11	147	33.6455	11	146	33.2443	11	146	0.433844	0	18	0.055088	0.0540933	0.0560667	0.0550866	0.0540867	0.0560633	0.0770665	0.0753267	0.0793667	0.0770642	0.07532	0.0793633	1.39897	1.39896	8.99737	
34.7857	11	207	34.7448	11	207	34.3609	11	207	0.451469	0	16	0.0600776	0.0593	0.0611767	0.0600771	0.0592833	0.0611767	0.0840478	0.0826	0.0853567	0.0840469	0.0826167	0.08535	1.39899	1.39898	8.99538	
36.3933	11	216	36.3472	11	216	35.9653	11	216	0.467575	0	16	0.0651088	0.06403	0.0663	0.0651083	0.0640367	0.0663033	0.0911061	0.0890167	0.0931533	0.0911051	0.08903	0.0931633	1.39929	1.39928	8.99699	
38.8393	11	294	38.7833	11	288	38.4128	11	288	0.479206	0	16	0.0700993	0.0692133	0.0712033	0.0700994	0.06921	0.0712	0.0980728	0.0961733	0.100263	0.0980735	0.0961533	0.100257	1.39906	1.39906	9.00175	
42.6852	11	472	42.586	11	395	42.2508	11	395	0.48801	0	17	0.0750704	0.07422	0.0762267	0.0750715	0.0742267	0.0762233	0.105011	0.102877	0.106867	0.105013	0.102883	0.106857	1.39884	1.39884	8.99945	
50.1026	11	674	49.6191	11	655	49.1758	11	655	0.496807	0	15	0.0800625	0.0786233	0.0811167	0.0800664	0.07862	0.0811133	0.112015	0.110093	0.11394	0.11202	0.110093	0.11396	1.39909	1.39909	8.99684	
108.387	11	4620	66.4901	11	885	65.1962	11	885	0.504812	0	16	0.0850158	0.084235	0.0859817	0.0850186	0.084235	0.085985	0.118955	0.117658	0.120395	0.118959	0.117665	0.120377	1.39921	1.39921	9.00064	
15114.1	11	368400	86.5086	11	1074	80.1505	11	1074	0.510156	0	14	0.0885172	0.0654371	0.0908743	0.0885181	0.0654443	0.0908743	0.123896	0.0918486	0.126954	0.123897	0.0918557	0.12694	1.39968	1.39968	9.02946	
