21.3048	5	57	21.3019	5	57	20.9322	5	57	0.0366614	0	4	0.00501776	0.00475	0.00528667	0.00501792	0.00475	0.00529	0.00701224	0.00667	0.00742	0.0070126	0.00666667	0.00743	1.39748	1.39751	6.2582	
21.4304	5	79	21.4245	5	79	21.0014	5	79	0.0732897	0	4	0.0100365	0.00971333	0.01046	0.0100367	0.00971333	0.01046	0.0140533	0.01344	0.01478	0.0140538	0.01344	0.01478	1.40023	1.40024	6.2481	
21.6553	5	68	21.6456	5	68	21.2274	5	68	0.109498	0	5	0.0150792	0.0145967	0.01567	0.0150791	0.0145933	0.01567	0.0211185	0.02035	0.0221967	0.0211182	0.0203467	0.0221967	1.4005	1.4005	6.25913	
21.8401	5	91	21.8277	5	91	21.4115	5	91	0.143327	0	5	0.0201019	0.0194267	0.02074	0.0201015	0.0194233	0.02074	0.0281318	0.0271467	0.029	0.0281312	0.02714	0.029	1.39946	1.39946	6.24494	
22.1689	5	99	22.1529	5	99	21.7558	5	99	0.177451	0	6	0.0251035	0.0245267	0.02568	0.0251033	0.0245233	0.02568	0.0351196	0.0340767	0.0364733	0.0351194	0.03408	0.0364667	1.39899	1.399	6.25134	
22.6406	5	154	22.6212	5	154	22.2211	5	154	0.208494	0	6	0.0301112	0.0294067	0.03075	0.0301112	0.0294033	0.03075	0.0421523	0.0413	0.04325	0.0421518	0.0412967	0.0432467	1.39989	1.39987	6.26031	
23.2922	5	168	23.2677	5	168	22.8555	5	168	0.237951	0	6	0.035109	0.0343633	0.0356967	0.0351083	0.03436	0.0356933	0.0491422	0.04775	0.0502367	0.0491422	0.0477467	0.0502367	1.39971	1.39973	6.2483	
24.5518	5	465	24.5011	5	356	24.0683	5	356	0.266401	0	6	0.0401249	0.0393	0.04095	0.0401246	0.0392967	0.0409467	0.0561613	0.0549333	0.0574133	0.0561604	0.0549267	0.0574067	1.39966	1.39965	6.23967	
27.9758	5	875	27.3891	5	517	26.8661	5	517	0.292405	0	6	0.0451031	0.04417	0.0460833	0.0451032	0.0441833	0.0460867	0.0631368	0.0615767	0.06457	0.063137	0.06159	0.06457	1.39983	1.39983	6.24557	
102734	5	1.43521e+06	72.3525	5	1307	38.0408	5	1307	0.350556	0	7	0.0535454	0.02136	0.055845	0.053547	0.021345	0.055855	0.0749535	0.030335	0.078875	0.0749551	0.030325	0.07887	1.39981	1.3998	7.00484	
