10.7818	1	35	10.7695	1	35	9.97426	1	31	0	0	0	0.00499391	0.00470667	0.00535333	0.00499401	0	0.0100933	0.00895807	0.00850667	0.00958333	0.00895839	0	0.0185467	1.7938	1.79383	10.9666	
10.8127	1	35	10.7887	1	35	9.99763	1	31	0	0	0	0.0100062	0.00965667	0.0103967	0.0100061	0	0.0202033	0.0180478	0.0173033	0.0191	0.018048	0	0.0358167	1.80365	1.80369	10.9665	
10.8397	1	35	10.8012	1	35	9.98596	1	33	0	0	0	0.0150311	0.0144367	0.01558	0.0150311	0	0.0300533	0.0270341	0.0255567	0.0287267	0.0270342	0	0.0543067	1.79854	1.79855	10.9741	
10.8597	1	37	10.8047	1	37	10.0131	1	34	0	0	0	0.020063	0.0192133	0.02056	0.020063	0	0.0399133	0.0360442	0.0342933	0.03701	0.0360443	0	0.0722467	1.79655	1.79656	10.9691	
10.9022	1	41	10.8301	1	35	10.0269	1	35	0	0	0	0.0250671	0.0243567	0.0257033	0.0250668	0	0.0501633	0.0451293	0.04357	0.04708	0.0451286	0	0.09035	1.80034	1.80034	10.9792	
10.9192	1	42	10.8263	1	39	10.0295	1	35	0	0	0	0.0300682	0.0294533	0.0308833	0.030068	0	0.0603867	0.0541306	0.0524133	0.05635	0.0541301	0	0.10849	1.80026	1.80026	10.9651	
10.9451	1	41	10.8328	1	38	10.0422	1	34	0	0	0	0.0350706	0.0342667	0.0356333	0.0350704	0	0.0703867	0.0631274	0.0605667	0.0646867	0.063127	0	0.12623	1.80001	1.80001	10.9602	
10.964	1	55	10.8279	1	38	10.0256	1	35	0	0	0	0.0400941	0.0392067	0.0408067	0.0400933	0	0.0808	0.0721909	0.06963	0.0743333	0.0721896	0	0.145147	1.80054	1.80054	10.9447	
10.9981	1	49	10.8343	1	38	10.0314	1	35	0	0	0	0.0450691	0.04437	0.0457367	0.0450685	0	0.0901233	0.0810618	0.0796533	0.08337	0.0810607	0	0.162097	1.79861	1.79861	10.9399	
11.0299	1	60	10.8355	1	38	10.0419	1	36	0	0	0	0.050078	0.0492133	0.0508633	0.0500773	0	0.100097	0.0900839	0.08822	0.0926	0.0900833	0	0.17927	1.79887	1.79888	10.9289	
11.0756	1	74	10.8482	1	55	10.0487	1	51	0	0	0	0.055088	0.05381	0.05593	0.0550875	0	0.109683	0.099037	0.0964233	0.102157	0.0990365	0	0.196257	1.7978	1.7978	10.9282	
11.136	1	93	10.8677	1	58	10.0641	1	54	0	0	0	0.0600776	0.0591367	0.0612233	0.0600774	0	0.120443	0.108008	0.105257	0.110557	0.108008	0	0.219137	1.79781	1.79782	10.9349	
11.1916	1	83	10.8801	1	43	10.0914	1	40	0	0	0	0.0651088	0.0639433	0.0663033	0.0651085	0	0.130363	0.117116	0.115003	0.12039	0.117115	0	0.23463	1.79877	1.79877	10.9349	
11.2561	1	128	10.8843	1	46	10.0904	1	46	0	0	0	0.0700993	0.06909	0.0710867	0.0700994	0	0.139907	0.12604	0.12349	0.128027	0.12604	0	0.252493	1.79802	1.79802	10.9221	
11.3125	1	142	10.888	1	54	10.0919	1	50	0	0	0	0.0750704	0.0737533	0.0761233	0.0750701	0	0.149267	0.134951	0.131883	0.138263	0.13495	0	0.26773	1.79766	1.79766	10.9129	
11.4177	1	162	10.9038	1	53	10.1082	1	53	0	0	0	0.0800622	0.0788467	0.08103	0.0800626	0	0.159863	0.143965	0.14126	0.147247	0.143965	0	0.286143	1.79816	1.79815	10.9106	
11.5388	1	277	10.9247	1	55	10.1194	1	51	0	0	0	0.0850491	0.08395	0.08618	0.085049	0	0.170403	0.152908	0.149993	0.157033	0.152908	0	0.30611	1.79788	1.79788	10.9131	
11.6701	1	313	10.9281	1	53	10.1296	1	53	0	0	0	0.0900403	0.0884633	0.0911533	0.0900404	0	0.178383	0.16192	0.158507	0.16582	0.161918	0	0.320677	1.7983	1.79829	10.8985	
11.8786	1	432	10.9455	1	60	10.1409	1	56	0	0	0	0.0950421	0.0937233	0.0968	0.0950414	0	0.189877	0.170927	0.16837	0.174373	0.170926	0	0.34023	1.79843	1.79844	10.8975	
12.2958	1	352	10.972	1	55	10.175	1	55	0	0	0	0.100013	0.0985333	0.100963	0.100014	0	0.20058	0.17977	0.175713	0.182563	0.179771	0	0.360473	1.79746	1.79746	10.9007	
12.9681	1	628	10.9812	1	59	10.1858	1	55	0	0	0	0.105002	0.103497	0.10623	0.105002	0	0.210437	0.188772	0.18511	0.191487	0.188771	0	0.379217	1.7978	1.79779	10.8883	
16.9875	1	1226	11.0123	1	55	10.2178	1	53	0	0	0	0.110025	0.108803	0.110933	0.110026	0	0.220737	0.197865	0.193943	0.200563	0.197867	0	0.395003	1.79837	1.79838	10.889	
1073.05	1	110076	11.0301	1	64	10.2274	1	64	0	0	0	0.115007	0.114353	0.11602	0.114819	0	0.229096	0.207047	0.204767	0.208569	0.206706	0	0.412456	1.8003	1.80028	10.8849	
