6.28466	2	20	6.28466	2	20	5.45279	2	16	0	0	0	0.00503313	0.00481	0.00530333	0.00503313	0.00481	0.0053	0.00901479	0.00842333	0.00938667	0.00901479	0.00842333	0.00938667	1.79109	1.79109	6.48123	
6.32525	2	20	6.32521	2	20	5.54798	2	19	0	0	0	0.0100071	0.00965667	0.0101967	0.0100071	0.00965667	0.0102	0.0181071	0.0176567	0.0190767	0.0181075	0.0176567	0.01908	1.80943	1.80947	6.48949	
6.34727	2	22	6.3472	2	22	5.58022	2	20	0	0	0	0.0149985	0.0147133	0.0155233	0.0149985	0.0147133	0.01552	0.0269394	0.0256067	0.0280867	0.0269394	0.0256067	0.0280867	1.79613	1.79613	6.50687	
6.33989	2	24	6.3397	2	24	5.54564	2	20	0	0	0	0.019986	0.01961	0.02052	0.019986	0.01961	0.0205167	0.0358335	0.03493	0.03684	0.0358327	0.03493	0.0368367	1.79293	1.79289	6.49014	
6.36913	2	26	6.3688	2	26	5.58244	2	22	0	0	0	0.0249837	0.0244333	0.0254267	0.024984	0.0244333	0.0254233	0.0448033	0.0432067	0.0459867	0.0448044	0.0432067	0.0459833	1.7933	1.79333	6.50352	
6.39842	2	24	6.39796	2	24	5.59011	2	21	0	0	0	0.0300242	0.0295467	0.03048	0.0300242	0.0295433	0.0304767	0.0540175	0.05332	0.0554333	0.0540175	0.0533167	0.0554333	1.79913	1.79913	6.50888	
6.39746	2	24	6.39672	2	24	5.59313	2	22	0	0	0	0.0350258	0.03456	0.0356267	0.0350258	0.0345567	0.0356267	0.0631567	0.0616533	0.06481	0.0631567	0.06165	0.0648067	1.80315	1.80315	6.49038	
6.41075	2	26	6.40959	2	26	5.6117	2	23	0	0	0	0.0400277	0.03946	0.04073	0.0400279	0.0394567	0.0407267	0.0721635	0.0709767	0.07374	0.0721637	0.0709867	0.0737367	1.80284	1.80284	6.48732	
6.44066	2	34	6.43961	2	34	5.62127	2	30	0	0	0	0.0450169	0.0439567	0.0456967	0.0450169	0.0439567	0.0456967	0.0811485	0.0793167	0.08211	0.0811502	0.0793167	0.08211	1.80262	1.80266	6.50538	
6.45042	2	37	6.44873	2	37	5.65119	2	33	0	0	0	0.0499998	0.0493	0.0506933	0.0500002	0.0493	0.05069	0.0900577	0.0887133	0.0915567	0.090059	0.0887133	0.0915667	1.80116	1.80117	6.49816	
6.46742	2	36	6.46562	2	36	5.68168	2	32	0	0	0	0.0550015	0.05412	0.0556867	0.0550015	0.0541167	0.0556833	0.0989573	0.0961867	0.101667	0.0989571	0.0961767	0.101663	1.79918	1.79917	6.49882	
6.47658	2	40	6.47455	2	40	5.6802	2	36	0	0	0	0.0599671	0.0591933	0.0606667	0.0599673	0.0591933	0.0606633	0.107884	0.10628	0.110047	0.107884	0.10629	0.110047	1.79905	1.79905	6.49514	
6.49659	2	40	6.49396	2	40	5.69705	2	36	0	0	0	0.0650215	0.0644433	0.06613	0.0650213	0.06444	0.0661367	0.116787	0.114973	0.119243	0.116787	0.11497	0.119243	1.79613	1.79614	6.49665	
6.51134	2	37	6.50816	2	37	5.72412	2	33	0	0	0	0.0699785	0.0688767	0.0706767	0.0699785	0.0688767	0.0706767	0.125762	0.123223	0.12785	0.125761	0.123223	0.127847	1.79715	1.79714	6.49681	
6.52595	2	41	6.52232	2	41	5.73113	2	37	0	0	0	0.0749754	0.0739667	0.0760933	0.0749758	0.0739633	0.0760933	0.134679	0.132943	0.137253	0.134678	0.132947	0.137253	1.79631	1.79628	6.49001	
6.54691	2	40	6.54254	2	40	5.75044	2	36	0	0	0	0.0799906	0.0789433	0.0806033	0.079991	0.07894	0.0806067	0.143754	0.1418	0.145303	0.143754	0.141793	0.145303	1.79713	1.79712	6.49277	
6.57706	2	37	6.57108	2	37	5.79105	2	33	0	0	0	0.0850135	0.0841767	0.08594	0.0850129	0.0841767	0.0859433	0.152908	0.15066	0.154753	0.152905	0.15066	0.154737	1.79864	1.79861	6.49839	
6.59163	2	42	6.58544	2	42	5.79143	2	38	0	0	0	0.0900248	0.0892033	0.09142	0.0900265	0.0892067	0.09142	0.16201	0.159603	0.16706	0.16201	0.159607	0.16706	1.79961	1.79958	6.49685	
6.60649	2	40	6.5991	2	40	5.80198	2	36	0	0	0	0.0950098	0.0942767	0.09608	0.09501	0.0942767	0.0960767	0.170997	0.16884	0.173027	0.170997	0.168837	0.17303	1.79979	1.79978	6.49029	
6.62599	2	50	6.61797	2	50	5.82676	2	46	0	0	0	0.100001	0.0992933	0.10096	0.100001	0.0992867	0.10096	0.180058	0.177937	0.182947	0.180056	0.177937	0.182947	1.80056	1.80055	6.48903	
6.64994	2	39	6.64089	2	39	5.84961	2	35	0	0	0	0.105056	0.104367	0.105867	0.105056	0.10436	0.10587	0.189182	0.1872	0.191547	0.189182	0.187197	0.19155	1.80077	1.80076	6.48775	
6.66736	2	55	6.65674	2	55	5.86148	2	51	0	0	0	0.110075	0.108663	0.11093	0.110075	0.108667	0.11093	0.198212	0.19493	0.200707	0.198214	0.194933	0.200707	1.80071	1.80071	6.48486	
6.70791	2	48	6.69566	2	48	5.90331	2	44	0	0	0	0.115057	0.113993	0.11592	0.115057	0.113997	0.115923	0.207168	0.20457	0.210507	0.207166	0.204573	0.21051	1.80056	1.80055	6.49696	
6.72627	2	56	6.71332	2	56	5.93351	2	52	0	0	0	0.120091	0.11929	0.121323	0.120091	0.119293	0.12132	0.216163	0.21313	0.21876	0.216167	0.21314	0.21876	1.8	1.80002	6.49692	
6.75066	2	60	6.73596	2	60	5.94897	2	56	0	0	0	0.125085	0.12432	0.126297	0.125085	0.12433	0.126297	0.22529	0.223193	0.229163	0.225289	0.223183	0.229157	1.80109	1.80109	6.49492	
6.77365	2	51	6.75706	2	51	5.97121	2	47	0	0	0	0.130036	0.12924	0.131267	0.130035	0.12924	0.131267	0.23412	0.231557	0.23707	0.23412	0.23156	0.23708	1.80043	1.80044	6.493	
6.78947	2	48	6.77128	2	48	5.98911	2	46	0	0	0	0.135046	0.134093	0.136103	0.135047	0.134087	0.136107	0.243109	0.241307	0.245997	0.243108	0.24132	0.246	1.80019	1.80017	6.49304	
6.82666	2	47	6.80668	2	47	6.02872	2	43	0	0	0	0.140089	0.13944	0.141097	0.140087	0.139437	0.1411	0.252135	0.24934	0.25455	0.252129	0.24934	0.254553	1.79982	1.7998	6.49584	
6.86231	2	54	6.83977	2	54	6.06076	2	50	0	0	0	0.145101	0.143857	0.14625	0.1451	0.143857	0.146247	0.261322	0.259377	0.263003	0.261323	0.259377	0.263	1.80097	1.80098	6.50023	
6.88179	2	48	6.85608	2	48	6.08246	2	44	0	0	0	0.150073	0.148857	0.15121	0.150071	0.14886	0.151207	0.270177	0.26602	0.273463	0.270174	0.266027	0.273453	1.80031	1.8003	6.49617	
6.90696	2	61	6.88079	2	61	6.10411	2	57	0	0	0	0.155095	0.153963	0.155983	0.155096	0.153967	0.155983	0.279321	0.275037	0.28224	0.279322	0.275047	0.282243	1.80096	1.80096	6.49168	
6.94639	2	53	6.91749	2	53	6.14445	2	53	0	0	0	0.160132	0.159087	0.161083	0.16013	0.1591	0.16108	0.288289	0.285193	0.291183	0.288288	0.28522	0.291183	1.80032	1.80034	6.50375	
6.98247	2	53	6.94841	2	53	6.17526	2	49	0	0	0	0.165183	0.164203	0.166453	0.165183	0.164197	0.16645	0.297368	0.293813	0.300543	0.297369	0.293813	0.300557	1.80023	1.80024	6.5044	
7.01961	2	65	6.98365	2	65	6.21405	2	61	0	0	0	0.170181	0.169017	0.171337	0.170179	0.169013	0.17133	0.306336	0.302677	0.31067	0.306335	0.302683	0.310687	1.80006	1.80007	6.5095	
7.04557	2	60	7.00466	2	60	6.23269	2	60	0	0	0	0.175217	0.174117	0.176273	0.175216	0.174123	0.176273	0.315385	0.312637	0.31849	0.315383	0.312643	0.318507	1.79997	1.79997	6.50422	
7.08175	2	61	7.03663	2	61	6.269	2	58	0	0	0	0.18028	0.178787	0.181217	0.18028	0.17878	0.18121	0.324327	0.32116	0.326523	0.324323	0.32116	0.32651	1.79901	1.799	6.51092	
7.1271	2	82	7.0799	2	82	6.30939	2	78	0	0	0	0.18528	0.18345	0.18669	0.18528	0.183453	0.186687	0.333208	0.331463	0.33741	0.333207	0.33148	0.337393	1.7984	1.7984	6.51538	
7.16937	2	63	7.11669	2	63	6.34775	2	59	0	0	0	0.190258	0.18945	0.191683	0.190257	0.189447	0.191683	0.34208	0.339013	0.34423	0.342079	0.339013	0.34423	1.79798	1.79798	6.52101	
7.21274	2	63	7.15693	2	63	6.39112	2	59	0	0	0	0.195212	0.19321	0.1966	0.195211	0.19321	0.196587	0.350996	0.34645	0.353823	0.350994	0.346453	0.353837	1.79803	1.79802	6.52707	
7.25108	2	61	7.18746	2	61	6.42735	2	57	0	0	0	0.200214	0.19899	0.201843	0.200213	0.19898	0.201847	0.360125	0.35611	0.364773	0.360127	0.3561	0.36479	1.7987	1.79872	6.52527	
7.29493	2	72	7.22743	2	72	6.46645	2	68	0	0	0	0.205178	0.203447	0.206533	0.205178	0.203443	0.206537	0.369072	0.365927	0.371617	0.369076	0.36593	0.371613	1.79879	1.79881	6.52867	
7.36101	2	74	7.28464	2	74	6.53508	2	70	0	0	0	0.210146	0.209193	0.210833	0.210145	0.20919	0.210837	0.377912	0.37409	0.37995	0.377911	0.374093	0.37994	1.79833	1.79833	6.54088	
7.41884	2	80	7.33721	2	80	6.58756	2	76	0	0	0	0.215113	0.214033	0.21652	0.215112	0.21403	0.21652	0.386873	0.383873	0.390327	0.386867	0.38387	0.39032	1.79846	1.79844	6.54727	
7.47044	2	76	7.37644	2	76	6.62923	2	72	0	0	0	0.220135	0.218983	0.22155	0.220135	0.218987	0.221543	0.395772	0.393563	0.397797	0.395771	0.393563	0.397783	1.79786	1.79785	6.54663	
7.53941	2	68	7.43868	2	65	6.69113	2	64	0	0	0	0.225164	0.224647	0.225963	0.225165	0.224647	0.225963	0.404797	0.402063	0.407097	0.404802	0.40208	0.4071	1.79779	1.7978	6.56057	
7.60587	2	79	7.49301	2	79	6.75155	2	75	0	0	0	0.230132	0.228587	0.232	0.230131	0.22859	0.232003	0.413767	0.408927	0.41791	0.413767	0.408937	0.417907	1.79796	1.79796	6.56828	
7.6727	2	69	7.5505	2	69	6.80363	2	66	0	0	0	0.23507	0.23383	0.23663	0.235072	0.233833	0.236633	0.422628	0.418507	0.42607	0.42263	0.418537	0.426067	1.79788	1.79788	6.58219	
7.73481	2	77	7.60021	2	77	6.86409	2	73	0	0	0	0.24003	0.238893	0.242187	0.24003	0.238893	0.242183	0.43155	0.427747	0.436627	0.431553	0.427747	0.43661	1.7979	1.79791	6.58094	
7.81021	2	80	7.66402	2	80	6.92386	2	78	0	0	0	0.24505	0.244253	0.246043	0.245049	0.244247	0.24605	0.440688	0.436627	0.444483	0.440686	0.43663	0.44449	1.79836	1.79836	6.59324	
7.90621	2	102	7.7426	2	101	7.01147	2	101	0	0	0	0.249961	0.248477	0.25131	0.24996	0.248473	0.251307	0.449549	0.445797	0.452603	0.449542	0.445793	0.45261	1.79847	1.79846	6.61176	
7.98752	2	79	7.80679	2	79	7.07864	2	75	0	0	0	0.254964	0.25383	0.256647	0.254963	0.253843	0.256647	0.458597	0.45551	0.46243	0.458593	0.455507	0.462447	1.79868	1.79866	6.618	
8.06991	2	82	7.86891	2	82	7.13376	2	79	0	0	0	0.259973	0.2587	0.261123	0.259973	0.258703	0.26113	0.467604	0.46453	0.470857	0.467603	0.464527	0.470853	1.79867	1.79866	6.62734	
8.18457	2	106	7.95721	2	106	7.22867	2	102	0	0	0	0.265002	0.26314	0.266663	0.265004	0.263137	0.266663	0.476581	0.4737	0.478723	0.476583	0.473697	0.47873	1.79841	1.7984	6.64377	
8.30405	2	124	8.0453	2	120	7.32638	2	120	0	0	0	0.270024	0.26872	0.271523	0.270021	0.268713	0.27152	0.485605	0.481313	0.491187	0.4856	0.481313	0.49116	1.79838	1.79838	6.65503	
8.42878	2	109	8.15008	2	109	7.4325	2	105	0	0	0	0.275017	0.274063	0.276677	0.275018	0.27406	0.276677	0.494525	0.490707	0.49701	0.494522	0.490673	0.49701	1.79816	1.79815	6.68271	
8.52076	2	95	8.20203	2	95	7.48375	2	91	0	0	0	0.280041	0.278987	0.28115	0.280039	0.278987	0.281143	0.503516	0.49919	0.50723	0.503516	0.49921	0.507237	1.79801	1.79802	6.68238	
8.67051	2	120	8.31095	2	120	7.60225	2	120	0	0	0	0.285015	0.28285	0.286227	0.285015	0.28285	0.28624	0.512439	0.509477	0.517123	0.51244	0.509477	0.51712	1.79794	1.79794	6.71091	
8.84661	2	114	8.4357	2	112	7.73086	2	112	0	0	0	0.290035	0.288213	0.29115	0.290034	0.288207	0.291147	0.521427	0.518177	0.52464	0.521426	0.518187	0.524653	1.79781	1.79781	6.73422	
9.01409	2	119	8.53224	2	112	7.82677	2	111	0	0	0	0.295025	0.293633	0.29691	0.295024	0.29363	0.29692	0.530447	0.52501	0.53639	0.530446	0.52501	0.536393	1.79797	1.79798	6.74685	
9.20031	2	105	8.6577	2	100	7.96737	2	100	0	0	0	0.300039	0.298963	0.301397	0.300033	0.29896	0.301397	0.539366	0.534617	0.545557	0.539356	0.5346	0.545543	1.79766	1.79766	6.7798	
9.4447	2	147	8.81028	2	113	8.12059	2	113	0	0	0	0.305054	0.30396	0.306623	0.30505	0.303953	0.306627	0.548402	0.545333	0.551867	0.548393	0.54533	0.551853	1.79772	1.79772	6.80665	
9.6474	2	125	8.93204	2	121	8.24272	2	117	0	0	0	0.310057	0.30876	0.311037	0.310057	0.308757	0.311037	0.557393	0.555433	0.56053	0.557392	0.55544	0.56053	1.79771	1.79771	6.82757	
9.88436	2	141	9.06231	2	141	8.37134	2	137	0	0	0	0.315018	0.3131	0.315813	0.31502	0.313097	0.315803	0.56651	0.56362	0.569487	0.566513	0.56363	0.56948	1.79834	1.79834	6.85911	
10.285	2	148	9.25626	2	148	8.57404	2	148	0	0	0	0.319978	0.318667	0.321327	0.319975	0.318673	0.321323	0.575376	0.57096	0.578647	0.57537	0.571023	0.578627	1.79817	1.79817	6.89771	
10.6125	2	175	9.41426	2	115	8.74169	2	115	0	0	0	0.324963	0.323333	0.32657	0.324962	0.323343	0.326567	0.584288	0.579693	0.590617	0.584289	0.579703	0.590623	1.79801	1.79802	6.93178	
11.0319	2	202	9.61101	2	125	8.94789	2	125	0	0	0	0.329995	0.328477	0.331403	0.329996	0.32848	0.331403	0.593321	0.589803	0.597323	0.593327	0.589813	0.597323	1.79797	1.79798	6.97264	
11.6217	2	207	9.81415	2	152	9.15453	2	148	0	0	0	0.33498	0.33369	0.336843	0.334974	0.333683	0.336823	0.602199	0.596837	0.608647	0.602184	0.59684	0.60861	1.79772	1.7977	7.01523	
12.2701	2	255	10.0098	2	228	9.34068	2	224	0	0	0	0.339972	0.3384	0.341493	0.339983	0.3384	0.341497	0.611186	0.606573	0.61572	0.611204	0.60659	0.615753	1.79775	1.79775	7.0614	
12.9991	2	292	10.2038	2	166	9.55373	2	162	0	0	0	0.344972	0.34323	0.347067	0.344969	0.343223	0.347053	0.620326	0.61706	0.624693	0.620324	0.617047	0.62467	1.79819	1.7982	7.10087	
14.8471	2	553	10.5106	2	186	9.85982	2	186	0	0	0	0.34996	0.349062	0.351602	0.349959	0.349062	0.35161	0.629248	0.626176	0.632858	0.629244	0.62618	0.632878	1.79805	1.79805	7.17218	
17.8439	2	589	10.7485	2	166	10.0984	2	166	0	0	0	0.354918	0.353962	0.355972	0.354913	0.353856	0.355974	0.638158	0.634536	0.640592	0.63815	0.634534	0.640604	1.79805	1.79805	7.22194	
23.0942	2	585	11.04	2	162	10.3981	2	162	0	0	0	0.35996	0.35773	0.361793	0.359966	0.35774	0.361797	0.647306	0.642303	0.65166	0.647321	0.642367	0.651667	1.79827	1.79828	7.29238	
923.319	2	23004	11.3142	2	175	10.6944	2	172	0	0	0	0.364822	0.364426	0.365416	0.364299	0.356244	0.365414	0.656725	0.65416	0.658667	0.655806	0.64137	0.658659	1.80012	1.80019	7.35209	
