4.09764	1	26	4.09764	1	26	3.34141	1	22	0	0	0	0.00503313	0.00481	0.00530333	0.00503292	0	0.02034	0.00901479	0.00842333	0.00938667	0.00901458	0	0.03638	1.79109	1.79113	4.24873	
4.18075	1	27	4.18068	1	27	3.39071	1	23	0	0	0	0.0100071	0.00965667	0.0101967	0.0100071	0	0.0406567	0.0181071	0.0176567	0.0190767	0.0181073	0	0.0732967	1.80943	1.80945	4.25605	
4.25733	1	26	4.25718	1	26	3.49546	1	22	0	0	0	0.0149985	0.0147133	0.0155233	0.0149983	0	0.0602167	0.0269394	0.0256067	0.0280867	0.0269392	0	0.10803	1.79613	1.79614	4.27872	
4.32062	1	37	4.3202	1	37	3.57318	1	33	0	0	0	0.019986	0.01961	0.02052	0.0199863	0	0.0805133	0.0358335	0.03493	0.03684	0.0358337	0	0.14498	1.79293	1.79292	4.28023	
4.40977	1	37	4.40917	1	37	3.67826	1	33	0	0	0	0.0249837	0.0244333	0.0254267	0.024984	0	0.1007	0.0448033	0.0432067	0.0459867	0.0448042	0	0.18158	1.7933	1.79332	4.29222	
4.50447	1	42	4.50381	1	42	3.75767	1	38	0	0	0	0.0300242	0.0295467	0.03048	0.0300242	0	0.12085	0.0540175	0.05332	0.0554333	0.0540175	0	0.21757	1.79913	1.79913	4.30448	
4.62032	1	39	4.61912	1	39	3.91506	1	35	0	0	0	0.0350258	0.03456	0.0356267	0.0350256	0	0.14059	0.0631567	0.0616533	0.06481	0.0631565	0	0.253737	1.80315	1.80315	4.31722	
4.74558	1	53	4.74406	1	53	4.07139	1	49	0	0	0	0.0400277	0.03946	0.04073	0.0400277	0	0.160507	0.0721635	0.0709767	0.07374	0.0721644	0	0.2902	1.80284	1.80286	4.34535	
4.87848	1	54	4.87669	1	54	4.20771	1	50	0	0	0	0.0450169	0.0439567	0.0456967	0.0450169	0	0.18061	0.0811485	0.0793167	0.08211	0.0811488	0	0.325537	1.80262	1.80263	4.36899	
5.01556	1	44	5.01219	1	44	4.39279	1	40	0	0	0	0.0499998	0.0493	0.0506933	0.05	0	0.201593	0.0900577	0.0887133	0.0915567	0.0900585	0	0.361353	1.80116	1.80117	4.39502	
5.17178	1	48	5.16712	1	48	4.57704	1	44	0	0	0	0.0550015	0.05412	0.0556867	0.0550017	0	0.221877	0.0989573	0.0961867	0.101667	0.0989569	0	0.397133	1.79918	1.79916	4.42363	
5.34896	1	62	5.34265	1	62	4.79748	1	58	0	0	0	0.0599671	0.0591933	0.0606667	0.0599671	0	0.241723	0.107884	0.10628	0.110047	0.107884	0	0.433653	1.79905	1.79905	4.45927	
5.52349	1	47	5.51561	1	47	5.01787	1	47	0	0	0	0.0650215	0.0644433	0.06613	0.0650213	0	0.262283	0.116787	0.114973	0.119243	0.116787	0	0.47075	1.79613	1.79614	4.49278	
5.75795	1	63	5.74877	1	63	5.30682	1	60	0	0	0	0.0699785	0.0688767	0.0706767	0.0699788	0	0.281813	0.125762	0.123223	0.12785	0.125761	0	0.5068	1.79715	1.79713	4.5476	
6.01591	1	79	6.0024	1	79	5.6084	1	79	0	0	0	0.0749754	0.0739667	0.0760933	0.0749746	0	0.302103	0.134679	0.132943	0.137253	0.134676	0	0.54302	1.79631	1.79629	4.61315	
6.32318	1	85	6.3039	1	85	5.99464	1	81	0	0	0	0.0799906	0.0789433	0.0806033	0.0799906	0	0.3218	0.143754	0.1418	0.145303	0.143755	0	0.578627	1.79713	1.79714	4.68871	
6.71377	1	89	6.68635	1	89	6.46644	1	85	0	0	0	0.0850135	0.0841767	0.08594	0.0850119	0	0.34175	0.152908	0.15066	0.154753	0.152903	0	0.614843	1.79864	1.79861	4.80167	
7.17467	1	94	7.14003	1	94	7.00889	1	90	0	0	0	0.0900248	0.0892033	0.09142	0.0900256	0	0.361837	0.16201	0.159603	0.16706	0.162011	0	0.650823	1.79961	1.79961	4.92921	
7.69096	1	127	7.63789	1	127	7.6013	1	127	0	0	0	0.0950098	0.0942767	0.09608	0.09501	0	0.38135	0.170997	0.16884	0.173027	0.170997	0	0.688117	1.79979	1.79978	5.08481	
8.38764	1	162	8.31638	1	121	8.42761	1	121	0	0	0	0.100001	0.0992933	0.10096	0.0999998	0	0.401577	0.180058	0.177937	0.182947	0.180054	0	0.725737	1.80056	1.80054	5.31528	
9.3617	1	168	9.24159	1	119	9.48368	1	118	0	0	0	0.105056	0.104367	0.105867	0.105056	0	0.421717	0.189182	0.1872	0.191547	0.189181	0	0.7606	1.80077	1.80077	5.64642	
10.6466	1	150	10.4527	1	127	10.8797	1	127	0	0	0	0.110075	0.108663	0.11093	0.110075	0	0.441897	0.198212	0.19493	0.200707	0.198213	0	0.795763	1.80071	1.80071	6.10651	
12.6051	1	243	12.2227	1	150	12.855	1	150	0	0	0	0.115057	0.113993	0.11592	0.115054	0	0.46214	0.207168	0.20457	0.210507	0.207159	0	0.833187	1.80056	1.80054	6.84771	
15.9811	1	692	14.8551	1	177	15.6875	1	173	0	0	0	0.120091	0.11929	0.121323	0.120088	0	0.482543	0.216163	0.21313	0.21876	0.21616	0	0.869437	1.8	1.80002	7.99578	
22.4948	1	1044	19.3268	1	247	20.4146	1	247	0	0	0	0.124959	0.124228	0.125716	0.124954	0	0.501586	0.224962	0.223604	0.227248	0.224955	0	0.90342	1.80029	1.8003	10.068	
49.8976	1	2574	28.6451	1	339	29.9233	1	339	0	0	0	0.129884	0.129247	0.130477	0.129883	0	0.521544	0.233707	0.232516	0.235146	0.233707	0	0.93811	1.79936	1.79937	14.6564	
9433.54	1	144420	41.6741	1	419	42.6514	1	419	0	0	0	0.134858	0.133884	0.13577	0.133134	0	0.534324	0.242607	0.240377	0.24441	0.239505	0	0.961003	1.79898	1.79898	21.2868	
