4.08022	1	20	4.08022	1	20	3.31231	1	16	0	0	0	0.00503313	0.00481	0.00530333	0.00503292	0.00485333	0.00523333	0.00901479	0.00842333	0.00938667	0.00901458	0.00845333	0.00953333	1.79109	1.79113	4.27042	
4.09133	1	23	4.09133	1	23	3.29374	1	20	0	0	0	0.0100071	0.00965667	0.0101967	0.0100069	0.00964667	0.01039	0.0181071	0.0176567	0.0190767	0.0181071	0.01748	0.01876	1.80943	1.80946	4.24562	
4.11448	1	24	4.11448	1	24	3.33701	1	20	0	0	0	0.0149985	0.0147133	0.0155233	0.0149981	0.0148167	0.01522	0.0269394	0.0256067	0.0280867	0.026939	0.02633	0.0278433	1.79613	1.79616	4.26375	
4.13292	1	26	4.13292	1	26	3.34465	1	22	0	0	0	0.019986	0.01961	0.02052	0.019986	0.01966	0.0203033	0.0358335	0.03493	0.03684	0.0358335	0.0350033	0.03669	1.79293	1.79293	4.26918	
4.15388	1	27	4.15382	1	27	3.37513	1	23	0	0	0	0.0249837	0.0244333	0.0254267	0.024984	0.0247	0.0254733	0.0448033	0.0432067	0.0459867	0.0448044	0.0433767	0.04618	1.7933	1.79333	4.26869	
4.16974	1	26	4.16971	1	26	3.37676	1	22	0	0	0	0.0300242	0.0295467	0.03048	0.0300242	0.0292733	0.0305967	0.0540175	0.05332	0.0554333	0.0540175	0.05254	0.0554367	1.79913	1.79913	4.25934	
4.20254	1	28	4.20242	1	28	3.41039	1	25	0	0	0	0.0350258	0.03456	0.0356267	0.0350256	0.0344667	0.0356367	0.0631567	0.0616533	0.06481	0.0631565	0.06177	0.0643333	1.80315	1.80315	4.26979	
4.23026	1	29	4.23016	1	29	3.45116	1	25	0	0	0	0.0400277	0.03946	0.04073	0.0400275	0.03949	0.0405033	0.0721635	0.0709767	0.07374	0.0721642	0.07009	0.0736167	1.80284	1.80286	4.2732	
4.25159	1	27	4.25147	1	27	3.47023	1	23	0	0	0	0.0450169	0.0439567	0.0456967	0.0450173	0.0445133	0.0458567	0.0811485	0.0793167	0.08211	0.0811494	0.0791133	0.0825967	1.80262	1.80263	4.27318	
4.28789	1	39	4.28774	1	39	3.51129	1	35	0	0	0	0.0499998	0.0493	0.0506933	0.0499996	0.0491	0.0508833	0.0900577	0.0887133	0.0915567	0.0900577	0.0884933	0.0920333	1.80116	1.80117	4.28806	
4.30416	1	31	4.30387	1	31	3.52281	1	31	0	0	0	0.0550015	0.05412	0.0556867	0.0550015	0.05423	0.05599	0.0989573	0.0961867	0.101667	0.0989569	0.0973667	0.10109	1.79918	1.79917	4.28668	
4.3336	1	43	4.33331	1	43	3.57493	1	39	0	0	0	0.0599671	0.0591933	0.0606667	0.0599675	0.0593167	0.0608333	0.107884	0.10628	0.110047	0.107884	0.10633	0.110247	1.79905	1.79904	4.29428	
4.35865	1	37	4.35833	1	37	3.60354	1	33	0	0	0	0.0650215	0.0644433	0.06613	0.0650215	0.0643067	0.06615	0.116787	0.114973	0.119243	0.116787	0.114763	0.11975	1.79613	1.79613	4.29716	
4.37993	1	40	4.37953	1	40	3.6103	1	36	0	0	0	0.0699785	0.0688767	0.0706767	0.0699788	0.0693367	0.07104	0.125762	0.123223	0.12785	0.125762	0.123577	0.129007	1.79715	1.79715	4.29727	
4.41446	1	40	4.41403	1	40	3.65313	1	36	0	0	0	0.0749754	0.0739667	0.0760933	0.0749754	0.0743267	0.0759933	0.134679	0.132943	0.137253	0.134678	0.132207	0.137427	1.79631	1.79629	4.30816	
4.44578	1	39	4.44526	1	39	3.68489	1	35	0	0	0	0.0799906	0.0789433	0.0806033	0.0799906	0.0791933	0.0808833	0.143754	0.1418	0.145303	0.143754	0.14093	0.14601	1.79713	1.79714	4.31357	
4.47531	1	34	4.47467	1	34	3.71899	1	30	0	0	0	0.0850135	0.0841767	0.08594	0.0850133	0.0843767	0.0859067	0.152908	0.15066	0.154753	0.152906	0.150483	0.154637	1.79864	1.79861	4.31522	
4.51476	1	40	4.51408	1	40	3.76429	1	36	0	0	0	0.0900248	0.0892033	0.09142	0.0900256	0.0891133	0.0911633	0.16201	0.159603	0.16706	0.16201	0.15898	0.16389	1.79961	1.7996	4.32108	
4.53924	1	41	4.53832	1	41	3.79214	1	37	0	0	0	0.0950098	0.0942767	0.09608	0.0950106	0.0940267	0.0964067	0.170997	0.16884	0.173027	0.170998	0.16776	0.173433	1.79979	1.79978	4.326	
4.57076	1	40	4.56971	1	40	3.81728	1	36	0	0	0	0.100001	0.0992933	0.10096	0.100001	0.09872	0.101453	0.180058	0.177937	0.182947	0.18006	0.17672	0.18334	1.80056	1.80057	4.32826	
4.60889	1	45	4.60787	1	45	3.87446	1	41	0	0	0	0.105056	0.104367	0.105867	0.105056	0.103987	0.106647	0.189182	0.1872	0.191547	0.189183	0.186243	0.192593	1.80077	1.80078	4.33817	
4.648	1	41	4.64679	1	41	3.91325	1	37	0	0	0	0.110075	0.108663	0.11093	0.110076	0.10925	0.11175	0.198212	0.19493	0.200707	0.198214	0.196167	0.202417	1.80071	1.8007	4.34759	
4.67865	1	49	4.67715	1	49	3.94686	1	45	0	0	0	0.115057	0.113993	0.11592	0.115057	0.113953	0.11677	0.207168	0.20457	0.210507	0.207166	0.204087	0.21237	1.80056	1.80055	4.34906	
4.71703	1	44	4.71507	1	44	3.98605	1	40	0	0	0	0.120091	0.11929	0.121323	0.120092	0.119157	0.122063	0.216163	0.21313	0.21876	0.216167	0.213487	0.221263	1.8	1.80002	4.35593	
4.75749	1	44	4.75557	1	44	4.03611	1	40	0	0	0	0.125085	0.12432	0.126297	0.125085	0.123813	0.126907	0.22529	0.223193	0.229163	0.225288	0.222693	0.230323	1.80109	1.80107	4.3642	
4.79544	1	44	4.793	1	44	4.08545	1	40	0	0	0	0.130036	0.12924	0.131267	0.130036	0.128733	0.131547	0.23412	0.231557	0.23707	0.234122	0.231667	0.23868	1.80043	1.80044	4.37208	
4.83676	1	44	4.83433	1	44	4.12452	1	40	0	0	0	0.135046	0.134093	0.136103	0.135047	0.13397	0.136863	0.243109	0.241307	0.245997	0.243107	0.241153	0.248143	1.80019	1.80017	4.37818	
4.86909	1	55	4.86619	1	55	4.16398	1	51	0	0	0	0.140089	0.13944	0.141097	0.140089	0.13869	0.142097	0.252135	0.24934	0.25455	0.252133	0.250043	0.257657	1.79982	1.79981	4.38178	
4.92933	1	48	4.92627	1	48	4.23008	1	44	0	0	0	0.145101	0.143857	0.14625	0.145101	0.143967	0.14687	0.261322	0.259377	0.263003	0.261322	0.259277	0.266137	1.80097	1.80097	4.40038	
4.95949	1	48	4.95605	1	48	4.2615	1	44	0	0	0	0.150073	0.148857	0.15121	0.150073	0.14875	0.15162	0.270177	0.26602	0.273463	0.270176	0.267663	0.274967	1.80031	1.8003	4.40105	
5.01026	1	47	5.00659	1	47	4.32866	1	43	0	0	0	0.155095	0.153963	0.155983	0.155095	0.153553	0.156497	0.279321	0.275037	0.28224	0.279321	0.276473	0.284243	1.80096	1.80097	4.40893	
5.04895	1	52	5.04496	1	52	4.36658	1	48	0	0	0	0.160132	0.159087	0.161083	0.160131	0.158517	0.161477	0.288289	0.285193	0.291183	0.288288	0.285423	0.29289	1.80032	1.80033	4.41529	
5.1075	1	51	5.103	1	51	4.43216	1	47	0	0	0	0.165183	0.164203	0.166453	0.165184	0.163547	0.16656	0.297368	0.293813	0.300543	0.297368	0.294467	0.301827	1.80023	1.80023	4.43523	
5.16081	1	51	5.15533	1	51	4.4915	1	47	0	0	0	0.170181	0.169017	0.171337	0.17018	0.168733	0.17179	0.306336	0.302677	0.31067	0.306336	0.30321	0.311043	1.80006	1.80007	4.44436	
5.20103	1	63	5.19498	1	63	4.53706	1	59	0	0	0	0.175217	0.174117	0.176273	0.175217	0.173847	0.176747	0.315385	0.312637	0.31849	0.315385	0.312303	0.31944	1.79997	1.79997	4.44761	
5.25683	1	61	5.25001	1	61	4.60629	1	57	0	0	0	0.18028	0.178787	0.181217	0.180281	0.179097	0.18157	0.324327	0.32116	0.326523	0.324325	0.320703	0.32841	1.79901	1.799	4.45981	
5.30709	1	60	5.30006	1	59	4.67664	1	59	0	0	0	0.18528	0.18345	0.18669	0.185281	0.183917	0.187003	0.333208	0.331463	0.33741	0.333209	0.328717	0.337	1.7984	1.7984	4.47161	
5.36232	1	56	5.35381	1	56	4.72361	1	52	0	0	0	0.190258	0.18945	0.191683	0.190257	0.188933	0.191603	0.34208	0.339013	0.34423	0.342077	0.337773	0.346063	1.79798	1.79797	4.48163	
5.42006	1	53	5.41096	1	53	4.79557	1	49	0	0	0	0.195212	0.19321	0.1966	0.195213	0.193913	0.19685	0.350996	0.34645	0.353823	0.350996	0.346883	0.354707	1.79803	1.79802	4.49894	
5.4838	1	59	5.47354	1	59	4.86504	1	55	0	0	0	0.200214	0.19899	0.201843	0.200211	0.19862	0.20177	0.360125	0.35611	0.364773	0.360122	0.35498	0.363777	1.7987	1.79871	4.51083	
5.5511	1	73	5.53946	1	73	4.93914	1	69	0	0	0	0.205178	0.203447	0.206533	0.205178	0.203343	0.206597	0.369072	0.365927	0.371617	0.369074	0.364003	0.372757	1.79879	1.7988	4.52851	
5.61515	1	65	5.60305	1	65	5.01748	1	61	0	0	0	0.210146	0.209193	0.210833	0.210144	0.208207	0.211467	0.377912	0.37409	0.37995	0.377906	0.372417	0.381203	1.79833	1.79832	4.54063	
5.67353	1	68	5.65904	1	68	5.06913	1	64	0	0	0	0.215113	0.214033	0.21652	0.215113	0.21349	0.21649	0.386873	0.383873	0.390327	0.386869	0.38159	0.38988	1.79846	1.79845	4.55046	
5.74123	1	64	5.72579	1	64	5.15441	1	60	0	0	0	0.220135	0.218983	0.22155	0.220136	0.218307	0.221567	0.395772	0.393563	0.397797	0.395771	0.390117	0.3988	1.79786	1.79785	4.57039	
5.819	1	65	5.80102	1	65	5.23869	1	61	0	0	0	0.225164	0.224647	0.225963	0.225165	0.22333	0.22665	0.404797	0.402063	0.407097	0.404802	0.399817	0.40776	1.79779	1.7978	4.58694	
5.89678	1	71	5.87662	1	71	5.32735	1	67	0	0	0	0.230132	0.228587	0.232	0.230131	0.228153	0.231783	0.413767	0.408927	0.41791	0.413767	0.408687	0.416877	1.79796	1.79796	4.6052	
5.97528	1	68	5.95399	1	68	5.41177	1	64	0	0	0	0.23507	0.23383	0.23663	0.235071	0.233253	0.236853	0.422628	0.418507	0.42607	0.422628	0.41788	0.42556	1.79788	1.79788	4.62562	
6.05579	1	64	6.03111	1	64	5.5021	1	60	0	0	0	0.24003	0.238893	0.242187	0.240029	0.238267	0.241723	0.43155	0.427747	0.436627	0.43155	0.42708	0.434527	1.7979	1.7979	4.6449	
6.15075	1	82	6.12433	1	82	5.61178	1	78	0	0	0	0.24505	0.244253	0.246043	0.24505	0.24346	0.246743	0.440688	0.436627	0.444483	0.440689	0.43589	0.443357	1.79836	1.79836	4.67003	
6.2386	1	70	6.20785	1	70	5.71206	1	66	0	0	0	0.249961	0.248477	0.25131	0.249961	0.24841	0.251763	0.449549	0.445797	0.452603	0.449547	0.44541	0.452243	1.79847	1.79847	4.69174	
6.32248	1	72	6.2875	1	72	5.80199	1	69	0	0	0	0.254964	0.25383	0.256647	0.254965	0.25351	0.256927	0.458597	0.45551	0.46243	0.458597	0.454403	0.461633	1.79868	1.79867	4.7113	
6.42164	1	72	6.38078	1	72	5.90932	1	69	0	0	0	0.259973	0.2587	0.261123	0.259975	0.258457	0.261463	0.467604	0.46453	0.470857	0.467608	0.46303	0.470613	1.79867	1.79866	4.73485	
6.51792	1	80	6.47195	1	80	6.01626	1	76	0	0	0	0.265002	0.26314	0.266663	0.265003	0.263273	0.266323	0.476581	0.4737	0.478723	0.476585	0.472487	0.480083	1.79841	1.79841	4.76113	
6.63028	1	79	6.57725	1	79	6.13361	1	75	0	0	0	0.270024	0.26872	0.271523	0.270023	0.268427	0.271377	0.485605	0.481313	0.491187	0.485599	0.481627	0.48851	1.79838	1.79836	4.78965	
6.75597	1	85	6.69716	1	85	6.26752	1	81	0	0	0	0.275017	0.274063	0.276677	0.275017	0.27344	0.27668	0.494525	0.490707	0.49701	0.494525	0.490643	0.497613	1.79816	1.79816	4.82703	
6.86568	1	74	6.79932	1	74	6.38391	1	72	0	0	0	0.280041	0.278987	0.28115	0.28004	0.27853	0.282013	0.503516	0.49919	0.50723	0.503517	0.50049	0.50726	1.79801	1.79802	4.85207	
7.0006	1	83	6.92515	1	83	6.52395	1	79	0	0	0	0.285015	0.28285	0.286227	0.285015	0.283597	0.287003	0.512439	0.509477	0.517123	0.51244	0.509623	0.516143	1.79794	1.79794	4.88809	
7.13925	1	83	7.0528	1	83	6.67593	1	79	0	0	0	0.290035	0.288213	0.29115	0.290033	0.288323	0.29236	0.521427	0.518177	0.52464	0.521425	0.51784	0.526013	1.79781	1.79781	4.92536	
7.29076	1	90	7.19402	1	90	6.8327	1	86	0	0	0	0.295025	0.293633	0.29691	0.295024	0.293253	0.297373	0.530447	0.52501	0.53639	0.530444	0.527	0.534893	1.79797	1.79797	4.9698	
7.42433	1	92	7.31121	1	92	6.9657	1	88	0	0	0	0.300039	0.298963	0.301397	0.300036	0.297633	0.30224	0.539366	0.534617	0.545557	0.53936	0.53534	0.543053	1.79766	1.79765	5.00176	
7.60381	1	96	7.46796	1	96	7.13633	1	92	0	0	0	0.305054	0.30396	0.306623	0.305051	0.302197	0.306977	0.548402	0.545333	0.551867	0.548395	0.5434	0.551897	1.79772	1.79772	5.0509	
7.78518	1	103	7.63362	1	102	7.32993	1	98	0	0	0	0.310057	0.30876	0.311037	0.310059	0.307217	0.311843	0.557393	0.555433	0.56053	0.557399	0.552417	0.56141	1.79771	1.79772	5.10396	
7.96061	1	120	7.78049	1	98	7.49128	1	94	0	0	0	0.315018	0.3131	0.315813	0.315018	0.312307	0.316803	0.56651	0.56362	0.569487	0.566507	0.56171	0.570617	1.79834	1.79833	5.14591	
8.17792	1	126	7.96638	1	126	7.69154	1	126	0	0	0	0.319978	0.318667	0.321327	0.319976	0.317407	0.321707	0.575376	0.57096	0.578647	0.575374	0.570833	0.579323	1.79817	1.79818	5.20696	
8.40265	1	99	8.15117	1	99	7.90421	1	95	0	0	0	0.324963	0.323333	0.32657	0.324964	0.323077	0.32661	0.584288	0.579693	0.590617	0.584287	0.58	0.588217	1.79801	1.79801	5.26422	
8.64617	1	102	8.35973	1	98	8.13269	1	94	0	0	0	0.329995	0.328477	0.331403	0.329994	0.328293	0.331557	0.593321	0.589803	0.597323	0.593315	0.589663	0.597213	1.79797	1.79796	5.3315	
8.90199	1	110	8.56555	1	110	8.35865	1	106	0	0	0	0.33498	0.33369	0.336843	0.334977	0.332957	0.336507	0.602199	0.596837	0.608647	0.602189	0.59889	0.60671	1.79772	1.7977	5.39531	
9.2026	1	117	8.78913	1	117	8.60309	1	117	0	0	0	0.339972	0.3384	0.341493	0.339979	0.3378	0.341583	0.611186	0.606573	0.61572	0.611194	0.607617	0.61646	1.79775	1.79774	5.46946	
9.56067	1	111	9.05585	1	111	8.8965	1	107	0	0	0	0.344972	0.34323	0.347067	0.344966	0.342767	0.346717	0.620326	0.61706	0.624693	0.620317	0.616937	0.625527	1.79819	1.7982	5.55561	
9.95966	1	137	9.35166	1	134	9.21978	1	130	0	0	0	0.350013	0.348187	0.352047	0.350014	0.347757	0.351607	0.629309	0.624293	0.634783	0.629305	0.625783	0.634877	1.79796	1.79794	5.65709	
10.4291	1	149	9.65077	1	133	9.54198	1	133	0	0	0	0.354954	0.353333	0.35686	0.354957	0.352633	0.356587	0.638292	0.63419	0.642183	0.638297	0.63462	0.643973	1.79824	1.79824	5.75736	
10.8908	1	147	9.95679	1	147	9.88259	1	143	0	0	0	0.35996	0.35773	0.361793	0.359961	0.358003	0.361533	0.647306	0.642303	0.65166	0.647312	0.64404	0.652547	1.79827	1.79828	5.85297	
11.4801	1	232	10.2704	1	153	10.2194	1	149	0	0	0	0.364936	0.363277	0.366163	0.364948	0.362923	0.366457	0.656224	0.650983	0.659817	0.656251	0.652777	0.661893	1.79819	1.7982	5.9598	
12.3103	1	200	10.6845	1	126	10.6688	1	122	0	0	0	0.369957	0.368493	0.371237	0.369965	0.368003	0.371407	0.665191	0.659613	0.66898	0.665204	0.66146	0.670687	1.79802	1.79802	6.09974	
13.2159	1	209	11.1116	1	167	11.0966	1	163	0	0	0	0.374921	0.373173	0.376247	0.37492	0.372757	0.376717	0.674083	0.66984	0.677047	0.674082	0.670153	0.67998	1.79793	1.79794	6.23721	
14.4021	1	283	11.5387	1	160	11.5539	1	160	0	0	0	0.379932	0.37863	0.381637	0.379938	0.37752	0.381587	0.683162	0.678603	0.68721	0.683181	0.678573	0.688747	1.79812	1.79814	6.3843	
16.4639	1	336	12.1016	1	160	12.1575	1	160	0	0	0	0.384833	0.38332	0.386445	0.384835	0.38298	0.38634	0.692097	0.68922	0.695157	0.692101	0.687805	0.697603	1.79844	1.79844	6.57696	
20.0036	1	447	12.655	1	176	12.7336	1	172	0	0	0	0.389952	0.38869	0.39126	0.389947	0.387587	0.392157	0.701052	0.69886	0.705543	0.701044	0.695933	0.706987	1.79779	1.79779	6.7537	
26.2644	1	561	13.3477	1	192	13.466	1	188	0	0	0	0.39483	0.39324	0.39697	0.394858	0.392892	0.396275	0.710014	0.70517	0.714275	0.710062	0.705008	0.715935	1.79828	1.79827	6.98656	
71.7128	1	1462	14.1272	1	217	14.2877	1	217	0	0	0	0.399792	0.398417	0.401394	0.39981	0.398514	0.400801	0.719633	0.716867	0.72195	0.719669	0.71584	0.722887	1.80002	1.80003	7.24553	
2762.61	1	26631	14.6818	1	248	14.8095	1	244	0	0	0	0.404827	0.404177	0.405924	0.40307	0.401744	0.404097	0.728687	0.726769	0.731314	0.725504	0.721679	0.728909	1.8	1.79994	7.42396	
