5.30055	2	16	5.30055	2	16	4.53576	2	12	0	0	0	0.00503313	0.00481	0.00530333	0.00503292	0.00481	0.0053	0.00901479	0.00842333	0.00938667	0.00901458	0.00842333	0.00938667	1.79109	1.79113	5.50242	
5.33158	2	16	5.33158	2	16	4.52031	2	12	0	0	0	0.0100071	0.00965667	0.0101967	0.0100069	0.00965667	0.0101967	0.0181071	0.0176567	0.0190767	0.0181075	0.0176567	0.0190767	1.80943	1.80951	5.50897	
5.33198	2	16	5.33198	2	16	4.5471	2	13	0	0	0	0.0149985	0.0147133	0.0155233	0.0149981	0.0147133	0.01552	0.0269394	0.0256067	0.0280867	0.026939	0.0256067	0.0280867	1.79613	1.79616	5.51427	
5.31949	2	16	5.31949	2	16	4.54331	2	15	0	0	0	0.019986	0.01961	0.02052	0.0199858	0.01961	0.0205167	0.0358335	0.03493	0.03684	0.0358333	0.03493	0.0368367	1.79293	1.79294	5.50133	
5.32892	2	20	5.32892	2	20	4.54325	2	16	0	0	0	0.0249837	0.0244333	0.0254267	0.024984	0.0244333	0.0254233	0.0448033	0.0432067	0.0459867	0.0448046	0.0432067	0.0459833	1.7933	1.79333	5.50176	
5.34746	2	20	5.34746	2	20	4.54062	2	18	0	0	0	0.0300242	0.0295467	0.03048	0.0300242	0.0295433	0.0304767	0.0540175	0.05332	0.0554333	0.0540175	0.0533167	0.0554333	1.79913	1.79913	5.50738	
5.35649	2	20	5.35649	2	20	4.56616	2	16	0	0	0	0.0350258	0.03456	0.0356267	0.0350254	0.03456	0.0356267	0.0631567	0.0616533	0.06481	0.0631562	0.0616533	0.0648067	1.80315	1.80315	5.5034	
5.3728	2	20	5.3728	2	20	4.57488	2	16	0	0	0	0.0400277	0.03946	0.04073	0.0400275	0.03946	0.0407267	0.0721635	0.0709767	0.07374	0.072164	0.07098	0.0737367	1.80284	1.80286	5.51329	
5.3731	2	21	5.3731	2	21	4.57487	2	17	0	0	0	0.0450169	0.0439567	0.0456967	0.0450171	0.0439567	0.0456967	0.0811485	0.0793167	0.08211	0.0811496	0.0793167	0.08211	1.80262	1.80264	5.50892	
5.37986	2	20	5.37986	2	20	4.5874	2	16	0	0	0	0.0499998	0.0493	0.0506933	0.05	0.0493	0.05069	0.0900577	0.0887133	0.0915567	0.090059	0.0887133	0.0915667	1.80116	1.80118	5.5065	
5.38303	2	20	5.38303	2	20	4.59473	2	17	0	0	0	0.0550015	0.05412	0.0556867	0.0550019	0.05412	0.0556867	0.0989573	0.0961867	0.101667	0.0989585	0.0961867	0.101667	1.79918	1.79918	5.50677	
5.39699	2	20	5.39699	2	20	4.60613	2	16	0	0	0	0.0599671	0.0591933	0.0606667	0.0599677	0.0591933	0.0606667	0.107884	0.10628	0.110047	0.107884	0.106283	0.110047	1.79905	1.79903	5.51628	
5.40013	2	21	5.40013	2	21	4.62243	2	18	0	0	0	0.0650215	0.0644433	0.06613	0.0650215	0.06444	0.0661367	0.116787	0.114973	0.119243	0.116787	0.114973	0.119243	1.79613	1.79613	5.51067	
5.40549	2	21	5.40549	2	21	4.61938	2	18	0	0	0	0.0699785	0.0688767	0.0706767	0.0699785	0.0688767	0.0706767	0.125762	0.123223	0.12785	0.125761	0.123223	0.127847	1.79715	1.79714	5.50892	
5.425	2	24	5.425	2	24	4.63584	2	20	0	0	0	0.0749754	0.0739667	0.0760933	0.074976	0.0739633	0.0760933	0.134679	0.132943	0.137253	0.134679	0.132947	0.137253	1.79631	1.79629	5.52177	
5.41992	2	21	5.41992	2	21	4.64115	2	19	0	0	0	0.0799906	0.0789433	0.0806033	0.0799915	0.07894	0.08061	0.143754	0.1418	0.145303	0.143755	0.141793	0.145307	1.79713	1.79713	5.50952	
5.43704	2	22	5.43704	2	22	4.65943	2	18	0	0	0	0.0850135	0.0841767	0.08594	0.0850135	0.0841767	0.0859433	0.152908	0.15066	0.154753	0.152906	0.150663	0.154753	1.79864	1.79861	5.51869	
5.44384	2	22	5.44384	2	22	4.6633	2	19	0	0	0	0.0900248	0.0892033	0.09142	0.0900258	0.0892067	0.09142	0.16201	0.159603	0.16706	0.162011	0.15961	0.16706	1.79961	1.7996	5.51595	
5.45823	2	22	5.45823	2	22	4.67926	2	19	0	0	0	0.0950098	0.0942767	0.09608	0.0950106	0.0942767	0.0960767	0.170997	0.16884	0.173027	0.170999	0.16884	0.17303	1.79979	1.79978	5.52151	
5.46476	2	22	5.46476	2	22	4.68863	2	19	0	0	0	0.100001	0.0992933	0.10096	0.100001	0.09929	0.10096	0.180058	0.177937	0.182947	0.18006	0.177937	0.182947	1.80056	1.80058	5.52086	
5.4707	2	22	5.4707	2	22	4.68977	2	20	0	0	0	0.105056	0.104367	0.105867	0.105057	0.10436	0.10587	0.189182	0.1872	0.191547	0.189182	0.187197	0.19155	1.80077	1.80076	5.51826	
5.48677	2	24	5.48677	2	24	4.71427	2	20	0	0	0	0.110075	0.108663	0.11093	0.110075	0.108663	0.11093	0.198212	0.19493	0.200707	0.198213	0.19493	0.20071	1.80071	1.80071	5.52608	
5.49679	2	24	5.49679	2	24	4.71923	2	20	0	0	0	0.115057	0.113993	0.11592	0.115056	0.113983	0.115927	0.207168	0.20457	0.210507	0.207164	0.204577	0.210503	1.80056	1.80054	5.52863	
5.50657	2	23	5.50657	2	23	4.73509	2	19	0	0	0	0.120091	0.11929	0.121323	0.120092	0.119293	0.12132	0.216163	0.21313	0.21876	0.216165	0.213137	0.21876	1.8	1.8	5.53158	
5.51946	2	24	5.51946	2	24	4.74793	2	20	0	0	0	0.125085	0.12432	0.126297	0.125085	0.12433	0.1263	0.22529	0.223193	0.229163	0.225288	0.223183	0.229167	1.80109	1.80108	5.53353	
5.52772	2	23	5.52772	2	23	4.75239	2	20	0	0	0	0.130036	0.12924	0.131267	0.130035	0.12924	0.131267	0.23412	0.231557	0.23707	0.234121	0.23156	0.23708	1.80043	1.80044	5.53404	
5.54009	2	23	5.54009	2	23	4.77073	2	20	0	0	0	0.135046	0.134093	0.136103	0.135047	0.134083	0.136107	0.243109	0.241307	0.245997	0.243108	0.24131	0.246	1.80019	1.80018	5.54032	
5.54678	2	26	5.54678	2	26	4.77885	2	22	0	0	0	0.140089	0.13944	0.141097	0.140088	0.13944	0.1411	0.252135	0.24934	0.25455	0.252131	0.249343	0.254553	1.79982	1.79981	5.53778	
5.56406	2	24	5.56406	2	24	4.7951	2	20	0	0	0	0.145101	0.143857	0.14625	0.1451	0.143853	0.14625	0.261322	0.259377	0.263003	0.261322	0.259373	0.263	1.80097	1.80097	5.54263	
5.57292	2	25	5.57292	2	25	4.80391	2	21	0	0	0	0.150073	0.148857	0.15121	0.150072	0.14886	0.151207	0.270177	0.26602	0.273463	0.270176	0.26603	0.273453	1.80031	1.80031	5.54696	
5.58584	2	24	5.58584	2	24	4.82211	2	24	0	0	0	0.155095	0.153963	0.155983	0.155096	0.153967	0.155983	0.279321	0.275037	0.28224	0.279322	0.275047	0.282253	1.80096	1.80097	5.54628	
5.59571	2	24	5.59571	2	24	4.83438	2	20	0	0	0	0.160132	0.159087	0.161083	0.160131	0.1591	0.161083	0.288289	0.285193	0.291183	0.288288	0.28522	0.291183	1.80032	1.80032	5.54979	
5.60786	2	26	5.60786	2	26	4.84104	2	22	0	0	0	0.165183	0.164203	0.166453	0.165184	0.164197	0.166453	0.297368	0.293813	0.300543	0.297369	0.293817	0.300557	1.80023	1.80023	5.5544	
5.62442	2	25	5.62442	2	25	4.86819	2	24	0	0	0	0.170181	0.169017	0.171337	0.170179	0.169013	0.171333	0.306336	0.302677	0.31067	0.306336	0.302687	0.31069	1.80006	1.80008	5.56112	
5.62509	2	27	5.62509	2	27	4.86169	2	23	0	0	0	0.175217	0.174117	0.176273	0.175217	0.174123	0.176273	0.315385	0.312637	0.31849	0.315386	0.312657	0.318503	1.79997	1.79998	5.5552	
5.64731	2	27	5.64731	2	27	4.88853	2	23	0	0	0	0.18028	0.178787	0.181217	0.18028	0.178787	0.181207	0.324327	0.32116	0.326523	0.324325	0.321163	0.326513	1.79901	1.79901	5.56614	
5.65419	2	25	5.65419	2	25	4.90048	2	21	0	0	0	0.18528	0.18345	0.18669	0.185281	0.18345	0.186687	0.333208	0.331463	0.33741	0.333209	0.33148	0.337393	1.7984	1.7984	5.56414	
5.66574	2	25	5.66574	2	25	4.91617	2	21	0	0	0	0.190258	0.18945	0.191683	0.190258	0.18945	0.191683	0.34208	0.339013	0.34423	0.34208	0.339013	0.344227	1.79798	1.79798	5.56828	
5.67061	2	27	5.67061	2	27	4.92226	2	23	0	0	0	0.195212	0.19321	0.1966	0.195213	0.19321	0.1966	0.350996	0.34645	0.353823	0.350998	0.346463	0.353837	1.79803	1.79803	5.56533	
5.68754	2	27	5.68754	2	27	4.93703	2	27	0	0	0	0.200214	0.19899	0.201843	0.200213	0.198983	0.201847	0.360125	0.35611	0.364773	0.360124	0.356103	0.36479	1.7987	1.79871	5.57302	
5.70182	2	25	5.70182	2	25	4.95113	2	23	0	0	0	0.205178	0.203447	0.206533	0.205178	0.203443	0.206537	0.369072	0.365927	0.371617	0.369074	0.36593	0.371613	1.79879	1.7988	5.57392	
5.71669	2	27	5.71669	2	27	4.96809	2	27	0	0	0	0.210146	0.209193	0.210833	0.210145	0.209193	0.210833	0.377912	0.37409	0.37995	0.377911	0.374097	0.37994	1.79833	1.79833	5.57791	
5.72617	2	26	5.72617	2	26	4.98072	2	22	0	0	0	0.215113	0.214033	0.21652	0.215113	0.21403	0.21652	0.386873	0.383873	0.390327	0.386869	0.383857	0.39032	1.79846	1.79844	5.57863	
5.74177	2	28	5.74177	2	28	4.99856	2	24	0	0	0	0.220135	0.218983	0.22155	0.220136	0.21898	0.22155	0.395772	0.393563	0.397797	0.395772	0.393567	0.397787	1.79786	1.79786	5.58491	
5.75423	2	27	5.75423	2	27	5.00696	2	24	0	0	0	0.225164	0.224647	0.225963	0.225162	0.22463	0.225967	0.404797	0.402063	0.407097	0.404799	0.40208	0.407097	1.79779	1.79781	5.58763	
5.76917	2	27	5.76917	2	27	5.02923	2	24	0	0	0	0.230132	0.228587	0.232	0.230131	0.22859	0.232003	0.413767	0.408927	0.41791	0.413768	0.408937	0.417907	1.79796	1.79796	5.58804	
5.77514	2	28	5.77514	2	28	5.03357	2	28	0	0	0	0.23507	0.23383	0.23663	0.23507	0.233833	0.23663	0.422628	0.418507	0.42607	0.422628	0.41852	0.426067	1.79788	1.79788	5.59237	
5.79478	2	29	5.79478	2	29	5.05745	2	25	0	0	0	0.24003	0.238893	0.242187	0.24003	0.238893	0.242183	0.43155	0.427747	0.436627	0.43155	0.427747	0.43661	1.7979	1.7979	5.59711	
5.80774	2	29	5.80774	2	29	5.06428	2	25	0	0	0	0.24505	0.244253	0.246043	0.245049	0.244253	0.24605	0.440688	0.436627	0.444483	0.440688	0.43663	0.44449	1.79836	1.79837	5.5998	
5.82214	2	27	5.82214	2	27	5.08445	2	25	0	0	0	0.249961	0.248477	0.25131	0.24996	0.248473	0.251307	0.449549	0.445797	0.452603	0.449546	0.445793	0.452607	1.79847	1.79847	5.59914	
5.83063	2	40	5.83063	2	40	5.09245	2	36	0	0	0	0.254964	0.25383	0.256647	0.254962	0.253833	0.256647	0.458597	0.45551	0.46243	0.458593	0.455507	0.46245	1.79868	1.79867	5.60123	
5.85343	2	32	5.85343	2	32	5.11172	2	32	0	0	0	0.259973	0.2587	0.261123	0.259974	0.258707	0.261123	0.467604	0.46453	0.470857	0.467604	0.464513	0.47086	1.79867	1.79866	5.6087	
5.86331	2	31	5.86331	2	31	5.12971	2	31	0	0	0	0.265002	0.26314	0.266663	0.265003	0.263137	0.266663	0.476581	0.4737	0.478723	0.476584	0.473683	0.47873	1.79841	1.79841	5.60654	
5.87846	2	36	5.87846	2	36	5.13927	2	32	0	0	0	0.270024	0.26872	0.271523	0.270022	0.268723	0.27152	0.485605	0.481313	0.491187	0.485602	0.481307	0.491173	1.79838	1.79838	5.61321	
5.89584	2	28	5.89584	2	28	5.16042	2	27	0	0	0	0.275017	0.274063	0.276677	0.275018	0.27406	0.27668	0.494525	0.490707	0.49701	0.494524	0.49069	0.497013	1.79816	1.79815	5.6183	
5.90603	2	40	5.90603	2	40	5.17065	2	36	0	0	0	0.280041	0.278987	0.28115	0.28004	0.27899	0.281143	0.503516	0.49919	0.50723	0.503517	0.49921	0.507247	1.79801	1.79802	5.61975	
5.91693	2	44	5.91693	2	44	5.18352	2	40	0	0	0	0.285015	0.28285	0.286227	0.285015	0.282853	0.28624	0.512439	0.509477	0.517123	0.51244	0.509493	0.517113	1.79794	1.79794	5.61684	
5.93662	2	33	5.93662	2	33	5.20091	2	30	0	0	0	0.290035	0.288213	0.29115	0.290034	0.288207	0.291143	0.521427	0.518177	0.52464	0.521425	0.518187	0.524647	1.79781	1.79781	5.624	
5.9476	2	36	5.9476	2	36	5.21205	2	32	0	0	0	0.295025	0.293633	0.29691	0.295025	0.293627	0.29692	0.530447	0.52501	0.53639	0.530447	0.525013	0.53639	1.79797	1.79797	5.62458	
5.96054	2	38	5.96054	2	38	5.22889	2	34	0	0	0	0.300039	0.298963	0.301397	0.300038	0.298967	0.301403	0.539366	0.534617	0.545557	0.539367	0.53461	0.54555	1.79766	1.79766	5.62755	
5.98072	2	33	5.98072	2	33	5.24463	2	32	0	0	0	0.305054	0.30396	0.306623	0.305052	0.30395	0.30662	0.548402	0.545333	0.551867	0.548397	0.54534	0.551843	1.79772	1.79772	5.63157	
5.99386	2	34	5.99386	2	34	5.26513	2	30	0	0	0	0.310057	0.30876	0.311037	0.310058	0.30876	0.311037	0.557393	0.555433	0.56053	0.557395	0.555447	0.56053	1.79771	1.79771	5.6321	
6.00787	2	44	6.00787	2	44	5.27397	2	40	0	0	0	0.315018	0.3131	0.315813	0.31502	0.313097	0.315803	0.56651	0.56362	0.569487	0.566512	0.56363	0.56947	1.79834	1.79834	5.63774	
6.02701	2	45	6.02701	2	45	5.29784	2	41	0	0	0	0.319978	0.318667	0.321327	0.31998	0.318683	0.321327	0.575376	0.57096	0.578647	0.575378	0.570973	0.578633	1.79817	1.79817	5.63928	
6.02949	2	44	6.02949	2	44	5.29505	2	40	0	0	0	0.324963	0.323333	0.32657	0.324963	0.323337	0.32657	0.584288	0.579693	0.590617	0.584287	0.579697	0.590623	1.79801	1.79801	5.63693	
6.04866	2	42	6.04866	2	42	5.31938	2	38	0	0	0	0.329995	0.328477	0.331403	0.329994	0.32847	0.331403	0.593321	0.589803	0.597323	0.593322	0.589817	0.597327	1.79797	1.79798	5.6395	
6.06512	2	44	6.06512	2	44	5.33319	2	40	0	0	0	0.33498	0.33369	0.336843	0.334978	0.333663	0.33684	0.602199	0.596837	0.608647	0.602194	0.59681	0.60864	1.79772	1.79771	5.64238	
6.08396	2	40	6.08396	2	40	5.34804	2	36	0	0	0	0.339972	0.3384	0.341493	0.339974	0.3384	0.341493	0.611186	0.606573	0.61572	0.611186	0.606573	0.61572	1.79775	1.79774	5.6472	
6.0963	2	41	6.0963	2	41	5.36405	2	37	0	0	0	0.344972	0.34323	0.347067	0.344972	0.343237	0.347057	0.620326	0.61706	0.624693	0.620327	0.617063	0.624697	1.79819	1.79819	5.64841	
6.11398	2	43	6.11398	2	43	5.37709	2	39	0	0	0	0.350013	0.348187	0.352047	0.350015	0.348173	0.352053	0.629309	0.624293	0.634783	0.629307	0.62428	0.63477	1.79796	1.79795	5.65194	
6.11663	2	40	6.11663	2	40	5.38269	2	38	0	0	0	0.354954	0.353333	0.35686	0.354953	0.353333	0.35685	0.638292	0.63419	0.642183	0.63829	0.634193	0.64219	1.79824	1.79824	5.64832	
6.1419	2	41	6.1419	2	41	5.41004	2	37	0	0	0	0.35996	0.35773	0.361793	0.359961	0.357707	0.361797	0.647306	0.642303	0.65166	0.647306	0.64228	0.65166	1.79827	1.79827	5.65411	
6.14671	2	49	6.14671	2	49	5.40953	2	45	0	0	0	0.364936	0.363277	0.366163	0.364938	0.36328	0.366167	0.656224	0.650983	0.659817	0.656227	0.651	0.65981	1.79819	1.79819	5.65214	
6.16507	2	48	6.16507	2	48	5.42976	2	44	0	0	0	0.369957	0.368493	0.371237	0.369958	0.368497	0.37123	0.665191	0.659613	0.66898	0.665191	0.659617	0.668987	1.79802	1.79802	5.65642	
6.18463	2	41	6.18463	2	41	5.44542	2	39	0	0	0	0.374921	0.373173	0.376247	0.374925	0.373173	0.376243	0.674083	0.66984	0.677047	0.674085	0.66984	0.677053	1.79793	1.79792	5.6607	
6.1967	2	43	6.1967	2	43	5.45648	2	39	0	0	0	0.379932	0.37863	0.381637	0.37993	0.37863	0.381637	0.683162	0.678603	0.68721	0.683166	0.678603	0.687203	1.79812	1.79813	5.66066	
6.21485	2	43	6.21485	2	43	5.47434	2	39	0	0	0	0.384976	0.38337	0.386727	0.384974	0.38337	0.38673	0.692235	0.688357	0.69705	0.692233	0.688357	0.69705	1.79813	1.79813	5.66069	
6.2274	2	46	6.2274	2	46	5.48514	2	42	0	0	0	0.389952	0.38869	0.39126	0.389955	0.38868	0.39126	0.701052	0.69886	0.705543	0.701051	0.698867	0.70553	1.79779	1.79778	5.66572	
6.23742	2	47	6.23742	2	47	5.49403	2	43	0	0	0	0.395009	0.393167	0.397207	0.395008	0.393167	0.397207	0.710141	0.7045	0.715577	0.71014	0.704503	0.715577	1.79778	1.79779	5.66484	
6.25177	2	49	6.25177	2	49	5.50962	2	45	0	0	0	0.400024	0.398363	0.402627	0.400025	0.39837	0.402633	0.719033	0.715263	0.72273	0.719029	0.71526	0.72273	1.79747	1.79746	5.66721	
6.26502	2	62	6.26502	2	62	5.52194	2	59	0	0	0	0.405089	0.40309	0.406393	0.405088	0.40309	0.40639	0.728214	0.72333	0.731237	0.728213	0.72333	0.731227	1.79766	1.79766	5.6681	
6.29103	2	51	6.29103	2	51	5.54324	2	47	0	0	0	0.410108	0.408213	0.411807	0.410109	0.40821	0.411817	0.737305	0.733977	0.74122	0.737307	0.733957	0.74122	1.79783	1.79783	5.67041	
6.30139	2	48	6.30139	2	48	5.55631	2	44	0	0	0	0.415085	0.4142	0.416767	0.415086	0.414197	0.41677	0.746271	0.74253	0.750153	0.746275	0.742517	0.750157	1.79788	1.79788	5.67175	
6.31676	2	50	6.31676	2	50	5.56245	2	46	0	0	0	0.420102	0.418253	0.42133	0.420103	0.418257	0.421323	0.755261	0.750157	0.759943	0.755262	0.750173	0.759947	1.7978	1.7978	5.6713	
6.33134	2	58	6.33134	2	58	5.57801	2	54	0	0	0	0.425086	0.423807	0.426337	0.425084	0.423807	0.426313	0.764183	0.760887	0.768857	0.764177	0.76087	0.768857	1.79771	1.79771	5.67371	
6.34206	2	49	6.34206	2	49	5.5872	2	45	0	0	0	0.4301	0.42872	0.43173	0.430096	0.42872	0.431713	0.773359	0.76845	0.77745	0.773358	0.768457	0.777433	1.79809	1.79811	5.67508	
6.35374	2	48	6.35374	2	48	5.59242	2	44	0	0	0	0.435073	0.4324	0.43784	0.43507	0.432403	0.437837	0.782345	0.777883	0.789433	0.782344	0.777903	0.789417	1.79819	1.7982	5.67231	
6.37729	2	45	6.37729	2	45	5.6207	2	41	0	0	0	0.440063	0.438263	0.441067	0.440064	0.438257	0.441067	0.791433	0.788127	0.79339	0.791436	0.788127	0.793397	1.79845	1.79846	5.67732	
6.3827	2	50	6.3827	2	50	5.62216	2	46	0	0	0	0.445105	0.44385	0.447273	0.445107	0.443853	0.447273	0.800465	0.795767	0.80475	0.800467	0.795777	0.804763	1.79837	1.79837	5.67696	
6.39713	2	60	6.39713	2	60	5.63194	2	56	0	0	0	0.450058	0.44845	0.451563	0.450059	0.44847	0.45156	0.809415	0.804397	0.814523	0.809418	0.804403	0.81454	1.79847	1.79847	5.67664	
6.42134	2	49	6.42134	2	49	5.65618	2	45	0	0	0	0.455178	0.45404	0.456367	0.455176	0.45403	0.456363	0.818735	0.814133	0.82382	0.818734	0.814143	0.823803	1.79871	1.79872	5.68108	
6.42953	2	59	6.42952	2	59	5.65776	2	55	0	0	0	0.460152	0.458843	0.462797	0.460155	0.45883	0.462787	0.827663	0.823687	0.83235	0.827663	0.823727	0.832347	1.79867	1.79866	5.68227	
6.44812	2	53	6.44812	2	53	5.67977	2	50	0	0	0	0.465125	0.46325	0.467117	0.465126	0.46325	0.46712	0.836574	0.8275	0.843463	0.83657	0.827497	0.843453	1.7986	1.79859	5.68294	
6.45838	2	53	6.45838	2	53	5.68165	2	49	0	0	0	0.470138	0.468543	0.471377	0.470139	0.468547	0.47138	0.845524	0.83959	0.849097	0.845524	0.83959	0.849087	1.79846	1.79846	5.68384	
6.47083	2	56	6.4708	2	56	5.69294	2	56	0	0	0	0.475104	0.473507	0.476767	0.475104	0.47351	0.476757	0.854463	0.851957	0.8578	0.854464	0.85195	0.857783	1.79848	1.79848	5.68345	
6.48048	2	52	6.48048	2	52	5.69938	2	48	0	0	0	0.480159	0.47844	0.481763	0.480159	0.478447	0.481767	0.863581	0.85808	0.868407	0.863583	0.858083	0.86842	1.79853	1.79853	5.68501	
6.5068	2	51	6.50674	2	51	5.72163	2	47	0	0	0	0.485168	0.483233	0.48779	0.485171	0.483223	0.48779	0.872531	0.86797	0.876697	0.87254	0.867983	0.876717	1.79841	1.79842	5.68558	
6.53593	2	50	6.53589	2	50	5.74491	2	47	0	0	0	0.490154	0.488937	0.49187	0.490157	0.488943	0.491867	0.881521	0.876403	0.887317	0.881521	0.876397	0.887347	1.79846	1.79845	5.68763	
6.53429	2	48	6.53426	2	48	5.73537	2	46	0	0	0	0.495149	0.493917	0.49729	0.495148	0.493917	0.4973	0.890599	0.883397	0.895597	0.890599	0.883387	0.895577	1.79865	1.79865	5.6858	
6.56237	2	50	6.56237	2	50	5.76545	2	49	0	0	0	0.50018	0.49779	0.501573	0.500178	0.49778	0.501577	0.899638	0.89503	0.906167	0.899634	0.894993	0.90617	1.79863	1.79863	5.6876	
6.55348	2	50	6.55346	2	50	5.75092	2	48	0	0	0	0.505154	0.503927	0.506447	0.505151	0.503933	0.50645	0.908572	0.902927	0.914627	0.908572	0.90292	0.91463	1.79861	1.79861	5.68861	
6.57947	2	49	6.57924	2	49	5.77481	2	45	0	0	0	0.510182	0.50877	0.510937	0.510179	0.50877	0.510927	0.917605	0.915217	0.9211	0.917604	0.915207	0.921113	1.79858	1.79859	5.69	
6.6028	2	50	6.6028	2	50	5.79756	2	46	0	0	0	0.515203	0.513297	0.51664	0.515203	0.513303	0.516637	0.926658	0.921487	0.933543	0.926661	0.9215	0.93355	1.79863	1.79863	5.68943	
6.61814	2	51	6.61787	2	51	5.80565	2	47	0	0	0	0.52017	0.51878	0.52111	0.520172	0.518787	0.5211	0.935827	0.930847	0.93929	0.935824	0.930843	0.939287	1.79908	1.79907	5.69018	
6.65417	2	52	6.65364	2	52	5.83698	2	49	0	0	0	0.525166	0.523303	0.526787	0.525164	0.5233	0.52679	0.944874	0.94153	0.949657	0.944874	0.94153	0.949647	1.79919	1.7992	5.69078	
6.64195	2	54	6.64108	2	54	5.81645	2	50	0	0	0	0.530127	0.528947	0.531127	0.530135	0.528963	0.53113	0.953947	0.950517	0.959317	0.953951	0.950523	0.959317	1.79947	1.79945	5.69098	
6.6658	2	51	6.66539	2	51	5.8411	2	51	0	0	0	0.535111	0.53414	0.537357	0.535115	0.534137	0.537353	0.962989	0.95923	0.96844	0.962991	0.959243	0.96844	1.79961	1.7996	5.69293	
6.67308	2	66	6.67288	2	66	5.84369	2	62	0	0	0	0.540086	0.53898	0.541013	0.540085	0.538983	0.541	0.971924	0.964473	0.976373	0.971924	0.96449	0.976373	1.79957	1.79958	5.69256	
6.67169	2	59	6.67119	2	59	5.83447	2	55	0	0	0	0.544999	0.541957	0.547713	0.545001	0.54196	0.547703	0.980847	0.976047	0.987503	0.980849	0.97605	0.987517	1.79972	1.79972	5.69419	
6.69921	2	54	6.69405	2	54	5.85713	2	50	0	0	0	0.55005	0.547727	0.551957	0.55005	0.5477	0.551957	0.989901	0.983527	0.99432	0.9899	0.983527	0.994317	1.79966	1.79965	5.69587	
6.83984	2	51	6.69322	2	51	5.84983	2	47	0	0	0	0.55467	0.55311	0.55669	0.55467	0.55311	0.556697	0.998163	0.995053	1	0.998162	0.995067	1	1.79956	1.79956	5.69423	
7.32071	2	64	6.72813	2	64	5.88029	2	60	0	0	0	0.555673	0.554833	0.556663	0.555675	0.554837	0.556667	1	1	1	0.999998	0.999987	1	1.79962	1.79961	5.6963	
7.00774	2	55	6.71435	2	55	5.86843	2	51	0	0	0	0.55567	0.554793	0.55665	0.555667	0.554787	0.556633	1	1	1	0.999998	0.99999	1	1.79963	1.79963	5.69436	
7.14132	2	55	6.70896	2	55	5.86088	2	51	0	0	0	0.555662	0.55476	0.556653	0.555665	0.55476	0.556647	1	1	1	0.999998	0.99999	1	1.79966	1.79964	5.69689	
7.01689	2	55	6.72024	2	55	5.87349	2	51	0	0	0	0.555661	0.55476	0.556667	0.555659	0.55476	0.556657	1	1	1	0.999998	0.99999	1	1.79966	1.79966	5.69515	
7.37067	2	54	6.70953	2	54	5.86827	2	54	0	0	0	0.55566	0.554753	0.55666	0.555662	0.55476	0.55666	1	1	1	0.999999	0.999993	1	1.79966	1.79965	5.69082	
7.31845	2	64	6.72409	2	64	5.88267	2	60	0	0	0	0.555662	0.554773	0.556667	0.555655	0.55476	0.556657	1	1	1	0.999998	0.999987	1	1.79965	1.79968	5.69152	
7.37586	2	54	6.71028	2	54	5.86659	2	54	0	0	0	0.55566	0.55476	0.556667	0.55566	0.554773	0.556667	1	1	1	0.999999	0.999993	1	1.79966	1.79966	5.69249	
7.40398	2	51	6.69302	2	51	5.84871	2	48	0	0	0	0.555661	0.554763	0.556663	0.555659	0.554743	0.556667	1	1	1	0.999999	0.999983	1	1.79966	1.79966	5.69371	
7.3267	2	69	6.70689	2	69	5.86134	2	65	0	0	0	0.55566	0.55476	0.556663	0.555656	0.554757	0.556663	1	1	1	0.999998	0.999987	1	1.79966	1.79967	5.69491	
7.28227	2	54	6.73461	2	54	5.89037	2	50	0	0	0	0.55566	0.55476	0.556663	0.555658	0.554763	0.556653	1	1	1	0.999999	0.99999	1	1.79966	1.79966	5.69067	
7.26898	2	64	6.76248	2	64	5.91389	2	60	0	0	0	0.555659	0.55476	0.55666	0.555656	0.55476	0.556647	1	1	1	0.999998	0.99998	1	1.79966	1.79967	5.6961	
6.98753	2	60	6.71402	2	60	5.87018	2	60	0	0	0	0.55566	0.55476	0.556667	0.55566	0.554763	0.556663	1	1	1	0.999998	0.999987	1	1.79966	1.79966	5.69355	
7.03164	2	55	6.72185	2	55	5.87377	2	51	0	0	0	0.55566	0.55476	0.556663	0.55566	0.55476	0.556663	1	1	1	0.999998	0.99999	1	1.79966	1.79966	5.69556	
7.41307	2	51	6.69362	2	51	5.84956	2	48	0	0	0	0.555659	0.55476	0.556653	0.555662	0.554757	0.556667	1	1	1	0.999999	0.999983	1	1.79966	1.79965	5.69289	
6.97534	2	54	6.72247	2	54	5.87372	2	50	0	0	0	0.555661	0.55476	0.55666	0.555657	0.55476	0.556667	1	1	1	0.999998	0.99999	1	1.79966	1.79967	5.69545	
7.161	2	56	6.69048	2	56	5.84255	2	56	0	0	0	0.55566	0.55476	0.556657	0.555659	0.554773	0.556663	1	1	1	0.999997	0.99998	1	1.79966	1.79966	5.69454	
7.35575	2	69	6.70537	2	69	5.86105	2	65	0	0	0	0.555659	0.554763	0.556653	0.555658	0.554773	0.556657	1	1	1	0.999998	0.999987	1	1.79966	1.79967	5.69448	
6.97843	2	54	6.72044	2	54	5.87227	2	50	0	0	0	0.555659	0.55476	0.556653	0.555657	0.554763	0.556663	1	1	1	0.999998	0.99999	1	1.79966	1.79967	5.69565	
7.29338	2	53	6.73033	2	53	5.88345	2	49	0	0	0	0.55566	0.554763	0.556653	0.555658	0.554763	0.55666	1	1	1	0.999997	0.999977	1	1.79966	1.79966	5.69543	
6.97986	2	54	6.71806	2	54	5.87009	2	50	0	0	0	0.555661	0.554767	0.556653	0.555657	0.554757	0.556657	1	1	1	0.999998	0.99999	1	1.79966	1.79967	5.69506	
7.29778	2	54	6.70476	2	54	5.85607	2	51	0	0	0	0.555659	0.55476	0.556653	0.555661	0.554757	0.556663	1	1	1	0.999999	0.999983	1	1.79966	1.79965	5.69571	
7.17284	2	52	6.71802	2	52	5.87077	2	50	0	0	0	0.555661	0.554767	0.556653	0.555658	0.554757	0.556657	1	1	1	0.999998	0.999987	1	1.79966	1.79967	5.6966	
7.17532	2	56	6.68705	2	56	5.84152	2	56	0	0	0	0.555661	0.554773	0.556647	0.555659	0.55476	0.556667	1	1	1	0.999997	0.99998	1	1.79966	1.79966	5.69388	
7.35749	2	64	6.73518	2	64	5.88774	2	60	0	0	0	0.555661	0.55477	0.556653	0.555656	0.55475	0.556663	1	1	1	0.999998	0.999987	1	1.79966	1.79967	5.69603	
7.30859	2	53	6.72938	2	53	5.88628	2	49	0	0	0	0.555662	0.554773	0.55665	0.555657	0.554757	0.556653	1	1	1	0.999997	0.999977	1	1.79966	1.79967	5.69336	
7.30286	2	64	6.7511	2	64	5.90246	2	60	0	0	0	0.555662	0.554773	0.55665	0.555658	0.55476	0.556647	1	1	1	0.999997	0.99998	1	1.79966	1.79966	5.69603	
7.30395	2	54	6.73575	2	54	5.89301	2	50	0	0	0	0.555662	0.554773	0.55665	0.555658	0.55476	0.556653	1	1	1	0.999999	0.99999	1	1.79966	1.79967	5.69173	
7.36599	2	64	6.73257	2	64	5.88619	2	60	0	0	0	0.555662	0.554773	0.55665	0.555654	0.55475	0.556663	1	1	1	0.999998	0.999987	1	1.79966	1.79968	5.69389	
7.36717	2	64	6.73073	2	64	5.88389	2	60	0	0	0	0.555661	0.554773	0.556647	0.555655	0.55475	0.55666	1	1	1	0.999998	0.999987	1	1.79966	1.79967	5.69401	
7.20048	2	60	6.71722	2	60	5.8712	2	56	0	0	0	0.555661	0.554773	0.556647	0.555659	0.55477	0.556657	1	1	1	0.999998	0.99999	1	1.79966	1.79966	5.69524	
7.20438	2	60	6.71761	2	60	5.8699	2	56	0	0	0	0.555661	0.554773	0.556647	0.555659	0.554767	0.55666	1	1	1	0.999998	0.99999	1	1.79966	1.79966	5.69477	
7.20059	2	60	6.71295	2	60	5.86882	2	56	0	0	0	0.555661	0.554773	0.556647	0.555659	0.55477	0.556657	1	1	1	0.999998	0.99999	1	1.79966	1.79966	5.69259	
7.31732	2	54	6.73869	2	54	5.8932	2	50	0	0	0	0.55566	0.554773	0.556647	0.55566	0.55476	0.556653	1	1	1	0.999999	0.99999	1	1.79966	1.79966	5.69277	
7.21898	2	56	6.70484	2	56	5.85634	2	56	0	0	0	0.55566	0.554773	0.556647	0.55566	0.55476	0.556667	1	1	1	0.999997	0.99998	1	1.79966	1.79966	5.6968	
7.08995	2	54	6.72877	2	54	5.88159	2	54	0	0	0	0.55566	0.554773	0.556647	0.55566	0.554757	0.556667	1	1	1	0.999998	0.999983	1	1.79966	1.79966	5.69467	
7.31534	2	54	6.69831	2	54	5.85406	2	51	0	0	0	0.55566	0.554773	0.556647	0.555659	0.554753	0.556663	1	1	1	0.999999	0.999983	1	1.79966	1.79966	5.69349	
6.94469	2	72	6.73496	2	72	5.89032	2	68	0	0	0	0.55566	0.554773	0.556647	0.555659	0.554773	0.556653	1	1	1	1	0.999997	1	1.79966	1.79967	5.69362	
7.39707	2	59	6.69768	2	59	5.85086	2	59	0	0	0	0.55566	0.554773	0.556647	0.555659	0.55475	0.556667	1	1	1	0.999997	0.99997	1	1.79966	1.79966	5.69517	
7.04972	2	63	6.71547	2	63	5.86808	2	63	0	0	0	0.55566	0.554773	0.556647	0.555661	0.554757	0.556667	1	1	1	0.999998	0.99999	1	1.79966	1.79965	5.69471	
7.34311	2	64	6.74641	2	64	5.90016	2	60	0	0	0	0.55566	0.554777	0.556647	0.55566	0.55476	0.556647	1	1	1	0.999998	0.99998	1	1.79966	1.79966	5.69575	
7.23589	2	52	6.71762	2	52	5.87051	2	50	0	0	0	0.55566	0.554773	0.556647	0.555662	0.554757	0.556667	1	1	1	0.999998	0.999987	1	1.79966	1.79965	5.69588	
7.34374	2	54	6.73552	2	54	5.8905	2	50	0	0	0	0.55566	0.554773	0.556647	0.555661	0.55476	0.55665	1	1	1	0.999999	0.99999	1	1.79966	1.79966	5.69285	
7.04364	2	60	6.70753	2	60	5.86002	2	60	0	0	0	0.55566	0.554777	0.556647	0.555658	0.55476	0.55666	1	1	1	0.999998	0.999987	1	1.79966	1.79966	5.69559	
7.96786	2	63	6.7211	2	63	5.873	2	59	0	0	0	0.55566	0.554777	0.55665	0.555657	0.55476	0.556667	1	1	1	0.999997	0.999983	1	1.79966	1.79967	5.69446	
7.10045	2	68	6.72566	2	68	5.8813	2	68	0	0	0	0.55566	0.554773	0.556647	0.55566	0.554757	0.556667	1	1	1	0.999998	0.999983	1	1.79966	1.79966	5.69407	
7.24102	2	56	6.7042	2	56	5.85888	2	56	0	0	0	0.55566	0.554777	0.55665	0.555661	0.554763	0.556667	1	1	1	0.999997	0.99998	1	1.79966	1.79965	5.69391	
7.35678	2	54	6.73387	2	54	5.88868	2	50	0	0	0	0.55566	0.554777	0.55665	0.55566	0.55476	0.556647	1	1	1	0.999999	0.99999	1	1.79966	1.79966	5.69306	
7.46703	2	54	6.72501	2	54	5.88047	2	54	0	0	0	0.55566	0.554777	0.55665	0.55566	0.55476	0.556647	1	1	1	0.999999	0.999993	1	1.79966	1.79966	5.69265	
7.35804	2	54	6.73096	2	54	5.88888	2	50	0	0	0	0.55566	0.554777	0.55665	0.55566	0.55476	0.556647	1	1	1	0.999999	0.99999	1	1.79966	1.79966	5.69256	
7.46516	2	56	6.70287	2	56	5.85766	2	52	0	0	0	0.555661	0.554777	0.55665	0.55566	0.55475	0.556667	1	1	1	0.999999	0.999983	1	1.79966	1.79966	5.69468	
7.472	2	54	6.72405	2	54	5.87886	2	54	0	0	0	0.55566	0.554777	0.55665	0.55566	0.55476	0.556647	1	1	1	0.999999	0.999993	1	1.79966	1.79966	5.69336	
7.47348	2	54	6.72224	2	54	5.87818	2	54	0	0	0	0.55566	0.554777	0.55665	0.55566	0.55476	0.556647	1	1	1	0.999999	0.999993	1	1.79966	1.79966	5.69237	
7.06963	2	60	6.70276	2	60	5.85805	2	60	0	0	0	0.555661	0.554777	0.55665	0.555658	0.554763	0.556663	1	1	1	0.999998	0.999987	1	1.79966	1.79966	5.69401	
7.23238	2	61	6.73214	2	61	5.88697	2	57	0	0	0	0.55566	0.554777	0.55665	0.55566	0.55476	0.556663	1	1	1	0.999997	0.99999	1	1.79966	1.79966	5.69464	
7.72381	2	71	6.72241	2	71	5.87808	2	67	0	0	0	0.55566	0.554777	0.55665	0.555659	0.554757	0.556653	1	1	1	0.999996	0.99997	1	1.79966	1.79966	5.69459	
7.24537	2	60	6.70272	2	60	5.85462	2	56	0	0	0	0.555661	0.554777	0.556653	0.555659	0.554773	0.55665	1	1	1	0.999998	0.99999	1	1.79966	1.79966	5.69573	
7.7321	2	71	6.72266	2	71	5.87658	2	67	0	0	0	0.55566	0.554777	0.55665	0.555659	0.554757	0.556653	1	1	1	0.999996	0.99997	1	1.79966	1.79966	5.69579	
7.73555	2	71	6.72167	2	71	5.87948	2	67	0	0	0	0.55566	0.554777	0.55665	0.555659	0.554757	0.556653	1	1	1	0.999996	0.99997	1	1.79966	1.79966	5.69509	
7.10864	2	55	6.72462	2	55	5.87921	2	54	0	0	0	0.555661	0.554777	0.556653	0.55566	0.55476	0.55666	1	1	1	0.999998	0.99999	1	1.79966	1.79966	5.69467	
7.2704	2	58	6.70735	2	58	5.86214	2	56	0	0	0	0.555661	0.554777	0.556653	0.555661	0.554763	0.556667	1	1	1	0.999997	0.99998	1	1.79966	1.79965	5.69464	
7.10729	2	55	6.7211	2	55	5.87609	2	54	0	0	0	0.555661	0.554777	0.556653	0.55566	0.55476	0.55666	1	1	1	0.999998	0.99999	1	1.79966	1.79966	5.6939	
7.11022	2	55	6.7222	2	55	5.87664	2	54	0	0	0	0.555661	0.554777	0.556653	0.55566	0.55476	0.55666	1	1	1	0.999998	0.99999	1	1.79966	1.79966	5.695	
7.11174	2	55	6.72206	2	55	5.87621	2	54	0	0	0	0.555661	0.554777	0.556653	0.55566	0.55476	0.55666	1	1	1	0.999998	0.99999	1	1.79966	1.79966	5.69466	
7.40961	2	56	6.73404	2	56	5.88931	2	52	0	0	0	0.555661	0.554777	0.556653	0.55566	0.554763	0.556647	1	1	1	0.999999	0.99999	1	1.79966	1.79966	5.69339	
7.41277	2	56	6.73279	2	56	5.88894	2	52	0	0	0	0.555661	0.554777	0.556653	0.55566	0.554763	0.556647	1	1	1	0.999999	0.99999	1	1.79966	1.79966	5.69276	
7.1365	2	68	6.72763	2	68	5.88107	2	68	0	0	0	0.555661	0.554777	0.556653	0.555661	0.554753	0.556663	1	1	1	0.999998	0.999983	1	1.79966	1.79966	5.69516	
7.13921	2	68	6.7288	2	68	5.88181	2	68	0	0	0	0.555661	0.554777	0.556653	0.555661	0.554753	0.556663	1	1	1	0.999998	0.999983	1	1.79966	1.79966	5.69556	
7.15017	2	63	6.71783	2	63	5.87304	2	63	0	0	0	0.555661	0.554777	0.556653	0.555661	0.554757	0.556663	1	1	1	0.999998	0.99999	1	1.79966	1.79965	5.69415	
7.48582	2	64	6.7194	2	64	5.87363	2	60	0	0	0	0.555661	0.554777	0.556653	0.555657	0.554757	0.556653	1	1	1	0.999998	0.999987	1	1.79966	1.79967	5.6943	
7.48723	2	64	6.71872	2	64	5.8743	2	60	0	0	0	0.555661	0.554777	0.556653	0.555657	0.554757	0.556653	1	1	1	0.999998	0.999987	1	1.79966	1.79967	5.69443	
7.4414	2	64	6.74298	2	64	5.89612	2	60	0	0	0	0.555661	0.554777	0.556653	0.55566	0.554763	0.556647	1	1	1	0.999997	0.99998	1	1.79966	1.79966	5.69536	
7.44456	2	64	6.7436	2	64	5.89558	2	60	0	0	0	0.555661	0.554777	0.556653	0.55566	0.554763	0.556647	1	1	1	0.999997	0.99998	1	1.79966	1.79966	5.69598	
7.54865	2	54	6.71903	2	54	5.87224	2	50	0	0	0	0.555661	0.554777	0.556653	0.555661	0.554757	0.556653	1	1	1	0.999999	0.999983	1	1.79966	1.79966	5.69621	
7.4868	2	53	6.71101	2	53	5.86527	2	49	0	0	0	0.555661	0.554777	0.556653	0.555658	0.554757	0.556663	1	1	1	0.999997	0.999977	1	1.79966	1.79966	5.69482	
7.48896	2	53	6.70894	2	53	5.86374	2	49	0	0	0	0.555661	0.554777	0.556653	0.555658	0.554757	0.556663	1	1	1	0.999997	0.999977	1	1.79966	1.79966	5.6944	
7.49145	2	53	6.70725	2	53	5.8629	2	49	0	0	0	0.555661	0.554777	0.556653	0.555658	0.554757	0.556663	1	1	1	0.999997	0.999977	1	1.79966	1.79966	5.69406	
8.03878	2	63	6.7197	2	63	5.87548	2	59	0	0	0	0.555661	0.554777	0.556653	0.555656	0.55476	0.55666	1	1	1	0.999997	0.999983	1	1.79966	1.79967	5.69354	
7.13346	2	55	6.72406	2	55	5.88057	2	54	0	0	0	0.555661	0.554777	0.556653	0.55566	0.55476	0.556657	1	1	1	0.999998	0.99999	1	1.79966	1.79966	5.69408	
7.13645	2	55	6.72626	2	55	5.88039	2	54	0	0	0	0.555661	0.554777	0.556653	0.55566	0.55476	0.556657	1	1	1	0.999998	0.99999	1	1.79966	1.79966	5.69483	
7.13662	2	55	6.72507	2	55	5.88051	2	54	0	0	0	0.555661	0.554777	0.556653	0.55566	0.55476	0.556657	1	1	1	0.999998	0.99999	1	1.79966	1.79966	5.69448	
7.13867	2	74	6.726	2	74	5.88028	2	70	0	0	0	0.555661	0.554777	0.556653	0.55566	0.55476	0.556657	1	1	1	0.999998	0.99999	1	1.79966	1.79966	5.6951	
7.13914	2	74	6.72477	2	74	5.87947	2	70	0	0	0	0.555661	0.554777	0.556653	0.55566	0.55476	0.556657	1	1	1	0.999998	0.99999	1	1.79966	1.79966	5.69481	
7.14047	2	74	6.72457	2	74	5.87983	2	70	0	0	0	0.555661	0.554777	0.556653	0.55566	0.55476	0.556657	1	1	1	0.999998	0.99999	1	1.79966	1.79966	5.69443	
7.14139	2	74	6.72419	2	74	5.87856	2	70	0	0	0	0.555661	0.554777	0.556653	0.55566	0.55476	0.556657	1	1	1	0.999998	0.99999	1	1.79966	1.79966	5.69455	
7.14313	2	74	6.72424	2	74	5.87957	2	70	0	0	0	0.555661	0.554777	0.556653	0.55566	0.55476	0.556657	1	1	1	0.999998	0.99999	1	1.79966	1.79966	5.69464	
7.32545	2	61	6.71186	2	61	5.86676	2	57	0	0	0	0.555661	0.554777	0.556653	0.555661	0.554767	0.556663	1	1	1	0.999997	0.99998	1	1.79966	1.79965	5.69491	
7.32898	2	61	6.71314	2	61	5.86698	2	57	0	0	0	0.555661	0.554777	0.556653	0.555661	0.554767	0.556663	1	1	1	0.999997	0.99998	1	1.79966	1.79965	5.69516	
7.3316	2	61	6.71318	2	61	5.86759	2	57	0	0	0	0.555661	0.554777	0.556653	0.555661	0.554767	0.556663	1	1	1	0.999997	0.99998	1	1.79966	1.79965	5.69482	
7.33424	2	61	6.71326	2	61	5.86775	2	57	0	0	0	0.555661	0.554777	0.556653	0.555661	0.554767	0.556663	1	1	1	0.999997	0.99998	1	1.79966	1.79965	5.69496	
