3.79387	1	16	3.79387	1	16	3.01627	1	12	0	0	0	0.00503313	0.00481	0.00530333	0.00503292	0	0.02034	0.00901479	0.00842333	0.00938667	0.00901458	0	0.03638	1.79109	1.79113	3.99872	
3.81011	1	19	3.81011	1	19	3.00077	1	15	0	0	0	0.0100071	0.00965667	0.0101967	0.0100071	0	0.0406567	0.0181071	0.0176567	0.0190767	0.0181073	0	0.0732967	1.80943	1.80945	3.99186	
3.81462	1	16	3.81462	1	16	3.02591	1	12	0	0	0	0.0149985	0.0147133	0.0155233	0.0149983	0	0.0602167	0.0269394	0.0256067	0.0280867	0.0269392	0	0.10803	1.79613	1.79614	4.00519	
3.81477	1	16	3.81477	1	16	3.02583	1	12	0	0	0	0.019986	0.01961	0.02052	0.0199858	0	0.0805067	0.0358335	0.03493	0.03684	0.0358333	0	0.144973	1.79293	1.79294	4.00278	
3.8208	1	20	3.8208	1	20	3.03453	1	16	0	0	0	0.0249837	0.0244333	0.0254267	0.024984	0	0.1007	0.0448033	0.0432067	0.0459867	0.0448042	0	0.18158	1.7933	1.79332	4.0009	
3.83568	1	22	3.83568	1	22	3.03051	1	18	0	0	0	0.0300242	0.0295467	0.03048	0.0300242	0	0.12085	0.0540175	0.05332	0.0554333	0.0540175	0	0.21757	1.79913	1.79913	4.00297	
3.84335	1	23	3.84335	1	23	3.04086	1	19	0	0	0	0.0350258	0.03456	0.0356267	0.0350256	0	0.14059	0.0631567	0.0616533	0.06481	0.0631565	0	0.253737	1.80315	1.80315	3.9976	
3.85818	1	22	3.85818	1	22	3.05967	1	18	0	0	0	0.0400277	0.03946	0.04073	0.0400277	0	0.160507	0.0721635	0.0709767	0.07374	0.0721642	0	0.290197	1.80284	1.80286	4.00161	
3.87179	1	24	3.87179	1	24	3.06523	1	20	0	0	0	0.0450169	0.0439567	0.0456967	0.0450169	0	0.18061	0.0811485	0.0793167	0.08211	0.0811488	0	0.325537	1.80262	1.80263	4.00512	
3.88431	1	24	3.88431	1	24	3.0836	1	20	0	0	0	0.0499998	0.0493	0.0506933	0.0499998	0	0.201593	0.0900577	0.0887133	0.0915567	0.0900583	0	0.361353	1.80116	1.80117	4.00642	
3.89355	1	25	3.89355	1	25	3.09541	1	21	0	0	0	0.0550015	0.05412	0.0556867	0.0550017	0	0.221877	0.0989573	0.0961867	0.101667	0.0989569	0	0.397133	1.79918	1.79916	4.00481	
3.90707	1	27	3.90707	1	27	3.11035	1	23	0	0	0	0.0599671	0.0591933	0.0606667	0.0599671	0	0.241723	0.107884	0.10628	0.110047	0.107884	0	0.433653	1.79905	1.79905	4.00551	
3.91648	1	24	3.91648	1	24	3.12372	1	20	0	0	0	0.0650215	0.0644433	0.06613	0.0650213	0	0.262283	0.116787	0.114973	0.119243	0.116787	0	0.47075	1.79613	1.79614	4.00193	
3.93479	1	26	3.93479	1	26	3.14316	1	22	0	0	0	0.0699785	0.0688767	0.0706767	0.0699779	0	0.281813	0.125762	0.123223	0.12785	0.125761	0	0.506803	1.79715	1.79715	4.00355	
3.9555	1	28	3.9555	1	28	3.16153	1	24	0	0	0	0.0749754	0.0739667	0.0760933	0.0749744	0	0.30211	0.134679	0.132943	0.137253	0.134676	0	0.543023	1.79631	1.7963	4.00709	
3.97153	1	25	3.97153	1	25	3.18269	1	21	0	0	0	0.0799906	0.0789433	0.0806033	0.079991	0	0.321803	0.143754	0.1418	0.145303	0.143755	0	0.57863	1.79713	1.79714	4.00315	
3.99333	1	27	3.99333	1	27	3.19904	1	23	0	0	0	0.0850135	0.0841767	0.08594	0.0850117	0	0.34175	0.152908	0.15066	0.154753	0.152903	0	0.614843	1.79864	1.79862	4.00466	
4.01834	1	27	4.01834	1	27	3.22452	1	23	0	0	0	0.0900248	0.0892033	0.09142	0.0900248	0	0.361837	0.16201	0.159603	0.16706	0.16201	0	0.650823	1.79961	1.79962	4.00393	
4.04196	1	28	4.04196	1	28	3.24862	1	25	0	0	0	0.0950098	0.0942767	0.09608	0.0950104	0	0.381353	0.170997	0.16884	0.173027	0.170998	0	0.688113	1.79979	1.79978	4.00703	
4.06923	1	25	4.06923	1	25	3.28072	1	21	0	0	0	0.100001	0.0992933	0.10096	0.100001	0	0.40158	0.180058	0.177937	0.182947	0.180054	0	0.725737	1.80056	1.80052	4.00731	
4.10023	1	33	4.10023	1	33	3.31444	1	29	0	0	0	0.105056	0.104367	0.105867	0.105056	0	0.42172	0.189182	0.1872	0.191547	0.189181	0	0.760597	1.80077	1.80076	4.00969	
4.13347	1	30	4.13347	1	30	3.35242	1	26	0	0	0	0.110075	0.108663	0.11093	0.110075	0	0.441893	0.198212	0.19493	0.200707	0.198212	0	0.795747	1.80071	1.80069	4.0097	
4.17384	1	35	4.17384	1	35	3.39767	1	31	0	0	0	0.115057	0.113993	0.11592	0.115056	0	0.46214	0.207168	0.20457	0.210507	0.207162	0	0.833187	1.80056	1.80054	4.01848	
4.20927	1	35	4.20927	1	35	3.43202	1	31	0	0	0	0.120091	0.11929	0.121323	0.120089	0	0.482547	0.216163	0.21313	0.21876	0.216161	0	0.869437	1.8	1.80001	4.02311	
4.24872	1	32	4.24872	1	32	3.47529	1	28	0	0	0	0.125085	0.12432	0.126297	0.125082	0	0.50204	0.22529	0.223193	0.229163	0.225279	0	0.905207	1.80109	1.80106	4.02379	
4.28428	1	37	4.28428	1	37	3.51503	1	33	0	0	0	0.130036	0.12924	0.131267	0.130034	0	0.521217	0.23412	0.231557	0.23707	0.234116	0	0.94007	1.80043	1.80042	4.02274	
4.33216	1	35	4.33216	1	35	3.56831	1	31	0	0	0	0.135046	0.134093	0.136103	0.135045	0	0.541707	0.243109	0.241307	0.245997	0.243109	0	0.976313	1.80019	1.8002	4.0286	
4.3835	1	36	4.3835	1	36	3.62868	1	36	0	0	0	0.140089	0.13944	0.141097	0.138882	0	0.55811	0.252135	0.24934	0.25455	0.25	0	1	1.79982	1.80008	4.03161	
4.44165	1	36	4.44165	1	36	3.68818	1	34	0	0	0	0.145101	0.143857	0.14625	0.13889	0	0.558153	0.261322	0.259377	0.263003	0.25	0	1	1.80097	1.79998	4.03965	
4.49441	1	42	4.49441	1	42	3.75302	1	38	0	0	0	0.150073	0.148857	0.15121	0.138892	0	0.558157	0.270177	0.26602	0.273463	0.25	0	1	1.80031	1.79996	4.04471	
4.57007	1	44	4.57005	1	44	3.83217	1	41	0	0	0	0.155095	0.153963	0.155983	0.13889	0	0.558153	0.279321	0.275037	0.28224	0.25	0	1	1.80096	1.79998	4.05318	
4.63445	1	46	4.63445	1	46	3.90504	1	42	0	0	0	0.160132	0.159087	0.161083	0.138891	0	0.558167	0.288289	0.285193	0.291183	0.25	0	1	1.80032	1.79997	4.05957	
4.71655	1	46	4.71655	1	46	3.99786	1	46	0	0	0	0.165183	0.164203	0.166453	0.13889	0	0.558153	0.297368	0.293813	0.300543	0.25	0	1	1.80023	1.79999	4.07422	
4.80271	1	42	4.8027	1	42	4.1002	1	42	0	0	0	0.170181	0.169017	0.171337	0.138891	0	0.558157	0.306336	0.302677	0.31067	0.25	0	1	1.80006	1.79997	4.08594	
4.88488	1	50	4.88488	1	50	4.19318	1	46	0	0	0	0.175217	0.174117	0.176273	0.138892	0	0.55816	0.315385	0.312637	0.31849	0.25	0	1	1.79997	1.79996	4.092	
4.9919	1	46	4.99189	1	46	4.30954	1	56	0	0	0	0.18028	0.178787	0.181217	0.138893	0	0.558163	0.324327	0.32116	0.326523	0.25	0	1	1.79901	1.79995	4.11259	
5.08574	1	54	5.08573	1	54	4.43154	1	64	0	0	0	0.18528	0.18345	0.18669	0.138893	0	0.558163	0.333208	0.331463	0.33741	0.25	0	1	1.7984	1.79995	4.12528	
5.2083	1	58	5.20829	1	58	4.57638	1	56	0	0	0	0.190258	0.18945	0.191683	0.138892	0	0.558153	0.34208	0.339013	0.34423	0.25	0	1	1.79798	1.79996	4.14838	
5.35412	1	55	5.3541	1	55	4.73972	1	54	0	0	0	0.195212	0.19321	0.1966	0.138893	0	0.558157	0.350996	0.34645	0.353823	0.25	0	1	1.79803	1.79995	4.1741	
5.50987	1	58	5.50983	1	58	4.92869	1	58	0	0	0	0.200214	0.19899	0.201843	0.138893	0	0.558163	0.360125	0.35611	0.364773	0.25	0	1	1.7987	1.79995	4.20674	
5.69422	1	68	5.69415	1	68	5.13337	1	68	0	0	0	0.205178	0.203447	0.206533	0.138893	0	0.558157	0.369072	0.365927	0.371617	0.25	0	1	1.79879	1.79995	4.24512	
5.89405	1	71	5.89382	1	71	5.38153	1	67	0	0	0	0.210146	0.209193	0.210833	0.138893	0	0.55816	0.377912	0.37409	0.37995	0.25	0	1	1.79833	1.79995	4.28933	
6.1193	1	62	6.11917	1	62	5.65026	1	78	0	0	0	0.215113	0.214033	0.21652	0.138893	0	0.558167	0.386873	0.383873	0.390327	0.25	0	1	1.79846	1.79995	4.34122	
6.41692	1	76	6.41657	1	76	5.98791	1	76	0	0	0	0.220135	0.218983	0.22155	0.138893	0	0.558167	0.395772	0.393563	0.397797	0.25	0	1	1.79786	1.79995	4.41891	
6.73393	1	80	6.7336	1	80	6.38058	1	76	0	0	0	0.225164	0.224647	0.225963	0.138892	0	0.55816	0.404797	0.402063	0.407097	0.25	0	1	1.79779	1.79996	4.50153	
7.14344	1	102	7.14257	1	102	6.87492	1	102	0	0	0	0.22999	0.228955	0.23125	0.138926	0	0.557145	0.41363	0.410888	0.416198	0.25	0	1	1.79847	1.79953	4.62427	
7.60116	1	102	7.59987	1	102	7.41778	1	102	0	0	0	0.23507	0.23383	0.23663	0.138893	0	0.55816	0.422628	0.418507	0.42607	0.25	0	1	1.79788	1.79995	4.75786	
8.31885	1	100	8.31333	1	100	8.1577	1	100	0	0	0	0.24003	0.238893	0.242187	0.138892	0	0.558153	0.43155	0.427747	0.436627	0.25	0	1	1.7979	1.79996	4.99335	
9.15615	1	106	9.14833	1	106	9.09941	1	123	0	0	0	0.24505	0.244253	0.246043	0.138894	0	0.558167	0.440688	0.436627	0.444483	0.25	0	1	1.79836	1.79993	5.28629	
10.3275	1	145	10.3106	1	145	10.376	1	145	0	0	0	0.249961	0.248477	0.25131	0.138893	0	0.55816	0.449549	0.445797	0.452603	0.25	0	1	1.79847	1.79995	5.70188	
12.017	1	150	11.9759	1	150	12.1835	1	154	0	0	0	0.254964	0.25383	0.256647	0.138894	0	0.558173	0.458597	0.45551	0.46243	0.25	0	1	1.79868	1.79993	6.34279	
15.224	1	462	14.7985	1	166	15.0811	1	183	0	0	0	0.259973	0.2587	0.261123	0.138895	0	0.558187	0.467604	0.46453	0.470857	0.25	0	1	1.79867	1.79992	7.51731	
21.7708	1	800	19.6776	1	210	19.9335	1	210	0	0	0	0.265002	0.26314	0.266663	0.138893	0	0.558147	0.476581	0.4737	0.478723	0.25	0	1	1.79841	1.79995	9.68937	
51.0769	1	2572	28.9884	1	235	30.0216	1	236	0	0	0	0.270024	0.26872	0.271523	0.138895	0	0.558177	0.485605	0.481313	0.491187	0.25	0	1	1.79838	1.79993	14.066	
2211.15	1	34806	47.9271	1	340	48.6971	1	375	0	0	0	0.275017	0.274063	0.276677	0.13889	0	0.558123	0.494525	0.490707	0.49701	0.25	0	1	1.79816	1.79999	23.7279	
