5.29281	2	16	5.29281	2	16	4.47637	2	12	0	0	0	0.00503313	0.00481	0.00530333	0.00503292	0.00481	0.0053	0.00901479	0.00842333	0.00938667	0.00901458	0.00842333	0.00938667	1.79109	1.79113	5.49485	
5.3153	2	16	5.3153	2	16	4.52872	2	12	0	0	0	0.0100071	0.00965667	0.0101967	0.0100069	0.00965667	0.0101967	0.0181071	0.0176567	0.0190767	0.0181073	0.0176567	0.0190767	1.80943	1.80949	5.49282	
5.32609	2	16	5.32609	2	16	4.55303	2	16	0	0	0	0.0149985	0.0147133	0.0155233	0.0149981	0.0147133	0.01552	0.0269394	0.0256067	0.0280867	0.026939	0.0256067	0.0280867	1.79613	1.79616	5.50763	
5.31726	2	16	5.31726	2	16	4.52905	2	16	0	0	0	0.019986	0.01961	0.02052	0.0199856	0.01961	0.0205167	0.0358335	0.03493	0.03684	0.0358323	0.03493	0.0368367	1.79293	1.7929	5.49676	
5.33044	2	19	5.33044	2	19	4.54504	2	16	0	0	0	0.0249837	0.0244333	0.0254267	0.0249837	0.0244333	0.0254233	0.0448033	0.0432067	0.0459867	0.0448042	0.0432067	0.0459833	1.7933	1.79333	5.50355	
5.34818	2	20	5.34818	2	20	4.54974	2	16	0	0	0	0.0300242	0.0295467	0.03048	0.030024	0.0295433	0.0304767	0.0540175	0.05332	0.0554333	0.0540173	0.0533167	0.0554333	1.79913	1.79914	5.50717	
5.35061	2	24	5.35061	2	24	4.55244	2	20	0	0	0	0.0350258	0.03456	0.0356267	0.0350254	0.0345567	0.0356267	0.0631567	0.0616533	0.06481	0.0631562	0.06165	0.0648067	1.80315	1.80315	5.49816	
5.35654	2	21	5.35654	2	21	4.56504	2	17	0	0	0	0.0400277	0.03946	0.04073	0.0400277	0.0394567	0.0407267	0.0721635	0.0709767	0.07374	0.0721633	0.0709833	0.0737367	1.80284	1.80283	5.49765	
5.37295	2	20	5.37295	2	20	4.57113	2	17	0	0	0	0.0450169	0.0439567	0.0456967	0.0450169	0.0439567	0.0456967	0.0811485	0.0793167	0.08211	0.0811494	0.0793167	0.08211	1.80262	1.80264	5.50759	
5.37538	2	20	5.37538	2	20	4.58591	2	16	0	0	0	0.0499998	0.0493	0.0506933	0.05	0.0493	0.05069	0.0900577	0.0887133	0.0915567	0.0900588	0.0887133	0.0915667	1.80116	1.80117	5.50386	
5.38291	2	20	5.38291	2	20	4.6012	2	16	0	0	0	0.0550015	0.05412	0.0556867	0.0550013	0.0541167	0.0556833	0.0989573	0.0961867	0.101667	0.0989575	0.0961767	0.101663	1.79918	1.79919	5.50694	
5.3897	2	20	5.3897	2	20	4.6025	2	16	0	0	0	0.0599671	0.0591933	0.0606667	0.0599669	0.0591933	0.0606633	0.107884	0.10628	0.110047	0.107883	0.106283	0.110047	1.79905	1.79905	5.50559	
5.39637	2	20	5.39637	2	20	4.60995	2	19	0	0	0	0.0650215	0.0644433	0.06613	0.0650213	0.06444	0.0661367	0.116787	0.114973	0.119243	0.116787	0.11497	0.119243	1.79613	1.79614	5.50885	
5.40812	2	20	5.40812	2	20	4.63003	2	19	0	0	0	0.0699785	0.0688767	0.0706767	0.0699785	0.0688767	0.0706767	0.125762	0.123223	0.12785	0.125761	0.123223	0.127847	1.79715	1.79714	5.5132	
5.40803	2	21	5.40803	2	21	4.62378	2	18	0	0	0	0.0749754	0.0739667	0.0760933	0.0749754	0.0739633	0.0760933	0.134679	0.132943	0.137253	0.134678	0.132947	0.137253	1.79631	1.79629	5.50753	
5.42189	2	24	5.42189	2	24	4.64064	2	20	0	0	0	0.0799906	0.0789433	0.0806033	0.0799912	0.07894	0.0806067	0.143754	0.1418	0.145303	0.143755	0.141793	0.145303	1.79713	1.79713	5.51034	
5.44002	2	21	5.44002	2	21	4.66458	2	19	0	0	0	0.0850135	0.0841767	0.08594	0.0850131	0.0841767	0.0859433	0.152908	0.15066	0.154753	0.152906	0.15066	0.154753	1.79864	1.79861	5.51819	
5.44683	2	21	5.44683	2	21	4.66484	2	20	0	0	0	0.0900248	0.0892033	0.09142	0.090026	0.0892067	0.0914233	0.16201	0.159603	0.16706	0.16201	0.159607	0.167063	1.79961	1.79959	5.5191	
5.45566	2	24	5.45566	2	24	4.67705	2	20	0	0	0	0.0950098	0.0942767	0.09608	0.09501	0.0942767	0.0960767	0.170997	0.16884	0.173027	0.170998	0.168837	0.17303	1.79979	1.79979	5.51855	
5.46477	2	24	5.46477	2	24	4.68621	2	20	0	0	0	0.100001	0.0992933	0.10096	0.100001	0.09929	0.10096	0.180058	0.177937	0.182947	0.180058	0.177937	0.182947	1.80056	1.80055	5.51757	
5.47155	2	22	5.47155	2	22	4.69192	2	19	0	0	0	0.105056	0.104367	0.105867	0.105057	0.10436	0.10587	0.189182	0.1872	0.191547	0.189182	0.187197	0.19155	1.80077	1.80076	5.5199	
5.48214	2	22	5.48214	2	22	4.70322	2	18	0	0	0	0.110075	0.108663	0.11093	0.110075	0.108663	0.11093	0.198212	0.19493	0.200707	0.198213	0.19493	0.200707	1.80071	1.80071	5.52032	
5.49763	2	22	5.49763	2	22	4.71708	2	20	0	0	0	0.115057	0.113993	0.11592	0.115057	0.113997	0.115923	0.207168	0.20457	0.210507	0.207166	0.204573	0.21051	1.80056	1.80055	5.5287	
5.50788	2	24	5.50788	2	24	4.73621	2	20	0	0	0	0.120091	0.11929	0.121323	0.120092	0.119293	0.12132	0.216163	0.21313	0.21876	0.216167	0.21314	0.21876	1.8	1.80002	5.53112	
5.51832	2	24	5.51832	2	24	4.74669	2	20	0	0	0	0.125085	0.12432	0.126297	0.125085	0.124333	0.1263	0.22529	0.223193	0.229163	0.22529	0.223187	0.229167	1.80109	1.8011	5.53251	
5.52563	2	24	5.52563	2	24	4.75308	2	20	0	0	0	0.130036	0.12924	0.131267	0.130035	0.12924	0.131267	0.23412	0.231557	0.23707	0.234121	0.23156	0.23708	1.80043	1.80044	5.53152	
5.53718	2	23	5.53718	2	23	4.76714	2	20	0	0	0	0.135046	0.134093	0.136103	0.135046	0.134087	0.136107	0.243109	0.241307	0.245997	0.243108	0.24131	0.246	1.80019	1.80018	5.53522	
5.55034	2	24	5.55034	2	24	4.78236	2	20	0	0	0	0.140089	0.13944	0.141097	0.140086	0.139437	0.1411	0.252135	0.24934	0.25455	0.252128	0.24934	0.254553	1.79982	1.79981	5.53842	
5.56305	2	24	5.56305	2	24	4.79497	2	20	0	0	0	0.145101	0.143857	0.14625	0.1451	0.143857	0.146247	0.261322	0.259377	0.263003	0.261322	0.259377	0.263	1.80097	1.80098	5.54203	
5.57044	2	28	5.57044	2	28	4.8089	2	24	0	0	0	0.150073	0.148857	0.15121	0.150071	0.14886	0.151207	0.270177	0.26602	0.273463	0.270175	0.266027	0.273453	1.80031	1.80031	5.54283	
5.57935	2	26	5.57935	2	26	4.81566	2	22	0	0	0	0.155095	0.153963	0.155983	0.155095	0.153967	0.155983	0.279321	0.275037	0.28224	0.279321	0.275043	0.282243	1.80096	1.80096	5.54016	
5.60062	2	26	5.60062	2	26	4.84306	2	22	0	0	0	0.160132	0.159087	0.161083	0.160131	0.1591	0.161083	0.288289	0.285193	0.291183	0.288289	0.28522	0.291183	1.80032	1.80034	5.54982	
5.60922	2	25	5.60922	2	25	4.84703	2	21	0	0	0	0.165183	0.164203	0.166453	0.165184	0.1642	0.166453	0.297368	0.293813	0.300543	0.297369	0.293813	0.300557	1.80023	1.80023	5.55157	
5.61898	2	26	5.61898	2	26	4.86063	2	22	0	0	0	0.170181	0.169017	0.171337	0.170179	0.169013	0.171333	0.306336	0.302677	0.31067	0.306334	0.302683	0.310687	1.80006	1.80007	5.55514	
5.6259	2	25	5.6259	2	25	4.86521	2	21	0	0	0	0.175217	0.174117	0.176273	0.175216	0.174123	0.176273	0.315385	0.312637	0.31849	0.315384	0.312643	0.318507	1.79997	1.79997	5.55443	
5.641	2	27	5.641	2	27	4.88603	2	23	0	0	0	0.18028	0.178787	0.181217	0.18028	0.17878	0.181207	0.324327	0.32116	0.326523	0.324325	0.32116	0.326513	1.79901	1.79901	5.56004	
5.65376	2	25	5.65376	2	25	4.89977	2	21	0	0	0	0.18528	0.18345	0.18669	0.18528	0.183453	0.186687	0.333208	0.331463	0.33741	0.333208	0.33148	0.337393	1.7984	1.7984	5.56117	
5.66812	2	25	5.66812	2	25	4.91218	2	21	0	0	0	0.190258	0.18945	0.191683	0.190258	0.18945	0.191683	0.34208	0.339013	0.34423	0.34208	0.339013	0.34423	1.79798	1.79797	5.56657	
5.68073	2	35	5.68073	2	35	4.92697	2	31	0	0	0	0.195212	0.19321	0.1966	0.195211	0.19321	0.196587	0.350996	0.34645	0.353823	0.350995	0.34645	0.353837	1.79803	1.79802	5.57059	
5.68649	2	27	5.68649	2	27	4.93527	2	23	0	0	0	0.200214	0.19899	0.201843	0.200213	0.19898	0.201847	0.360125	0.35611	0.364773	0.360126	0.3561	0.36479	1.7987	1.79871	5.56766	
5.702	2	26	5.702	2	26	4.95158	2	23	0	0	0	0.205178	0.203447	0.206533	0.205178	0.203443	0.206537	0.369072	0.365927	0.371617	0.369076	0.36593	0.371613	1.79879	1.79881	5.57138	
5.7165	2	29	5.7165	2	29	4.97267	2	25	0	0	0	0.210146	0.209193	0.210833	0.210145	0.20919	0.210837	0.377912	0.37409	0.37995	0.377911	0.374093	0.37994	1.79833	1.79833	5.57633	
5.73108	2	26	5.73108	2	26	4.98855	2	25	0	0	0	0.215113	0.214033	0.21652	0.215113	0.21403	0.21652	0.386873	0.383873	0.390327	0.386868	0.38387	0.39032	1.79846	1.79844	5.57942	
5.73451	2	26	5.73451	2	26	4.9906	2	22	0	0	0	0.220135	0.218983	0.22155	0.220136	0.218983	0.221543	0.395772	0.393563	0.397797	0.395773	0.393563	0.397787	1.79786	1.79786	5.57681	
5.75568	2	26	5.75568	2	26	5.01027	2	26	0	0	0	0.225164	0.224647	0.225963	0.225165	0.224647	0.225963	0.404797	0.402063	0.407097	0.404801	0.40208	0.407097	1.79779	1.7978	5.58482	
5.76711	2	28	5.76711	2	28	5.02872	2	25	0	0	0	0.230132	0.228587	0.232	0.230131	0.22859	0.232003	0.413767	0.408927	0.41791	0.413769	0.408933	0.417907	1.79796	1.79797	5.58722	
5.78413	2	28	5.78413	2	28	5.03977	2	24	0	0	0	0.23507	0.23383	0.23663	0.235071	0.233833	0.23663	0.422628	0.418507	0.42607	0.422629	0.418523	0.426067	1.79788	1.79788	5.59319	
5.78884	2	28	5.78884	2	28	5.05271	2	24	0	0	0	0.24003	0.238893	0.242187	0.24003	0.238897	0.242183	0.43155	0.427747	0.436627	0.431552	0.427747	0.43661	1.7979	1.79791	5.59018	
5.80923	2	31	5.80923	2	31	5.06896	2	31	0	0	0	0.24505	0.244253	0.246043	0.245049	0.24425	0.24605	0.440688	0.436627	0.444483	0.440686	0.43663	0.44449	1.79836	1.79836	5.59565	
5.82688	2	30	5.82688	2	30	5.08894	2	30	0	0	0	0.249961	0.248477	0.25131	0.249962	0.248473	0.25131	0.449549	0.445797	0.452603	0.449546	0.445793	0.45261	1.79847	1.79846	5.60027	
5.83683	2	29	5.83683	2	29	5.10198	2	26	0	0	0	0.254964	0.25383	0.256647	0.254962	0.253833	0.256647	0.458597	0.45551	0.46243	0.458594	0.455507	0.462447	1.79868	1.79867	5.60093	
5.8496	2	36	5.8496	2	36	5.10839	2	32	0	0	0	0.259973	0.2587	0.261123	0.259974	0.258707	0.261123	0.467604	0.46453	0.470857	0.467605	0.464527	0.470853	1.79867	1.79866	5.60422	
5.86324	2	39	5.86324	2	39	5.12883	2	35	0	0	0	0.265002	0.26314	0.266663	0.265003	0.263137	0.266663	0.476581	0.4737	0.478723	0.476583	0.473697	0.47873	1.79841	1.7984	5.60739	
5.87892	2	37	5.87892	2	37	5.1456	2	33	0	0	0	0.270024	0.26872	0.271523	0.270023	0.26872	0.27152	0.485605	0.481313	0.491187	0.485602	0.481307	0.491163	1.79838	1.79837	5.60719	
5.89869	2	41	5.89869	2	41	5.16574	2	37	0	0	0	0.275017	0.274063	0.276677	0.275018	0.274063	0.276677	0.494525	0.490707	0.49701	0.494523	0.49069	0.49701	1.79816	1.79815	5.61664	
5.89987	2	33	5.89987	2	33	5.1633	2	29	0	0	0	0.280041	0.278987	0.28115	0.28004	0.278987	0.281143	0.503516	0.49919	0.50723	0.503518	0.49921	0.507237	1.79801	1.79802	5.61111	
5.92389	2	31	5.92389	2	31	5.1927	2	28	0	0	0	0.285015	0.28285	0.286227	0.285016	0.28285	0.286243	0.512439	0.509477	0.517123	0.512441	0.509477	0.51712	1.79794	1.79794	5.61886	
5.94095	2	33	5.94095	2	33	5.20847	2	30	0	0	0	0.290035	0.288213	0.29115	0.290034	0.288207	0.291147	0.521427	0.518177	0.52464	0.521426	0.518187	0.524653	1.79781	1.79781	5.62236	
5.94569	2	31	5.94569	2	31	5.21468	2	27	0	0	0	0.295025	0.293633	0.29691	0.295025	0.293627	0.296923	0.530447	0.52501	0.53639	0.530447	0.52501	0.53639	1.79797	1.79797	5.62134	
5.96364	2	40	5.96364	2	40	5.23287	2	36	0	0	0	0.300039	0.298963	0.301397	0.300036	0.298963	0.301403	0.539366	0.534617	0.545557	0.539361	0.534607	0.545547	1.79766	1.79765	5.62707	
5.9763	2	43	5.9763	2	43	5.24449	2	39	0	0	0	0.305054	0.30396	0.306623	0.305053	0.30395	0.306627	0.548402	0.545333	0.551867	0.548397	0.54534	0.551847	1.79772	1.79771	5.62888	
5.98936	2	39	5.98936	2	39	5.26011	2	35	0	0	0	0.310057	0.30876	0.311037	0.310058	0.308757	0.311037	0.557393	0.555433	0.56053	0.557395	0.555437	0.56053	1.79771	1.79771	5.62823	
6.00733	2	42	6.00733	2	42	5.27306	2	38	0	0	0	0.315018	0.3131	0.315813	0.315019	0.313097	0.315803	0.56651	0.56362	0.569487	0.56651	0.56363	0.56948	1.79834	1.79834	5.63273	
6.02733	2	46	6.02733	2	46	5.2965	2	42	0	0	0	0.319978	0.318667	0.321327	0.31998	0.318673	0.321327	0.575376	0.57096	0.578647	0.575381	0.571007	0.578637	1.79817	1.79818	5.63538	
6.03434	2	43	6.03434	2	43	5.30492	2	39	0	0	0	0.324963	0.323333	0.32657	0.32496	0.32334	0.326567	0.584288	0.579693	0.590617	0.584284	0.5797	0.590623	1.79801	1.79801	5.63755	
6.05456	2	44	6.05456	2	44	5.32426	2	40	0	0	0	0.329995	0.328477	0.331403	0.329996	0.32848	0.331403	0.593321	0.589803	0.597323	0.593324	0.589813	0.59732	1.79797	1.79797	5.63991	
6.06649	2	48	6.06649	2	48	5.33491	2	44	0	0	0	0.33498	0.33369	0.336843	0.334979	0.333683	0.33683	0.602199	0.596837	0.608647	0.602193	0.59684	0.608617	1.79772	1.7977	5.64362	
6.07804	2	44	6.07804	2	44	5.3449	2	40	0	0	0	0.339972	0.3384	0.341493	0.339975	0.3384	0.341497	0.611186	0.606573	0.61572	0.611184	0.606573	0.61572	1.79775	1.79773	5.64488	
6.09557	2	44	6.09557	2	44	5.36528	2	42	0	0	0	0.344972	0.34323	0.347067	0.344973	0.343233	0.34707	0.620326	0.61706	0.624693	0.620329	0.617063	0.62471	1.79819	1.7982	5.64558	
6.11025	2	40	6.11025	2	40	5.38045	2	36	0	0	0	0.350013	0.348187	0.352047	0.350014	0.348177	0.352047	0.629309	0.624293	0.634783	0.629306	0.624283	0.63478	1.79796	1.79795	5.64722	
6.11827	2	48	6.11827	2	48	5.37838	2	44	0	0	0	0.354954	0.353333	0.35686	0.354953	0.35333	0.35685	0.638292	0.63419	0.642183	0.638291	0.63419	0.642187	1.79824	1.79824	5.6467	
6.13298	2	40	6.13298	2	40	5.39759	2	36	0	0	0	0.35996	0.35773	0.361793	0.359962	0.357707	0.361793	0.647306	0.642303	0.65166	0.64731	0.64228	0.651667	1.79827	1.79827	5.64769	
6.1418	2	42	6.1418	2	42	5.40459	2	38	0	0	0	0.364936	0.363277	0.366163	0.36494	0.363287	0.366167	0.656224	0.650983	0.659817	0.656229	0.651007	0.659813	1.79819	1.79818	5.64992	
6.1651	2	44	6.1651	2	44	5.43	2	40	0	0	0	0.369957	0.368493	0.371237	0.369957	0.368497	0.371237	0.665191	0.659613	0.66898	0.665191	0.659617	0.668977	1.79802	1.79802	5.65515	
6.17876	2	43	6.17876	2	43	5.43896	2	39	0	0	0	0.374921	0.373173	0.376247	0.374926	0.37317	0.376247	0.674083	0.66984	0.677047	0.674086	0.669837	0.677053	1.79793	1.79792	5.65753	
6.19293	2	49	6.19293	2	49	5.4562	2	45	0	0	0	0.379932	0.37863	0.381637	0.37993	0.37863	0.38164	0.683162	0.678603	0.68721	0.683163	0.678603	0.68719	1.79812	1.79813	5.65618	
6.20824	2	46	6.20824	2	46	5.4676	2	42	0	0	0	0.384976	0.38337	0.386727	0.384973	0.383373	0.38673	0.692235	0.688357	0.69705	0.692231	0.68835	0.697053	1.79813	1.79813	5.65906	
6.22131	2	43	6.22131	2	43	5.48462	2	39	0	0	0	0.389952	0.38869	0.39126	0.389954	0.38868	0.391263	0.701052	0.69886	0.705543	0.701054	0.698863	0.705543	1.79779	1.79779	5.65951	
6.24371	2	49	6.24371	2	49	5.5057	2	45	0	0	0	0.395009	0.393167	0.397207	0.395006	0.39317	0.397197	0.710141	0.7045	0.715577	0.710137	0.704503	0.715567	1.79778	1.79779	5.66686	
6.24893	2	50	6.24893	2	50	5.50676	2	48	0	0	0	0.400024	0.398363	0.402627	0.400024	0.398367	0.40263	0.719033	0.715263	0.72273	0.719026	0.715273	0.722733	1.79747	1.79746	5.66566	
6.26607	2	52	6.26607	2	52	5.52189	2	48	0	0	0	0.405089	0.40309	0.406393	0.405088	0.40309	0.406393	0.728214	0.72333	0.731237	0.728213	0.72333	0.731227	1.79766	1.79767	5.66407	
6.27524	2	44	6.27524	2	44	5.52831	2	43	0	0	0	0.410108	0.408213	0.411807	0.410109	0.408213	0.411807	0.737305	0.733977	0.74122	0.737309	0.733973	0.741213	1.79783	1.79784	5.66585	
6.2932	2	46	6.2932	2	46	5.54699	2	42	0	0	0	0.415085	0.4142	0.416767	0.415085	0.414183	0.416773	0.746271	0.74253	0.750153	0.746271	0.74252	0.75016	1.79788	1.79787	5.66987	
6.30049	2	46	6.30049	2	46	5.55043	2	43	0	0	0	0.420102	0.418253	0.42133	0.420102	0.41826	0.42131	0.755261	0.750157	0.759943	0.755265	0.75018	0.759933	1.7978	1.79781	5.6691	
6.32162	2	45	6.32162	2	45	5.56954	2	41	0	0	0	0.425086	0.423807	0.426337	0.425085	0.42381	0.426313	0.764183	0.760887	0.768857	0.764179	0.760877	0.76885	1.79771	1.79771	5.67269	
6.32993	2	51	6.32993	2	51	5.57484	2	48	0	0	0	0.4301	0.42872	0.43173	0.430098	0.428717	0.431733	0.773359	0.76845	0.77745	0.773358	0.768457	0.777453	1.79809	1.7981	5.67182	
6.34865	2	47	6.34864	2	47	5.5917	2	43	0	0	0	0.435073	0.4324	0.43784	0.435071	0.432397	0.437837	0.782345	0.777883	0.789433	0.782346	0.77789	0.789423	1.79819	1.79821	5.6723	
6.36566	2	48	6.36566	2	48	5.60674	2	44	0	0	0	0.440063	0.438263	0.441067	0.440066	0.43827	0.44107	0.791433	0.788127	0.79339	0.791439	0.78813	0.7934	1.79845	1.79845	5.67512	
6.37053	2	49	6.37053	2	49	5.6073	2	45	0	0	0	0.445105	0.44385	0.447273	0.445104	0.443857	0.447263	0.800465	0.795767	0.80475	0.800465	0.795777	0.80475	1.79837	1.79838	5.67382	
6.39307	2	48	6.39307	2	48	5.62763	2	44	0	0	0	0.450058	0.44845	0.451563	0.450056	0.448467	0.451557	0.809415	0.804397	0.814523	0.809415	0.8044	0.814543	1.79847	1.79848	5.67655	
6.40219	2	53	6.40219	2	53	5.63298	2	53	0	0	0	0.455178	0.45404	0.456367	0.455176	0.45403	0.45637	0.818735	0.814133	0.82382	0.818734	0.81414	0.82381	1.79871	1.79872	5.67864	
6.41626	2	68	6.41626	2	68	5.64722	2	64	0	0	0	0.460152	0.458843	0.462797	0.460153	0.45883	0.462783	0.827663	0.823687	0.83235	0.827661	0.82372	0.832353	1.79867	1.79867	5.67998	
6.42772	2	53	6.42771	2	53	5.65797	2	49	0	0	0	0.465125	0.46325	0.467117	0.465125	0.463233	0.467127	0.836574	0.8275	0.843463	0.83657	0.8275	0.843453	1.7986	1.79859	5.67855	
6.43466	2	53	6.43465	2	53	5.65514	2	49	0	0	0	0.470138	0.468543	0.471377	0.470138	0.46855	0.47138	0.845524	0.83959	0.849097	0.845522	0.83958	0.849097	1.79846	1.79845	5.68046	
6.46046	2	61	6.46046	2	61	5.68271	2	61	0	0	0	0.475104	0.473507	0.476767	0.475105	0.47351	0.476763	0.854463	0.851957	0.8578	0.854463	0.85195	0.85778	1.79848	1.79847	5.68155	
6.46341	2	74	6.46335	2	74	5.68073	2	70	0	0	0	0.480159	0.47844	0.481763	0.480155	0.478447	0.481763	0.863581	0.85808	0.868407	0.863579	0.858077	0.86841	1.79853	1.79854	5.68188	
6.48622	2	64	6.4862	2	64	5.70125	2	60	0	0	0	0.485168	0.483233	0.48779	0.485169	0.48323	0.487793	0.872531	0.86797	0.876697	0.872535	0.867977	0.876727	1.79841	1.79842	5.68474	
6.5006	2	64	6.50054	2	64	5.71266	2	60	0	0	0	0.490154	0.488937	0.49187	0.490156	0.48894	0.491867	0.881521	0.876403	0.887317	0.881522	0.876393	0.887327	1.79846	1.79845	5.68443	
6.50833	2	56	6.5082	2	56	5.71293	2	54	0	0	0	0.495149	0.493917	0.49729	0.495148	0.493923	0.49732	0.890599	0.883397	0.895597	0.890598	0.883397	0.89557	1.79865	1.79865	5.6846	
6.52536	2	57	6.52536	2	57	5.72567	2	57	0	0	0	0.50018	0.49779	0.501573	0.500176	0.49778	0.50157	0.899638	0.89503	0.906167	0.89963	0.895003	0.906167	1.79863	1.79863	5.68575	
6.53298	2	66	6.53294	2	66	5.73268	2	62	0	0	0	0.505154	0.503927	0.506447	0.505153	0.503933	0.506443	0.908572	0.902927	0.914627	0.908572	0.90292	0.91464	1.79861	1.79861	5.68716	
6.54719	2	67	6.54687	2	67	5.74209	2	63	0	0	0	0.510182	0.50877	0.510937	0.510183	0.50877	0.51094	0.917605	0.915217	0.9211	0.917607	0.915217	0.921113	1.79858	1.79858	5.68751	
6.56522	2	60	6.56521	2	60	5.75672	2	57	0	0	0	0.515203	0.513297	0.51664	0.515203	0.5133	0.51664	0.926658	0.921487	0.933543	0.926663	0.921503	0.933553	1.79863	1.79864	5.68845	
6.58135	2	56	6.58127	2	56	5.77052	2	52	0	0	0	0.52017	0.51878	0.52111	0.520171	0.51878	0.521097	0.935827	0.930847	0.93929	0.935827	0.930847	0.93929	1.79908	1.79907	5.69016	
6.58406	2	59	6.58375	2	59	5.76763	2	55	0	0	0	0.525166	0.523303	0.526787	0.525162	0.52331	0.526787	0.944874	0.94153	0.949657	0.944869	0.94152	0.949657	1.79919	1.79919	5.68881	
6.60721	2	59	6.6054	2	59	5.78608	2	55	0	0	0	0.530127	0.528947	0.531127	0.530133	0.528953	0.531123	0.953947	0.950517	0.959317	0.953948	0.950507	0.95931	1.79947	1.79945	5.6898	
6.60207	2	66	6.60207	2	66	5.77778	2	66	0	0	0	0.535111	0.53414	0.537357	0.535112	0.53414	0.537353	0.962989	0.95923	0.96844	0.962993	0.95924	0.96844	1.79961	1.79961	5.68871	
6.62777	2	59	6.62641	2	59	5.79652	2	59	0	0	0	0.540086	0.53898	0.541013	0.540086	0.538987	0.541003	0.971924	0.964473	0.976373	0.971924	0.964487	0.976373	1.79957	1.79957	5.68896	
6.64171	2	56	6.64098	2	56	5.80794	2	52	0	0	0	0.544999	0.541957	0.547713	0.545001	0.54196	0.547703	0.980847	0.976047	0.987503	0.980845	0.976047	0.987507	1.79972	1.79971	5.69035	
6.66037	2	60	6.64869	2	60	5.80737	2	56	0	0	0	0.55005	0.547727	0.551957	0.550051	0.547707	0.551957	0.989901	0.983527	0.99432	0.9899	0.98352	0.99432	1.79966	1.79965	5.69019	
6.76853	2	64	6.66254	2	64	5.81773	2	61	0	0	0	0.55467	0.55311	0.55669	0.554671	0.55311	0.5567	0.998163	0.995053	1	0.998162	0.995063	1	1.79956	1.79956	5.69229	
6.95913	2	70	6.66852	2	70	5.82275	2	70	0	0	0	0.555673	0.554833	0.556663	0.555673	0.554837	0.556663	1	1	1	0.999998	0.999993	1	1.79962	1.79962	5.69362	
7.06029	2	65	6.6529	2	65	5.81106	2	65	0	0	0	0.55567	0.554793	0.55665	0.55567	0.554787	0.55664	1	1	1	0.999999	0.999997	1	1.79963	1.79963	5.68928	
6.93386	2	62	6.67823	2	62	5.83159	2	58	0	0	0	0.555662	0.55476	0.556653	0.555664	0.554783	0.556647	1	1	1	0.999999	0.999993	1	1.79966	1.79965	5.69573	
7.06706	2	65	6.65342	2	65	5.81102	2	65	0	0	0	0.555661	0.55476	0.556667	0.555661	0.55476	0.556663	1	1	1	0.999999	0.999997	1	1.79966	1.79966	5.69039	
6.98809	2	59	6.68302	2	59	5.84209	2	59	0	0	0	0.55566	0.554753	0.55666	0.555662	0.55476	0.556667	1	1	1	0.999998	0.99999	1	1.79966	1.79965	5.68993	
6.98127	2	66	6.68246	2	66	5.83413	2	66	0	0	0	0.555662	0.554773	0.556667	0.555658	0.554753	0.556657	1	1	1	0.999998	0.999993	1	1.79965	1.79967	5.69377	
7.22305	2	58	6.66923	2	58	5.8273	2	54	0	0	0	0.55566	0.55476	0.556667	0.555661	0.554773	0.556663	1	1	1	0.999998	0.999983	1	1.79966	1.79966	5.69187	
7.27541	2	57	6.66719	2	57	5.82331	2	57	0	0	0	0.555661	0.554763	0.556663	0.55566	0.554743	0.556667	1	1	1	0.999999	0.999983	1	1.79966	1.79966	5.69176	
6.98162	2	66	6.68204	2	66	5.83571	2	66	0	0	0	0.55566	0.55476	0.556663	0.555658	0.55476	0.556663	1	1	1	0.999998	0.999997	1	1.79966	1.79967	5.69229	
6.87141	2	68	6.64419	2	68	5.80305	2	64	0	0	0	0.55566	0.55476	0.556663	0.555662	0.554757	0.556667	1	1	1	0.999998	0.999983	1	1.79966	1.79965	5.68977	
7.15265	2	68	6.67133	2	68	5.82392	2	68	0	0	0	0.555659	0.55476	0.55666	0.555656	0.554763	0.556657	1	1	1	0.999999	0.99999	1	1.79966	1.79967	5.69435	
7.18607	2	57	6.67466	2	57	5.83059	2	57	0	0	0	0.55566	0.55476	0.556667	0.555656	0.554763	0.556663	1	1	1	0.999998	0.99998	1	1.79966	1.79967	5.6924	
7.21614	2	54	6.66951	2	54	5.82244	2	50	0	0	0	0.55566	0.55476	0.556663	0.555663	0.55476	0.556653	1	1	1	0.999999	0.999993	1	1.79966	1.79965	5.69105	
6.96138	2	69	6.66865	2	69	5.82663	2	65	0	0	0	0.555659	0.55476	0.556653	0.555662	0.554763	0.556663	1	1	1	0.999998	0.99999	1	1.79966	1.79965	5.69179	
7.15962	2	64	6.66508	2	64	5.81964	2	60	0	0	0	0.555661	0.55476	0.55666	0.555657	0.554763	0.556667	1	1	1	0.999998	0.999987	1	1.79966	1.79967	5.69482	
7.22092	2	54	6.66781	2	54	5.82274	2	50	0	0	0	0.55566	0.55476	0.556657	0.555656	0.55476	0.556667	1	1	1	0.999998	0.999987	1	1.79966	1.79967	5.69123	
7.00189	2	66	6.68444	2	66	5.83526	2	66	0	0	0	0.555659	0.554763	0.556653	0.555658	0.554773	0.556653	1	1	1	0.999998	0.999997	1	1.79966	1.79967	5.69383	
7.16207	2	64	6.66406	2	64	5.81992	2	60	0	0	0	0.555659	0.55476	0.556653	0.555656	0.55476	0.556663	1	1	1	0.999998	0.999987	1	1.79966	1.79967	5.6937	
7.48405	2	59	6.66524	2	59	5.8195	2	59	0	0	0	0.55566	0.554763	0.556653	0.555661	0.55476	0.556653	1	1	1	0.999998	0.999987	1	1.79966	1.79965	5.69372	
7.16243	2	64	6.66328	2	64	5.81977	2	60	0	0	0	0.555661	0.554767	0.556653	0.555657	0.554757	0.55666	1	1	1	0.999998	0.999987	1	1.79966	1.79967	5.69287	
6.97506	2	69	6.67392	2	69	5.82863	2	65	0	0	0	0.555659	0.55476	0.556653	0.555662	0.55476	0.55666	1	1	1	0.999998	0.99999	1	1.79966	1.79965	5.69376	
7.16897	2	64	6.66661	2	64	5.82261	2	60	0	0	0	0.555661	0.554767	0.556653	0.555657	0.554757	0.55666	1	1	1	0.999998	0.999987	1	1.79966	1.79967	5.69279	
7.24751	2	56	6.66942	2	56	5.82552	2	56	0	0	0	0.555661	0.554773	0.556647	0.555658	0.554767	0.556653	1	1	1	0.999998	0.999987	1	1.79966	1.79967	5.69006	
7.01123	2	66	6.6775	2	66	5.8321	2	66	0	0	0	0.555661	0.55477	0.556653	0.555657	0.55477	0.55666	1	1	1	0.999998	0.999993	1	1.79966	1.79967	5.69154	
7.49011	2	59	6.66315	2	59	5.82022	2	59	0	0	0	0.555662	0.554773	0.55665	0.555661	0.554763	0.556663	1	1	1	0.999998	0.999987	1	1.79966	1.79965	5.69196	
7.20073	2	68	6.66734	2	68	5.82136	2	68	0	0	0	0.555662	0.554773	0.55665	0.555659	0.55476	0.556657	1	1	1	0.999999	0.99999	1	1.79966	1.79966	5.69227	
6.90581	2	68	6.64556	2	68	5.80368	2	64	0	0	0	0.555662	0.554773	0.55665	0.555658	0.554757	0.556667	1	1	1	0.999998	0.999983	1	1.79966	1.79966	5.69006	
7.01731	2	66	6.67597	2	66	5.82902	2	66	0	0	0	0.555662	0.554773	0.55665	0.555658	0.554763	0.556663	1	1	1	0.999998	0.999997	1	1.79966	1.79967	5.69323	
7.01882	2	66	6.67523	2	66	5.82872	2	66	0	0	0	0.555661	0.554773	0.556647	0.555658	0.55476	0.556663	1	1	1	0.999998	0.999997	1	1.79966	1.79967	5.69314	
6.99261	2	62	6.66781	2	62	5.8214	2	58	0	0	0	0.555661	0.554773	0.556647	0.555662	0.55476	0.556663	1	1	1	0.999999	0.999993	1	1.79966	1.79965	5.69435	
6.99515	2	62	6.66631	2	62	5.82123	2	58	0	0	0	0.555661	0.554773	0.556647	0.555662	0.55476	0.556667	1	1	1	0.999999	0.999993	1	1.79966	1.79965	5.69366	
6.99594	2	62	6.66503	2	62	5.82141	2	58	0	0	0	0.555661	0.554773	0.556647	0.555662	0.55476	0.556663	1	1	1	0.999999	0.999993	1	1.79966	1.79965	5.69295	
6.91991	2	68	6.64746	2	68	5.80549	2	64	0	0	0	0.55566	0.554773	0.556647	0.555658	0.554757	0.556663	1	1	1	0.999998	0.999983	1	1.79966	1.79966	5.69097	
7.30522	2	56	6.66918	2	56	5.82328	2	56	0	0	0	0.55566	0.554773	0.556647	0.555658	0.55477	0.556653	1	1	1	0.999998	0.999987	1	1.79966	1.79966	5.69176	
6.85409	2	63	6.66643	2	63	5.82421	2	59	0	0	0	0.55566	0.554773	0.556647	0.555661	0.554773	0.55665	1	1	1	0.999999	0.999993	1	1.79966	1.79966	5.69219	
6.98615	2	69	6.67393	2	69	5.83183	2	65	0	0	0	0.55566	0.554773	0.556647	0.555663	0.55476	0.556667	1	1	1	0.999998	0.99999	1	1.79966	1.79965	5.69239	
7.07258	2	61	6.6704	2	61	5.82412	2	61	0	0	0	0.55566	0.554773	0.556647	0.55566	0.554763	0.556657	1	1	1	0.999999	0.999993	1	1.79966	1.79966	5.69394	
6.98992	2	69	6.67539	2	69	5.83175	2	65	0	0	0	0.55566	0.554773	0.556647	0.555663	0.55476	0.556667	1	1	1	0.999998	0.99999	1	1.79966	1.79965	5.69223	
7.18947	2	64	6.66089	2	64	5.81867	2	60	0	0	0	0.55566	0.554773	0.556647	0.555658	0.554757	0.556667	1	1	1	0.999998	0.999987	1	1.79966	1.79967	5.69193	
7.27645	2	68	6.66848	2	68	5.82274	2	68	0	0	0	0.55566	0.554777	0.556647	0.555659	0.55476	0.556657	1	1	1	0.999999	0.99999	1	1.79966	1.79966	5.69255	
7.20015	2	64	6.66423	2	64	5.81889	2	60	0	0	0	0.55566	0.554773	0.556647	0.555658	0.554757	0.556667	1	1	1	0.999999	0.999987	1	1.79966	1.79967	5.69385	
6.93764	2	68	6.64902	2	68	5.80486	2	64	0	0	0	0.55566	0.554773	0.556647	0.555658	0.554757	0.55666	1	1	1	0.999998	0.999983	1	1.79966	1.79966	5.69192	
7.32824	2	61	6.66432	2	61	5.81843	2	61	0	0	0	0.55566	0.554777	0.556647	0.555656	0.55476	0.55665	1	1	1	0.999997	0.99999	1	1.79966	1.79967	5.69291	
7.15407	2	61	6.67381	2	61	5.82905	2	57	0	0	0	0.55566	0.554777	0.55665	0.555659	0.55476	0.556663	1	1	1	0.999998	0.999993	1	1.79966	1.79966	5.69288	
7.30211	2	71	6.65451	2	71	5.81107	2	71	0	0	0	0.55566	0.554773	0.556647	0.555661	0.554773	0.55665	1	1	1	0.999998	0.999983	1	1.79966	1.79966	5.69122	
7.37263	2	56	6.66877	2	56	5.82514	2	56	0	0	0	0.55566	0.554777	0.55665	0.555659	0.554773	0.556647	1	1	1	0.999998	0.999987	1	1.79966	1.79966	5.69053	
6.94603	2	68	6.64837	2	68	5.80562	2	64	0	0	0	0.55566	0.554777	0.55665	0.555658	0.554757	0.55666	1	1	1	0.999998	0.999983	1	1.79966	1.79966	5.69095	
7.29423	2	58	6.67959	2	58	5.83675	2	54	0	0	0	0.55566	0.554777	0.55665	0.555661	0.55476	0.556663	1	1	1	0.999998	0.999983	1	1.79966	1.79966	5.69178	
6.94761	2	68	6.64699	2	68	5.80506	2	64	0	0	0	0.55566	0.554777	0.55665	0.555658	0.554757	0.55666	1	1	1	0.999998	0.999983	1	1.79966	1.79966	5.69116	
7.01143	2	69	6.67566	2	69	5.83126	2	65	0	0	0	0.555661	0.554777	0.55665	0.555662	0.554757	0.556663	1	1	1	0.999998	0.99999	1	1.79966	1.79965	5.69404	
7.29934	2	58	6.68092	2	58	5.8393	2	54	0	0	0	0.55566	0.554777	0.55665	0.555661	0.55476	0.556663	1	1	1	0.999998	0.999983	1	1.79966	1.79966	5.69202	
7.30225	2	58	6.68137	2	58	5.83933	2	54	0	0	0	0.55566	0.554777	0.55665	0.555661	0.55476	0.556663	1	1	1	0.999998	0.999983	1	1.79966	1.79966	5.69105	
7.34792	2	61	6.66165	2	61	5.81701	2	61	0	0	0	0.555661	0.554777	0.55665	0.555656	0.55476	0.556653	1	1	1	0.999997	0.99999	1	1.79966	1.79967	5.69183	
7.1666	2	57	6.64987	2	57	5.8056	2	54	0	0	0	0.55566	0.554777	0.55665	0.555661	0.55476	0.55666	1	1	1	0.999999	0.999993	1	1.79966	1.79966	5.69322	
6.92047	2	67	6.66815	2	67	5.82494	2	63	0	0	0	0.55566	0.554777	0.55665	0.555656	0.554753	0.556653	1	1	1	0.999998	0.999993	1	1.79966	1.79967	5.69277	
7.05967	2	62	6.66373	2	62	5.81769	2	58	0	0	0	0.555661	0.554777	0.556653	0.55566	0.554763	0.556653	1	1	1	0.999999	0.999993	1	1.79966	1.79966	5.69451	
6.92527	2	67	6.66977	2	67	5.82475	2	63	0	0	0	0.55566	0.554777	0.55665	0.555656	0.554753	0.556653	1	1	1	0.999998	0.999993	1	1.79966	1.79967	5.69338	
6.92811	2	67	6.66969	2	67	5.82517	2	63	0	0	0	0.55566	0.554777	0.55665	0.555656	0.554753	0.556653	1	1	1	0.999998	0.999993	1	1.79966	1.79967	5.69386	
7.35379	2	56	6.65763	2	56	5.81204	2	52	0	0	0	0.555661	0.554777	0.556653	0.555659	0.55476	0.556657	1	1	1	0.999999	0.999993	1	1.79966	1.79967	5.69227	
7.45147	2	56	6.66944	2	56	5.82792	2	56	0	0	0	0.555661	0.554777	0.556653	0.555659	0.554773	0.556647	1	1	1	0.999998	0.999987	1	1.79966	1.79966	5.69014	
7.36003	2	56	6.65668	2	56	5.81172	2	52	0	0	0	0.555661	0.554777	0.556653	0.555659	0.55476	0.556657	1	1	1	0.999999	0.999993	1	1.79966	1.79967	5.69194	
7.36415	2	56	6.6559	2	56	5.81184	2	52	0	0	0	0.555661	0.554777	0.556653	0.555659	0.55476	0.556657	1	1	1	0.999999	0.999993	1	1.79966	1.79967	5.69171	
7.36861	2	56	6.65571	2	56	5.81162	2	52	0	0	0	0.555661	0.554777	0.556653	0.555659	0.55476	0.556657	1	1	1	0.999999	0.999993	1	1.79966	1.79967	5.69149	
6.99588	2	68	6.64768	2	68	5.80538	2	64	0	0	0	0.555661	0.554777	0.556653	0.555658	0.554757	0.556657	1	1	1	0.999998	0.999983	1	1.79966	1.79967	5.69084	
7.00002	2	68	6.64797	2	68	5.80558	2	64	0	0	0	0.555661	0.554777	0.556653	0.555658	0.554757	0.556657	1	1	1	0.999998	0.999983	1	1.79966	1.79967	5.69072	
6.89403	2	63	6.66615	2	63	5.82228	2	59	0	0	0	0.555661	0.554777	0.556653	0.555661	0.554767	0.556647	1	1	1	0.999999	0.999993	1	1.79966	1.79966	5.69257	
6.89636	2	63	6.66635	2	63	5.82317	2	59	0	0	0	0.555661	0.554777	0.556653	0.555661	0.554767	0.556647	1	1	1	0.999999	0.999993	1	1.79966	1.79966	5.693	
7.27701	2	64	6.66335	2	64	5.82077	2	60	0	0	0	0.555661	0.554777	0.556653	0.555656	0.554757	0.55666	1	1	1	0.999998	0.999987	1	1.79966	1.79967	5.69263	
7.09442	2	66	6.66805	2	66	5.82338	2	66	0	0	0	0.555661	0.554777	0.556653	0.555659	0.554767	0.55665	1	1	1	0.999998	0.999997	1	1.79966	1.79966	5.69209	
7.09545	2	66	6.66796	2	66	5.82284	2	66	0	0	0	0.555661	0.554777	0.556653	0.555659	0.554767	0.55665	1	1	1	0.999998	0.999997	1	1.79966	1.79966	5.69278	
7.43058	2	68	6.66263	2	68	5.81794	2	68	0	0	0	0.555661	0.554777	0.556653	0.555659	0.554767	0.556653	1	1	1	0.999999	0.99999	1	1.79966	1.79966	5.69202	
7.43444	2	68	6.66262	2	68	5.81837	2	68	0	0	0	0.555661	0.554777	0.556653	0.555659	0.554767	0.556653	1	1	1	0.999999	0.99999	1	1.79966	1.79966	5.69206	
6.95673	2	67	6.66597	2	67	5.82199	2	63	0	0	0	0.555661	0.554777	0.556653	0.555657	0.554753	0.556653	1	1	1	0.999998	0.999993	1	1.79966	1.79967	5.69331	
7.60224	2	67	6.67185	2	67	5.82804	2	63	0	0	0	0.555661	0.554777	0.556653	0.555661	0.554773	0.556667	1	1	1	0.999998	0.999987	1	1.79966	1.79966	5.69329	
7.60636	2	67	6.67238	2	67	5.82819	2	63	0	0	0	0.555661	0.554777	0.556653	0.555661	0.554773	0.556667	1	1	1	0.999998	0.999987	1	1.79966	1.79966	5.69325	
7.6088	2	67	6.67262	2	67	5.82799	2	63	0	0	0	0.555661	0.554777	0.556653	0.555661	0.554773	0.556667	1	1	1	0.999998	0.999987	1	1.79966	1.79966	5.69355	
7.20023	2	61	6.66792	2	61	5.8236	2	57	0	0	0	0.555661	0.554777	0.556653	0.555658	0.55476	0.556657	1	1	1	0.999998	0.999993	1	1.79966	1.79967	5.69262	
7.44544	2	63	6.65917	2	63	5.81506	2	59	0	0	0	0.555661	0.554777	0.556653	0.555658	0.55476	0.556653	1	1	1	0.999999	0.999993	1	1.79966	1.79967	5.69185	
7.44868	2	63	6.65873	2	63	5.81449	2	59	0	0	0	0.555661	0.554777	0.556653	0.555658	0.55476	0.556653	1	1	1	0.999999	0.999993	1	1.79966	1.79967	5.69145	
7.45355	2	63	6.65892	2	63	5.81631	2	59	0	0	0	0.555661	0.554777	0.556653	0.555658	0.55476	0.556653	1	1	1	0.999999	0.999993	1	1.79966	1.79967	5.69156	
7.45926	2	63	6.66064	2	63	5.81732	2	59	0	0	0	0.555661	0.554777	0.556653	0.555658	0.55476	0.556653	1	1	1	0.999999	0.999993	1	1.79966	1.79967	5.6912	
7.46479	2	63	6.66169	2	63	5.81759	2	59	0	0	0	0.555661	0.554777	0.556653	0.555658	0.55476	0.556653	1	1	1	0.999999	0.999993	1	1.79966	1.79967	5.69175	
7.46836	2	63	6.6612	2	63	5.8171	2	59	0	0	0	0.555661	0.554777	0.556653	0.555658	0.55476	0.556653	1	1	1	0.999999	0.999993	1	1.79966	1.79967	5.69163	
7.47194	2	63	6.66096	2	63	5.81744	2	59	0	0	0	0.555661	0.554777	0.556653	0.555658	0.55476	0.556653	1	1	1	0.999999	0.999993	1	1.79966	1.79967	5.69161	
7.47746	2	63	6.66178	2	63	5.81712	2	59	0	0	0	0.555661	0.554777	0.556653	0.555658	0.55476	0.556653	1	1	1	0.999999	0.999993	1	1.79966	1.79967	5.69173	
7.58563	2	56	6.67196	2	56	5.82933	2	56	0	0	0	0.555661	0.554777	0.556653	0.55566	0.554773	0.556647	1	1	1	0.999998	0.999987	1	1.79966	1.79966	5.69124	
7.59017	2	56	6.6719	2	56	5.82914	2	56	0	0	0	0.555661	0.554777	0.556653	0.55566	0.554773	0.556647	1	1	1	0.999998	0.999987	1	1.79966	1.79966	5.69141	
7.59475	2	56	6.67186	2	56	5.82943	2	56	0	0	0	0.555661	0.554777	0.556653	0.55566	0.554773	0.556647	1	1	1	0.999998	0.999987	1	1.79966	1.79966	5.69135	
7.60009	2	56	6.67291	2	56	5.83036	2	56	0	0	0	0.555661	0.554777	0.556653	0.55566	0.554773	0.556647	1	1	1	0.999998	0.999987	1	1.79966	1.79966	5.69143	
