3.80922	1	16	3.80922	1	16	3.03089	1	12	0	0	0	0.00503313	0.00481	0.00530333	0.00503292	0.00485333	0.00523333	0.00901479	0.00842333	0.00938667	0.00901458	0.00845333	0.00953333	1.79109	1.79113	4.01461	
3.81034	1	16	3.81034	1	16	3.00637	1	12	0	0	0	0.0100071	0.00965667	0.0101967	0.0100069	0.00964667	0.01039	0.0181071	0.0176567	0.0190767	0.0181071	0.01748	0.01876	1.80943	1.80946	3.99384	
3.81031	1	16	3.81031	1	16	3.02398	1	14	0	0	0	0.0149985	0.0147133	0.0155233	0.0149981	0.0148167	0.01522	0.0269394	0.0256067	0.0280867	0.026939	0.02633	0.0278433	1.79613	1.79616	4.00417	
3.81048	1	16	3.81048	1	16	3.01974	1	12	0	0	0	0.019986	0.01961	0.02052	0.0199858	0.01966	0.0203033	0.0358335	0.03493	0.03684	0.0358333	0.0350033	0.03669	1.79293	1.79294	4.0052	
3.81234	1	19	3.81234	1	19	3.02096	1	15	0	0	0	0.0249837	0.0244333	0.0254267	0.024984	0.0247	0.0254733	0.0448033	0.0432067	0.0459867	0.0448044	0.0433767	0.04618	1.7933	1.79333	4.00272	
3.8119	1	17	3.8119	1	17	3.0081	1	16	0	0	0	0.0300242	0.0295467	0.03048	0.030024	0.0292733	0.0305967	0.0540175	0.05332	0.0554333	0.0540173	0.05254	0.0554367	1.79913	1.79914	3.99219	
3.82578	1	18	3.82578	1	18	3.02059	1	16	0	0	0	0.0350258	0.03456	0.0356267	0.0350256	0.0344667	0.0356367	0.0631567	0.0616533	0.06481	0.0631565	0.06177	0.0643333	1.80315	1.80315	3.99937	
3.8282	1	19	3.8282	1	19	3.02954	1	16	0	0	0	0.0400277	0.03946	0.04073	0.0400277	0.03949	0.0405033	0.0721635	0.0709767	0.07374	0.0721642	0.07009	0.0736167	1.80284	1.80286	3.99653	
3.82976	1	20	3.82976	1	20	3.02901	1	16	0	0	0	0.0450169	0.0439567	0.0456967	0.0450173	0.0445133	0.0458567	0.0811485	0.0793167	0.08211	0.0811494	0.0791133	0.0825967	1.80262	1.80263	3.99541	
3.83711	1	21	3.83711	1	21	3.03845	1	18	0	0	0	0.0499998	0.0493	0.0506933	0.0499998	0.0491	0.0508833	0.0900577	0.0887133	0.0915567	0.0900581	0.0884933	0.0920333	1.80116	1.80117	4.00104	
3.83913	1	20	3.83913	1	20	3.03753	1	16	0	0	0	0.0550015	0.05412	0.0556867	0.0550015	0.05423	0.05599	0.0989573	0.0961867	0.101667	0.0989569	0.0973667	0.10109	1.79918	1.79917	4.00098	
3.84322	1	20	3.84322	1	20	3.05164	1	16	0	0	0	0.0599671	0.0591933	0.0606667	0.0599673	0.0593167	0.0608333	0.107884	0.10628	0.110047	0.107884	0.10633	0.110247	1.79905	1.79904	4.00107	
3.84468	1	27	3.84468	1	27	3.05509	1	23	0	0	0	0.0650215	0.0644433	0.06613	0.0650215	0.0643067	0.06615	0.116787	0.114973	0.119243	0.116787	0.114763	0.11975	1.79613	1.79613	4.00081	
3.84685	1	19	3.84685	1	19	3.049	1	18	0	0	0	0.0699785	0.0688767	0.0706767	0.0699788	0.0693367	0.07104	0.125762	0.123223	0.12785	0.125762	0.123577	0.129007	1.79715	1.79715	3.99965	
3.85363	1	23	3.85363	1	23	3.05942	1	19	0	0	0	0.0749754	0.0739667	0.0760933	0.0749752	0.0743267	0.0759933	0.134679	0.132943	0.137253	0.134678	0.132207	0.137433	1.79631	1.7963	4.00303	
3.86046	1	21	3.86046	1	21	3.0649	1	18	0	0	0	0.0799906	0.0789433	0.0806033	0.0799906	0.0791933	0.0808833	0.143754	0.1418	0.145303	0.143754	0.14093	0.14601	1.79713	1.79714	4.00339	
3.86458	1	20	3.86458	1	20	3.06596	1	18	0	0	0	0.0850135	0.0841767	0.08594	0.0850133	0.0843767	0.0859067	0.152908	0.15066	0.154753	0.152906	0.150483	0.154637	1.79864	1.79862	4.00207	
3.86952	1	25	3.86952	1	25	3.07161	1	21	0	0	0	0.0900248	0.0892033	0.09142	0.0900256	0.0891133	0.09116	0.16201	0.159603	0.16706	0.162011	0.15898	0.16389	1.79961	1.79961	4.00043	
3.87463	1	21	3.87463	1	21	3.07966	1	17	0	0	0	0.0950098	0.0942767	0.09608	0.0950106	0.0940267	0.0964067	0.170997	0.16884	0.173027	0.170998	0.16776	0.173433	1.79979	1.79978	4.00334	
3.87686	1	23	3.87686	1	23	3.0733	1	19	0	0	0	0.100001	0.0992933	0.10096	0.100001	0.09872	0.10145	0.180058	0.177937	0.182947	0.180059	0.17672	0.18333	1.80056	1.80057	3.99988	
3.88429	1	24	3.88429	1	24	3.08795	1	20	0	0	0	0.105056	0.104367	0.105867	0.105056	0.103987	0.106647	0.189182	0.1872	0.191547	0.189183	0.18624	0.192593	1.80077	1.80078	4.00163	
3.89047	1	23	3.89047	1	23	3.09223	1	21	0	0	0	0.110075	0.108663	0.11093	0.110076	0.10925	0.11175	0.198212	0.19493	0.200707	0.198213	0.196167	0.202417	1.80071	1.8007	4.00328	
3.89453	1	22	3.89453	1	22	3.09932	1	22	0	0	0	0.115057	0.113993	0.11592	0.115057	0.113957	0.11677	0.207168	0.20457	0.210507	0.207167	0.204103	0.21237	1.80056	1.80056	4.0027	
3.89849	1	21	3.89849	1	21	3.1018	1	20	0	0	0	0.120091	0.11929	0.121323	0.120092	0.119157	0.122063	0.216163	0.21313	0.21876	0.216167	0.213493	0.221263	1.8	1.80002	4.00494	
3.90419	1	24	3.90419	1	24	3.10525	1	20	0	0	0	0.125085	0.12432	0.126297	0.125085	0.123813	0.126907	0.22529	0.223193	0.229163	0.225289	0.222693	0.230323	1.80109	1.80109	4.00271	
3.90937	1	25	3.90937	1	25	3.11555	1	21	0	0	0	0.130036	0.12924	0.131267	0.130036	0.128733	0.131547	0.23412	0.231557	0.23707	0.234122	0.231667	0.23868	1.80043	1.80044	4.004	
3.91243	1	28	3.91243	1	28	3.11353	1	24	0	0	0	0.135046	0.134093	0.136103	0.135047	0.13397	0.136863	0.243109	0.241307	0.245997	0.243107	0.241153	0.248143	1.80019	1.80017	4.00231	
3.91481	1	21	3.91481	1	21	3.11897	1	21	0	0	0	0.140089	0.13944	0.141097	0.140089	0.13869	0.142097	0.252135	0.24934	0.25455	0.252133	0.250043	0.257657	1.79982	1.79981	4.00038	
3.92842	1	32	3.92842	1	32	3.12975	1	28	0	0	0	0.145101	0.143857	0.14625	0.145101	0.143967	0.14687	0.261322	0.259377	0.263003	0.261323	0.259287	0.266137	1.80097	1.80098	4.00657	
3.92713	1	24	3.92713	1	24	3.12762	1	20	0	0	0	0.150073	0.148857	0.15121	0.150073	0.14875	0.15162	0.270177	0.26602	0.273463	0.270176	0.267667	0.274967	1.80031	1.8003	4.00127	
3.93293	1	27	3.93293	1	27	3.13999	1	23	0	0	0	0.155095	0.153963	0.155983	0.155095	0.153553	0.156497	0.279321	0.275037	0.28224	0.279321	0.276473	0.284243	1.80096	1.80097	4.00172	
3.9363	1	24	3.9363	1	24	3.13829	1	20	0	0	0	0.160132	0.159087	0.161083	0.160131	0.158517	0.161477	0.288289	0.285193	0.291183	0.288288	0.285423	0.29289	1.80032	1.80033	4.00116	
3.94979	1	27	3.94979	1	27	3.15068	1	23	0	0	0	0.165183	0.164203	0.166453	0.165184	0.163547	0.16656	0.297368	0.293813	0.300543	0.29737	0.294467	0.301827	1.80023	1.80024	4.00704	
3.95421	1	24	3.95421	1	24	3.1545	1	22	0	0	0	0.170181	0.169017	0.171337	0.170179	0.168733	0.171793	0.306336	0.302677	0.31067	0.306335	0.30321	0.311047	1.80006	1.80007	4.00529	
3.95566	1	26	3.95566	1	26	3.15899	1	22	0	0	0	0.175217	0.174117	0.176273	0.175217	0.173847	0.17675	0.315385	0.312637	0.31849	0.315385	0.312303	0.319443	1.79997	1.79997	4.00146	
3.9613	1	25	3.9613	1	25	3.16624	1	21	0	0	0	0.18028	0.178787	0.181217	0.180281	0.179097	0.18157	0.324327	0.32116	0.326523	0.324326	0.320703	0.32841	1.79901	1.79901	4.0034	
3.9629	1	25	3.9629	1	25	3.1733	1	21	0	0	0	0.18528	0.18345	0.18669	0.185281	0.183917	0.187003	0.333208	0.331463	0.33741	0.33321	0.328717	0.337	1.7984	1.7984	4.00181	
3.97215	1	31	3.97215	1	31	3.17828	1	27	0	0	0	0.190258	0.18945	0.191683	0.190258	0.188933	0.191603	0.34208	0.339013	0.34423	0.342078	0.337773	0.346067	1.79798	1.79797	4.00383	
3.97967	1	31	3.97967	1	31	3.18676	1	27	0	0	0	0.195212	0.19321	0.1966	0.195212	0.193913	0.19685	0.350996	0.34645	0.353823	0.350996	0.346883	0.354703	1.79803	1.79802	4.0062	
3.98498	1	30	3.98498	1	30	3.19467	1	26	0	0	0	0.200214	0.19899	0.201843	0.200212	0.19862	0.20177	0.360125	0.35611	0.364773	0.360123	0.35498	0.363777	1.7987	1.79871	4.0054	
3.99474	1	29	3.99474	1	29	3.20177	1	25	0	0	0	0.205178	0.203447	0.206533	0.205178	0.203343	0.206597	0.369072	0.365927	0.371617	0.369073	0.363997	0.372773	1.79879	1.7988	4.00704	
3.99675	1	28	3.99675	1	28	3.2056	1	24	0	0	0	0.210146	0.209193	0.210833	0.210145	0.20821	0.211467	0.377912	0.37409	0.37995	0.377909	0.372417	0.381203	1.79833	1.79833	4.00385	
4.00262	1	28	4.00262	1	28	3.20703	1	25	0	0	0	0.215113	0.214033	0.21652	0.215113	0.21349	0.21649	0.386873	0.383873	0.390327	0.38687	0.381597	0.38988	1.79846	1.79845	4.00392	
4.01103	1	28	4.01103	1	28	3.21655	1	24	0	0	0	0.220135	0.218983	0.22155	0.220136	0.218303	0.221567	0.395772	0.393563	0.397797	0.395773	0.390117	0.398797	1.79786	1.79785	4.00566	
4.01751	1	29	4.01751	1	29	3.22569	1	29	0	0	0	0.225164	0.224647	0.225963	0.225164	0.22333	0.22665	0.404797	0.402063	0.407097	0.404799	0.399803	0.407763	1.79779	1.7978	4.00543	
4.0227	1	31	4.0227	1	31	3.22962	1	27	0	0	0	0.230132	0.228587	0.232	0.230132	0.228147	0.231783	0.413767	0.408927	0.41791	0.413769	0.408693	0.416877	1.79796	1.79796	4.00548	
4.03049	1	32	4.03049	1	32	3.23912	1	28	0	0	0	0.23507	0.23383	0.23663	0.235071	0.233253	0.236853	0.422628	0.418507	0.42607	0.422629	0.41788	0.42556	1.79788	1.79788	4.00666	
4.03786	1	29	4.03786	1	29	3.24586	1	27	0	0	0	0.24003	0.238893	0.242187	0.24003	0.238267	0.241723	0.43155	0.427747	0.436627	0.431551	0.42708	0.434527	1.7979	1.7979	4.00602	
4.04653	1	31	4.04653	1	31	3.25569	1	27	0	0	0	0.24505	0.244253	0.246043	0.24505	0.24346	0.246743	0.440688	0.436627	0.444483	0.440689	0.435887	0.443357	1.79836	1.79836	4.0088	
4.05526	1	28	4.05526	1	28	3.26307	1	24	0	0	0	0.249961	0.248477	0.25131	0.249961	0.24841	0.251763	0.449549	0.445797	0.452603	0.449547	0.44541	0.452243	1.79847	1.79847	4.00736	
4.05935	1	28	4.05935	1	28	3.26725	1	24	0	0	0	0.254964	0.25383	0.256647	0.254964	0.25351	0.256927	0.458597	0.45551	0.46243	0.458596	0.454403	0.461633	1.79868	1.79867	4.0065	
4.06675	1	37	4.06675	1	37	3.2769	1	33	0	0	0	0.259973	0.2587	0.261123	0.259975	0.25846	0.261463	0.467604	0.46453	0.470857	0.467607	0.46303	0.470617	1.79867	1.79866	4.00598	
4.07553	1	30	4.07553	1	30	3.28608	1	26	0	0	0	0.265002	0.26314	0.266663	0.265002	0.263273	0.26632	0.476581	0.4737	0.478723	0.476583	0.472487	0.48008	1.79841	1.79841	4.00751	
4.08267	1	28	4.08267	1	28	3.2938	1	27	0	0	0	0.270024	0.26872	0.271523	0.270022	0.268423	0.271377	0.485605	0.481313	0.491187	0.4856	0.48163	0.48851	1.79838	1.79838	4.00622	
4.09235	1	40	4.09235	1	40	3.30157	1	36	0	0	0	0.275017	0.274063	0.276677	0.275016	0.273437	0.27668	0.494525	0.490707	0.49701	0.494523	0.49064	0.497613	1.79816	1.79816	4.00882	
4.09727	1	29	4.09726	1	29	3.30882	1	26	0	0	0	0.280041	0.278987	0.28115	0.28004	0.27853	0.282013	0.503516	0.49919	0.50723	0.503516	0.50048	0.50726	1.79801	1.79801	4.00757	
4.1077	1	36	4.1077	1	36	3.3177	1	32	0	0	0	0.285015	0.28285	0.286227	0.285015	0.2836	0.286997	0.512439	0.509477	0.517123	0.51244	0.509627	0.51614	1.79794	1.79794	4.00904	
4.11116	1	33	4.11116	1	33	3.32216	1	29	0	0	0	0.290035	0.288213	0.29115	0.290034	0.288327	0.292347	0.521427	0.518177	0.52464	0.521426	0.517843	0.526007	1.79781	1.79781	4.00628	
4.12571	1	36	4.12571	1	36	3.33748	1	32	0	0	0	0.295025	0.293633	0.29691	0.295024	0.293253	0.297367	0.530447	0.52501	0.53639	0.530445	0.527003	0.534877	1.79797	1.79797	4.0093	
4.13288	1	39	4.13288	1	39	3.34506	1	35	0	0	0	0.300039	0.298963	0.301397	0.300037	0.297633	0.302247	0.539366	0.534617	0.545557	0.539363	0.53534	0.54306	1.79766	1.79766	4.00883	
4.14222	1	34	4.14222	1	34	3.35271	1	30	0	0	0	0.305054	0.30396	0.306623	0.305053	0.302197	0.306977	0.548402	0.545333	0.551867	0.548398	0.5434	0.551897	1.79772	1.79772	4.00947	
4.15123	1	34	4.15123	1	34	3.36223	1	30	0	0	0	0.310057	0.30876	0.311037	0.310058	0.30722	0.311847	0.557393	0.555433	0.56053	0.557395	0.552417	0.561413	1.79771	1.79771	4.01229	
4.15906	1	32	4.15905	1	32	3.37207	1	29	0	0	0	0.315018	0.3131	0.315813	0.315018	0.312307	0.316803	0.56651	0.56362	0.569487	0.56651	0.561713	0.570617	1.79834	1.79834	4.01046	
4.17156	1	32	4.17156	1	32	3.38784	1	28	0	0	0	0.319978	0.318667	0.321327	0.319979	0.317407	0.32171	0.575376	0.57096	0.578647	0.575377	0.570833	0.579307	1.79817	1.79817	4.01419	
4.17774	1	38	4.17774	1	38	3.3878	1	34	0	0	0	0.324963	0.323333	0.32657	0.324963	0.323073	0.326607	0.584288	0.579693	0.590617	0.584287	0.58	0.58822	1.79801	1.79801	4.01074	
4.19163	1	35	4.19163	1	35	3.4009	1	31	0	0	0	0.329995	0.328477	0.331403	0.329994	0.328283	0.331553	0.593321	0.589803	0.597323	0.59332	0.589667	0.597217	1.79797	1.79797	4.01385	
4.19731	1	28	4.19731	1	28	3.40981	1	24	0	0	0	0.33498	0.33369	0.336843	0.334978	0.332957	0.33651	0.602199	0.596837	0.608647	0.602194	0.598897	0.606727	1.79772	1.79771	4.01306	
4.20853	1	36	4.20853	1	36	3.42213	1	32	0	0	0	0.339972	0.3384	0.341493	0.339974	0.337773	0.341583	0.611186	0.606573	0.61572	0.611187	0.60756	0.616453	1.79775	1.79775	4.01395	
4.22162	1	35	4.22162	1	35	3.43474	1	31	0	0	0	0.344972	0.34323	0.347067	0.344969	0.342767	0.34671	0.620326	0.61706	0.624693	0.620322	0.61694	0.625537	1.79819	1.7982	4.01635	
4.23287	1	39	4.23286	1	39	3.44576	1	35	0	0	0	0.350013	0.348187	0.352047	0.35001	0.347747	0.351607	0.629309	0.624293	0.634783	0.629303	0.625783	0.634897	1.79796	1.79796	4.01659	
4.24415	1	38	4.24415	1	38	3.45853	1	34	0	0	0	0.354954	0.353333	0.35686	0.354952	0.352633	0.35659	0.638292	0.63419	0.642183	0.638291	0.63462	0.643977	1.79824	1.79825	4.01756	
4.25255	1	33	4.25255	1	33	3.46851	1	29	0	0	0	0.35996	0.35773	0.361793	0.359963	0.358007	0.361533	0.647306	0.642303	0.65166	0.64731	0.64403	0.65255	1.79827	1.79827	4.01583	
4.26311	1	35	4.2631	1	35	3.47733	1	31	0	0	0	0.364936	0.363277	0.366163	0.364943	0.36292	0.36645	0.656224	0.650983	0.659817	0.656236	0.652747	0.661867	1.79819	1.79819	4.01729	
4.27537	1	39	4.27535	1	39	3.49064	1	35	0	0	0	0.369957	0.368493	0.371237	0.369959	0.36801	0.37141	0.665191	0.659613	0.66898	0.665191	0.661457	0.67068	1.79802	1.79801	4.02017	
4.28288	1	36	4.28288	1	36	3.49848	1	32	0	0	0	0.374921	0.373173	0.376247	0.374921	0.37276	0.37672	0.674083	0.66984	0.677047	0.67408	0.670163	0.679977	1.79793	1.79792	4.01796	
4.29474	1	38	4.29474	1	38	3.51003	1	34	0	0	0	0.379932	0.37863	0.381637	0.379937	0.377503	0.381577	0.683162	0.678603	0.68721	0.683174	0.67857	0.68874	1.79812	1.79812	4.01936	
4.31479	1	35	4.31477	1	35	3.53092	1	33	0	0	0	0.384976	0.38337	0.386727	0.384977	0.382377	0.386743	0.692235	0.688357	0.69705	0.692239	0.687483	0.697883	1.79813	1.79813	4.02361	
4.32228	1	36	4.32228	1	36	3.54031	1	34	0	0	0	0.389952	0.38869	0.39126	0.389954	0.387597	0.392157	0.701052	0.69886	0.705543	0.701051	0.69595	0.70698	1.79779	1.79778	4.02044	
4.33105	1	43	4.33103	1	43	3.54785	1	39	0	0	0	0.395009	0.393167	0.397207	0.395008	0.392747	0.396773	0.710141	0.7045	0.715577	0.710138	0.705107	0.716367	1.79778	1.79778	4.0207	
4.34717	1	44	4.34715	1	44	3.56654	1	40	0	0	0	0.400024	0.398363	0.402627	0.400025	0.397747	0.401717	0.719033	0.715263	0.72273	0.71903	0.714007	0.725107	1.79747	1.79746	4.02354	
4.36293	1	39	4.36288	1	39	3.58483	1	35	0	0	0	0.405089	0.40309	0.406393	0.405088	0.402917	0.406697	0.728214	0.72333	0.731237	0.728213	0.723153	0.734257	1.79766	1.79766	4.02619	
4.37011	1	37	4.37009	1	37	3.59243	1	33	0	0	0	0.410108	0.408213	0.411807	0.410108	0.407957	0.411973	0.737305	0.733977	0.74122	0.737309	0.7317	0.742967	1.79783	1.79784	4.02465	
4.3844	1	37	4.38439	1	37	3.60343	1	33	0	0	0	0.415085	0.4142	0.416767	0.415089	0.41298	0.41691	0.746271	0.74253	0.750153	0.74628	0.74188	0.751983	1.79788	1.79788	4.02476	
4.39707	1	39	4.39705	1	39	3.61979	1	35	0	0	0	0.420102	0.418253	0.42133	0.420104	0.417957	0.42188	0.755261	0.750157	0.759943	0.755265	0.75084	0.76105	1.7978	1.7978	4.02628	
4.41222	1	40	4.41207	1	40	3.63548	1	38	0	0	0	0.425086	0.423807	0.426337	0.425083	0.42284	0.42678	0.764183	0.760887	0.768857	0.764177	0.758933	0.770737	1.79771	1.79771	4.0287	
4.42055	1	36	4.42054	1	36	3.64473	1	33	0	0	0	0.4301	0.42872	0.43173	0.430098	0.42776	0.432023	0.773359	0.76845	0.77745	0.773364	0.76824	0.781023	1.79809	1.79811	4.02628	
4.44025	1	40	4.44018	1	40	3.66501	1	36	0	0	0	0.435073	0.4324	0.43784	0.435067	0.432633	0.43684	0.782345	0.777883	0.789433	0.782345	0.776733	0.78956	1.79819	1.79822	4.02822	
4.45447	1	43	4.45444	1	43	3.67768	1	39	0	0	0	0.440063	0.438263	0.441067	0.440062	0.43759	0.442063	0.791433	0.788127	0.79339	0.791428	0.785537	0.79857	1.79845	1.79845	4.0307	
4.46655	1	43	4.46652	1	43	3.69173	1	39	0	0	0	0.445105	0.44385	0.447273	0.445102	0.44292	0.447047	0.800465	0.795767	0.80475	0.800463	0.794167	0.807967	1.79837	1.79838	4.0306	
4.48224	1	43	4.48222	1	43	3.70615	1	39	0	0	0	0.450058	0.44845	0.451563	0.450062	0.44833	0.45221	0.809415	0.804397	0.814523	0.80942	0.803063	0.816637	1.79847	1.79846	4.03299	
4.49984	1	48	4.4998	1	48	3.7275	1	44	0	0	0	0.455178	0.45404	0.456367	0.455179	0.453423	0.457393	0.818735	0.814133	0.82382	0.818734	0.811923	0.82551	1.79871	1.79871	4.03288	
4.51784	1	39	4.51775	1	39	3.74583	1	35	0	0	0	0.460152	0.458843	0.462797	0.460154	0.458233	0.462203	0.827663	0.823687	0.83235	0.827659	0.820693	0.835413	1.79867	1.79866	4.03474	
4.53144	1	44	4.53143	1	44	3.76072	1	40	0	0	0	0.465125	0.46325	0.467117	0.465129	0.462953	0.46711	0.836574	0.8275	0.843463	0.836581	0.830417	0.843817	1.7986	1.7986	4.03499	
4.54674	1	42	4.54671	1	42	3.7733	1	38	0	0	0	0.470138	0.468543	0.471377	0.470133	0.46786	0.472267	0.845524	0.83959	0.849097	0.845514	0.83991	0.852207	1.79846	1.79846	4.03681	
4.56146	1	42	4.56137	1	42	3.7904	1	38	0	0	0	0.475104	0.473507	0.476767	0.475104	0.47271	0.476987	0.854463	0.851957	0.8578	0.854468	0.848897	0.862093	1.79848	1.79849	4.0385	
4.58346	1	39	4.58332	1	39	3.81453	1	39	0	0	0	0.480159	0.47844	0.481763	0.480157	0.47775	0.48213	0.863581	0.85808	0.868407	0.86358	0.85715	0.871303	1.79853	1.79854	4.04052	
4.59484	1	62	4.59465	1	62	3.82503	1	58	0	0	0	0.485168	0.483233	0.48779	0.485157	0.482463	0.48716	0.872531	0.86797	0.876697	0.872516	0.86659	0.87999	1.79841	1.79842	4.04022	
4.61053	1	58	4.61027	1	58	3.84195	1	54	0	0	0	0.490154	0.488937	0.49187	0.490157	0.48735	0.492127	0.881521	0.876403	0.887317	0.881533	0.875317	0.88839	1.79846	1.79847	4.03993	
4.62905	1	46	4.62864	1	46	3.86208	1	42	0	0	0	0.495149	0.493917	0.49729	0.495153	0.492577	0.4968	0.890599	0.883397	0.895597	0.890605	0.885527	0.897003	1.79865	1.79865	4.04222	
4.64622	1	53	4.64558	1	53	3.88204	1	49	0	0	0	0.50018	0.49779	0.501573	0.500184	0.497267	0.501557	0.899638	0.89503	0.906167	0.899646	0.893857	0.905977	1.79863	1.79863	4.04435	
4.66769	1	45	4.66726	1	45	3.89967	1	43	0	0	0	0.505154	0.503927	0.506447	0.505138	0.502387	0.506613	0.908572	0.902927	0.914627	0.908546	0.902743	0.914313	1.79861	1.79861	4.04593	
4.68615	1	47	4.68575	1	47	3.92161	1	43	0	0	0	0.510182	0.50877	0.510937	0.510186	0.507287	0.511587	0.917605	0.915217	0.9211	0.917614	0.911863	0.923427	1.79858	1.79859	4.04885	
4.70528	1	45	4.70383	1	45	3.94116	1	41	0	0	0	0.515203	0.513297	0.51664	0.51521	0.512207	0.516623	0.926658	0.921487	0.933543	0.926677	0.92053	0.932007	1.79863	1.79864	4.04855	
4.72565	1	45	4.72365	1	45	3.95983	1	45	0	0	0	0.52017	0.51878	0.52111	0.520147	0.5173	0.521633	0.935827	0.930847	0.93929	0.935781	0.929467	0.940787	1.79908	1.79907	4.05074	
4.74456	1	44	4.74257	1	44	3.98446	1	44	0	0	0	0.525166	0.523303	0.526787	0.525179	0.522457	0.52681	0.944874	0.94153	0.949657	0.944902	0.93886	0.949343	1.79919	1.7992	4.05287	
4.77157	1	46	4.76578	1	46	4.00609	1	42	0	0	0	0.530127	0.528947	0.531127	0.530101	0.527593	0.531663	0.953947	0.950517	0.959317	0.953886	0.947137	0.957863	1.79947	1.79944	4.05616	
4.78833	1	46	4.78533	1	46	4.02504	1	46	0	0	0	0.535111	0.53414	0.537357	0.535114	0.533003	0.536547	0.962989	0.95923	0.96844	0.962989	0.9566	0.966977	1.79961	1.7996	4.05653	
4.81776	1	44	4.80413	1	44	4.04666	1	40	0	0	0	0.540086	0.53898	0.541013	0.54008	0.537647	0.5417	0.971924	0.964473	0.976373	0.971916	0.965393	0.97568	1.79957	1.79958	4.05753	
4.87495	1	46	4.83126	1	46	4.0779	1	42	0	0	0	0.544999	0.541957	0.547713	0.544949	0.542723	0.546537	0.980847	0.976047	0.987503	0.98076	0.973883	0.984243	1.79972	1.79973	4.06198	
4.90258	1	45	4.8484	1	45	4.09325	1	42	0	0	0	0.55005	0.547727	0.551957	0.549936	0.547603	0.55141	0.989901	0.983527	0.99432	0.98969	0.98308	0.99368	1.79966	1.79965	4.06246	
5.44384	1	58	4.87482	1	58	4.12245	1	54	0	0	0	0.554536	0.553314	0.55541	0.554172	0.552638	0.5558	0.998404	0.996202	1	0.997757	0.991666	1	1.80043	1.80045	4.06685	
9.50625	1	69	4.91013	1	55	4.16456	1	51	0	0	0	0.555603	0.55418	0.556847	0.555081	0.553937	0.556627	1	1	1	0.999058	0.994618	1	1.79985	1.79984	4.08034	
9.86169	1	76	4.9161	1	52	4.17145	1	48	0	0	0	0.555427	0.553894	0.556744	0.554856	0.55386	0.556192	1	1	1	0.99897	0.993934	1	1.80042	1.80041	4.08306	
11.378	1	73	4.91413	1	56	4.17138	1	52	0	0	0	0.555715	0.554423	0.557397	0.555259	0.554036	0.556766	1	1	1	0.999161	0.995384	1	1.79948	1.79945	4.08412	
8.85515	1	57	4.91488	1	57	4.16863	1	53	0	0	0	0.555368	0.554432	0.557052	0.554847	0.552845	0.55613	1	1	1	0.999064	0.99361	1	1.80061	1.80061	4.08259	
10.1682	1	72	4.91768	1	56	4.17543	1	52	0	0	0	0.555716	0.554421	0.557406	0.555257	0.554017	0.556769	1	1	1	0.999161	0.995381	1	1.79948	1.79946	4.08377	
11.0836	1	76	4.91429	1	56	4.16935	1	52	0	0	0	0.555716	0.554419	0.557411	0.555259	0.554019	0.556776	1	1	1	0.999161	0.995383	1	1.79948	1.79945	4.08237	
10.8278	1	74	4.90992	1	59	4.16731	1	57	0	0	0	0.555601	0.554133	0.556847	0.555087	0.55392	0.556653	1	1	1	0.999071	0.994617	1	1.79985	1.79985	4.08218	
11.2059	1	71	4.91847	1	55	4.1768	1	51	0	0	0	0.555601	0.554138	0.556848	0.555088	0.553928	0.556657	1	1	1	0.99907	0.994612	1	1.79985	1.79984	4.08523	
11.2149	1	76	4.91422	1	56	4.16945	1	52	0	0	0	0.555715	0.554423	0.557411	0.555259	0.554017	0.556771	1	1	1	0.999162	0.995383	1	1.79948	1.79945	4.08239	
11.422	1	71	4.91592	1	58	4.17526	1	55	0	0	0	0.555602	0.55414	0.556848	0.555089	0.553927	0.556655	1	1	1	0.999073	0.994608	1	1.79985	1.79984	4.08409	
11.8109	1	74	4.91762	1	61	4.17261	1	57	0	0	0	0.555715	0.554423	0.557411	0.555259	0.554021	0.556773	1	1	1	0.999162	0.995381	1	1.79948	1.79945	4.08598	
9.05568	1	70	4.9139	1	54	4.17077	1	50	0	0	0	0.555371	0.55443	0.557078	0.554854	0.552835	0.556168	1	1	1	0.999065	0.993603	1	1.8006	1.80059	4.08325	
10.8765	1	71	4.9187	1	58	4.174	1	58	0	0	0	0.555715	0.554426	0.557411	0.555258	0.554017	0.556771	1	1	1	0.999162	0.99538	1	1.79948	1.79946	4.0857	
11.4341	1	81	4.91819	1	55	4.17746	1	51	0	0	0	0.555602	0.554143	0.556853	0.555087	0.553925	0.556653	1	1	1	0.99907	0.994612	1	1.79985	1.79985	4.08565	
11.2448	1	79	4.91606	1	64	4.17091	1	60	0	0	0	0.555715	0.554427	0.557411	0.55526	0.554026	0.556777	1	1	1	0.999162	0.995383	1	1.79948	1.79945	4.08392	
10.5088	1	69	4.90988	1	59	4.1663	1	55	0	0	0	0.555602	0.554145	0.556853	0.555087	0.553928	0.556653	1	1	1	0.999071	0.99461	1	1.79985	1.79985	4.08038	
11.564	1	85	4.91614	1	56	4.1711	1	52	0	0	0	0.555715	0.554429	0.557413	0.555258	0.55402	0.556769	1	1	1	0.999162	0.995383	1	1.79948	1.79945	4.0829	
11.387	1	79	4.91549	1	64	4.17023	1	60	0	0	0	0.555715	0.554429	0.557411	0.55526	0.554024	0.556776	1	1	1	0.999162	0.995383	1	1.79948	1.79945	4.08347	
8.37837	1	59	4.90317	1	51	4.15729	1	47	0	0	0	0.555367	0.55443	0.557072	0.554854	0.552835	0.556168	1	1	1	0.999063	0.9936	1	1.80061	1.80059	4.07831	
11.4737	1	87	4.91556	1	64	4.17058	1	60	0	0	0	0.555715	0.55443	0.557414	0.555259	0.554021	0.556774	1	1	1	0.999162	0.995383	1	1.79948	1.79945	4.08347	
11.6968	1	81	4.91931	1	55	4.17756	1	51	0	0	0	0.555601	0.554142	0.556853	0.555086	0.553925	0.556652	1	1	1	0.99907	0.994612	1	1.79985	1.79985	4.0862	
11.5683	1	87	4.91521	1	64	4.17019	1	60	0	0	0	0.555715	0.55443	0.557414	0.555259	0.554021	0.556774	1	1	1	0.999162	0.995383	1	1.79948	1.79945	4.08348	
10.7139	1	69	4.91166	1	59	4.16856	1	55	0	0	0	0.555601	0.554147	0.556855	0.555089	0.553922	0.556658	1	1	1	0.999071	0.99461	1	1.79985	1.79984	4.08102	
11.8599	1	85	4.9164	1	56	4.1715	1	52	0	0	0	0.555715	0.55443	0.557416	0.555258	0.554017	0.556767	1	1	1	0.999162	0.995383	1	1.79948	1.79945	4.0833	
8.50185	1	60	4.90443	1	51	4.15886	1	47	0	0	0	0.555368	0.554427	0.557075	0.554856	0.552837	0.556172	1	1	1	0.999063	0.9936	1	1.80061	1.80058	4.07865	
12.4836	1	80	4.91729	1	61	4.17258	1	57	0	0	0	0.555716	0.554433	0.557414	0.555258	0.55402	0.556779	1	1	1	0.999162	0.995381	1	1.79948	1.79945	4.0853	
12.0749	1	92	4.91851	1	58	4.17613	1	55	0	0	0	0.555601	0.554145	0.556857	0.555088	0.553917	0.55665	1	1	1	0.999073	0.994608	1	1.79985	1.79985	4.08514	
12.0248	1	85	4.91759	1	56	4.17266	1	52	0	0	0	0.555716	0.554433	0.557414	0.555258	0.554017	0.556769	1	1	1	0.999162	0.995383	1	1.79948	1.79945	4.08366	
12.0719	1	85	4.91778	1	56	4.17304	1	52	0	0	0	0.555716	0.554434	0.557413	0.555258	0.554017	0.55677	1	1	1	0.999162	0.995383	1	1.79948	1.79945	4.08374	
12.4828	1	78	4.9156	1	56	4.17243	1	52	0	0	0	0.555715	0.554434	0.557413	0.55526	0.554021	0.556783	1	1	1	0.999162	0.995384	1	1.79948	1.79945	4.08422	
12.5276	1	78	4.91591	1	56	4.17246	1	52	0	0	0	0.555715	0.554433	0.557414	0.555259	0.554023	0.556781	1	1	1	0.999162	0.995384	1	1.79948	1.79945	4.08433	
12.5721	1	78	4.91555	1	56	4.17208	1	52	0	0	0	0.555715	0.554434	0.557413	0.55526	0.554021	0.556783	1	1	1	0.999162	0.995384	1	1.79948	1.79945	4.08401	
12.3263	1	92	4.91882	1	58	4.17682	1	55	0	0	0	0.555601	0.554145	0.556853	0.555088	0.553913	0.55665	1	1	1	0.999073	0.994608	1	1.79985	1.79985	4.08524	
11.0567	1	69	4.91331	1	59	4.17006	1	55	0	0	0	0.555601	0.554145	0.556853	0.555089	0.55392	0.55666	1	1	1	0.999071	0.99461	1	1.79985	1.79984	4.0817	
12.4793	1	87	4.91961	1	58	4.17676	1	54	0	0	0	0.555715	0.554436	0.557411	0.555258	0.554019	0.556767	1	1	1	0.999161	0.995381	1	1.79948	1.79945	4.08536	
12.2542	1	81	4.91978	1	55	4.17763	1	51	0	0	0	0.555601	0.554145	0.556853	0.555086	0.55392	0.55665	1	1	1	0.99907	0.994612	1	1.79985	1.79985	4.08594	
10.8105	1	78	4.91034	1	59	4.16876	1	55	0	0	0	0.555367	0.554427	0.55707	0.554855	0.552832	0.556175	1	1	1	0.999062	0.9936	1	1.80061	1.80058	4.08123	
12.335	1	81	4.91979	1	55	4.17744	1	51	0	0	0	0.555601	0.554145	0.556853	0.555086	0.55392	0.55665	1	1	1	0.99907	0.994612	1	1.79985	1.79985	4.08603	
12.296	1	102	4.91561	1	76	4.17113	1	72	0	0	0	0.555715	0.554436	0.557411	0.555258	0.554019	0.556776	1	1	1	0.999162	0.995383	1	1.79948	1.79946	4.08416	
13.1306	1	87	4.91858	1	61	4.17411	1	57	0	0	0	0.555715	0.554436	0.557411	0.555258	0.554021	0.556779	1	1	1	0.999162	0.995381	1	1.79948	1.79946	4.08565	
12.3751	1	102	4.91619	1	76	4.17143	1	72	0	0	0	0.555715	0.554436	0.557411	0.555258	0.554019	0.556776	1	1	1	0.999162	0.995383	1	1.79948	1.79946	4.08436	
12.6681	1	92	4.91877	1	58	4.17701	1	55	0	0	0	0.555601	0.554145	0.556853	0.555088	0.553913	0.556652	1	1	1	0.999073	0.994608	1	1.79985	1.79985	4.08534	
9.85371	1	70	4.91457	1	54	4.17233	1	50	0	0	0	0.555367	0.554427	0.55707	0.554856	0.552837	0.556177	1	1	1	0.999065	0.993603	1	1.80061	1.80058	4.08434	
10.8439	1	73	4.92002	1	67	4.17717	1	63	0	0	0	0.555601	0.554145	0.556853	0.55509	0.553923	0.55665	1	1	1	0.999073	0.994612	1	1.79985	1.79984	4.08561	
12.9953	1	87	4.92047	1	58	4.17817	1	54	0	0	0	0.555715	0.554436	0.557411	0.555258	0.554019	0.556767	1	1	1	0.999161	0.995381	1	1.79948	1.79945	4.08546	
11.465	1	69	4.91317	1	59	4.17032	1	55	0	0	0	0.555601	0.554145	0.556853	0.555088	0.553918	0.55666	1	1	1	0.999071	0.99461	1	1.79985	1.79984	4.08172	
11.8333	1	71	4.92114	1	55	4.17824	1	51	0	0	0	0.555417	0.55386	0.556752	0.554853	0.553844	0.556198	1	1	1	0.998973	0.99393	1	1.80045	1.80043	4.08604	
11.8136	1	83	4.91723	1	66	4.17425	1	66	0	0	0	0.555601	0.554145	0.556853	0.555088	0.553923	0.556653	1	1	1	0.999073	0.994613	1	1.79985	1.79985	4.08358	
12.9276	1	92	4.91894	1	58	4.17683	1	55	0	0	0	0.555601	0.554145	0.556853	0.555088	0.553913	0.556653	1	1	1	0.999073	0.994608	1	1.79985	1.79985	4.08535	
12.7857	1	99	4.92045	1	55	4.17788	1	51	0	0	0	0.555601	0.554145	0.556853	0.555086	0.553918	0.556652	1	1	1	0.99907	0.994612	1	1.79985	1.79985	4.08641	
11.8953	1	83	4.91701	1	66	4.1742	1	66	0	0	0	0.555601	0.554145	0.556853	0.555088	0.553923	0.556653	1	1	1	0.999073	0.994613	1	1.79985	1.79985	4.0833	
11.9138	1	83	4.91711	1	66	4.17453	1	66	0	0	0	0.555601	0.554145	0.556853	0.555088	0.553923	0.556653	1	1	1	0.999073	0.994613	1	1.79985	1.79985	4.08335	
10.156	1	70	4.91519	1	54	4.17273	1	50	0	0	0	0.555367	0.554427	0.557068	0.554856	0.552837	0.55618	1	1	1	0.999065	0.993603	1	1.80061	1.80058	4.0846	
13.6208	1	93	4.91875	1	58	4.17506	1	54	0	0	0	0.555716	0.554437	0.557411	0.55526	0.554021	0.556781	1	1	1	0.999163	0.99538	1	1.79948	1.79945	4.08531	
12.9547	1	90	4.91778	1	58	4.17588	1	54	0	0	0	0.555716	0.554437	0.557411	0.555258	0.55402	0.556771	1	1	1	0.999162	0.995383	1	1.79948	1.79946	4.08519	
13.6125	1	87	4.91568	1	56	4.17269	1	52	0	0	0	0.555716	0.554437	0.557411	0.55526	0.55402	0.556783	1	1	1	0.999162	0.995384	1	1.79948	1.79945	4.08438	
13.0385	1	90	4.91776	1	70	4.17607	1	66	0	0	0	0.555716	0.554437	0.557411	0.555258	0.55402	0.556771	1	1	1	0.999162	0.995383	1	1.79948	1.79946	4.0851	
13.0769	1	90	4.91785	1	70	4.17615	1	66	0	0	0	0.555716	0.554437	0.557411	0.555258	0.55402	0.556771	1	1	1	0.999162	0.995383	1	1.79948	1.79946	4.08514	
12.7665	1	79	4.92018	1	58	4.17657	1	58	0	0	0	0.555716	0.554439	0.557411	0.555259	0.554023	0.556773	1	1	1	0.999162	0.99538	1	1.79948	1.79945	4.08678	
11.9655	1	82	4.91342	1	59	4.17007	1	55	0	0	0	0.555601	0.554145	0.556853	0.555088	0.553918	0.55666	1	1	1	0.999071	0.99461	1	1.79985	1.79984	4.0819	
12.8538	1	79	4.9205	1	58	4.17677	1	58	0	0	0	0.555716	0.554439	0.557411	0.555259	0.554023	0.556773	1	1	1	0.999162	0.99538	1	1.79948	1.79945	4.08677	
12.9013	1	79	4.92046	1	59	4.17654	1	58	0	0	0	0.555716	0.554439	0.557411	0.555259	0.554023	0.556773	1	1	1	0.999162	0.99538	1	1.79948	1.79945	4.08678	
12.9452	1	79	4.92034	1	59	4.17677	1	58	0	0	0	0.555716	0.554439	0.557411	0.555259	0.554023	0.556773	1	1	1	0.999162	0.99538	1	1.79948	1.79945	4.08673	
13.5305	1	92	4.91974	1	58	4.17781	1	55	0	0	0	0.555601	0.554145	0.556853	0.555088	0.553912	0.556653	1	1	1	0.999073	0.994608	1	1.79985	1.79985	4.0857	
13.5644	1	92	4.91989	1	58	4.17769	1	55	0	0	0	0.555601	0.554145	0.556853	0.555088	0.553912	0.556653	1	1	1	0.999073	0.994608	1	1.79985	1.79985	4.08577	
13.9785	1	88	4.9219	1	58	4.18003	1	54	0	0	0	0.555716	0.554439	0.55741	0.555257	0.554019	0.556764	1	1	1	0.999161	0.995381	1	1.79948	1.79946	4.08631	
14.0267	1	88	4.92204	1	58	4.18007	1	54	0	0	0	0.555716	0.554439	0.55741	0.555257	0.554019	0.556764	1	1	1	0.999161	0.995381	1	1.79948	1.79946	4.08637	
13.5484	1	102	4.91621	1	76	4.17115	1	72	0	0	0	0.555716	0.554439	0.557411	0.555258	0.55402	0.556776	1	1	1	0.999162	0.995383	1	1.79948	1.79945	4.08468	
13.7692	1	113	4.92041	1	56	4.17637	1	53	0	0	0	0.555716	0.554439	0.55741	0.555258	0.55402	0.55677	1	1	1	0.999162	0.995383	1	1.79948	1.79946	4.08487	
13.8111	1	113	4.92041	1	57	4.17643	1	53	0	0	0	0.555716	0.554439	0.55741	0.555258	0.55402	0.55677	1	1	1	0.999162	0.995383	1	1.79948	1.79946	4.08484	
14.4721	1	92	4.919	1	61	4.17516	1	57	0	0	0	0.555716	0.554439	0.55741	0.555258	0.554021	0.556777	1	1	1	0.999162	0.995381	1	1.79948	1.79945	4.08591	
14.5147	1	92	4.91895	1	61	4.17515	1	57	0	0	0	0.555716	0.554439	0.55741	0.555258	0.554021	0.556777	1	1	1	0.999162	0.995381	1	1.79948	1.79945	4.08594	
13.688	1	91	4.91844	1	70	4.17705	1	66	0	0	0	0.555716	0.554439	0.55741	0.555258	0.554021	0.556771	1	1	1	0.999162	0.995383	1	1.79948	1.79945	4.08538	
9.63749	1	73	4.9088	1	59	4.16514	1	55	0	0	0	0.555367	0.554427	0.557065	0.554857	0.552832	0.55618	1	1	1	0.999063	0.9936	1	1.80061	1.80058	4.08097	
9.65898	1	73	4.90905	1	59	4.16506	1	55	0	0	0	0.555367	0.554427	0.557065	0.554857	0.552832	0.55618	1	1	1	0.999063	0.9936	1	1.80061	1.80058	4.08109	
9.68431	1	73	4.90884	1	59	4.16522	1	55	0	0	0	0.555367	0.554427	0.557065	0.554857	0.552832	0.55618	1	1	1	0.999063	0.9936	1	1.80061	1.80058	4.08099	
11.9292	1	85	4.91927	1	67	4.17657	1	63	0	0	0	0.555601	0.554147	0.556853	0.555089	0.55392	0.556648	1	1	1	0.999073	0.994612	1	1.79985	1.79984	4.08549	
13.6071	1	86	4.92051	1	59	4.17693	1	60	0	0	0	0.555716	0.55444	0.55741	0.555259	0.554023	0.556771	1	1	1	0.999162	0.99538	1	1.79948	1.79945	4.08689	
13.6548	1	86	4.92033	1	64	4.17712	1	60	0	0	0	0.555716	0.55444	0.55741	0.555259	0.554023	0.556771	1	1	1	0.999162	0.99538	1	1.79948	1.79945	4.08683	
13.6996	1	86	4.9204	1	64	4.17706	1	60	0	0	0	0.555716	0.55444	0.55741	0.555259	0.554023	0.556771	1	1	1	0.999162	0.99538	1	1.79948	1.79945	4.08681	
13.7414	1	86	4.9204	1	64	4.17702	1	60	0	0	0	0.555716	0.55444	0.55741	0.555259	0.554023	0.556771	1	1	1	0.999162	0.99538	1	1.79948	1.79945	4.08685	
13.7845	1	86	4.92028	1	64	4.17695	1	60	0	0	0	0.555716	0.55444	0.55741	0.555259	0.554023	0.556771	1	1	1	0.999162	0.99538	1	1.79948	1.79945	4.08682	
13.8269	1	86	4.92027	1	64	4.17672	1	60	0	0	0	0.555716	0.55444	0.55741	0.555259	0.554023	0.556771	1	1	1	0.999162	0.99538	1	1.79948	1.79945	4.08678	
13.8711	1	86	4.91999	1	64	4.1768	1	60	0	0	0	0.555716	0.55444	0.55741	0.555259	0.554023	0.556771	1	1	1	0.999162	0.99538	1	1.79948	1.79945	4.08668	
13.9154	1	86	4.92009	1	64	4.1769	1	60	0	0	0	0.555716	0.55444	0.55741	0.555259	0.554023	0.556771	1	1	1	0.999162	0.99538	1	1.79948	1.79945	4.08669	
12.8988	1	82	4.91616	1	59	4.17329	1	55	0	0	0	0.555601	0.554147	0.556853	0.555087	0.553918	0.55666	1	1	1	0.999071	0.99461	1	1.79985	1.79984	4.0833	
12.9362	1	82	4.91632	1	59	4.17331	1	55	0	0	0	0.555601	0.554147	0.556853	0.555087	0.553918	0.55666	1	1	1	0.999071	0.99461	1	1.79985	1.79984	4.08337	
12.973	1	82	4.9164	1	59	4.17332	1	55	0	0	0	0.555601	0.554147	0.556853	0.555087	0.553918	0.55666	1	1	1	0.999071	0.99461	1	1.79985	1.79984	4.08339	
13.0097	1	82	4.91644	1	59	4.17348	1	55	0	0	0	0.555601	0.554147	0.556853	0.555087	0.553918	0.55666	1	1	1	0.999071	0.99461	1	1.79985	1.79984	4.08341	
