3.80922	1	16	3.80922	1	16	3.03089	1	12	0	0	0	0.00503313	0.00481	0.00530333	0.00503292	0.00485333	0.00523333	0.00901479	0.00842333	0.00938667	0.00901458	0.00845333	0.00953333	1.79109	1.79113	4.01461	
3.81082	1	16	3.81082	1	16	3.00664	1	14	0	0	0	0.0100071	0.00965667	0.0101967	0.0100069	0.00964667	0.01039	0.0181071	0.0176567	0.0190767	0.0181071	0.01748	0.01876	1.80943	1.80946	3.9943	
3.81176	1	17	3.81176	1	17	3.02525	1	16	0	0	0	0.0149985	0.0147133	0.0155233	0.0149981	0.0148167	0.01522	0.0269394	0.0256067	0.0280867	0.026939	0.02633	0.0278433	1.79613	1.79616	4.006	
3.812	1	17	3.812	1	17	3.02127	1	16	0	0	0	0.019986	0.01961	0.02052	0.0199858	0.01966	0.0203033	0.0358335	0.03493	0.03684	0.0358333	0.0350033	0.03669	1.79293	1.79294	4.00702	
3.81494	1	20	3.81494	1	20	3.02416	1	17	0	0	0	0.0249837	0.0244333	0.0254267	0.024984	0.0247	0.0254733	0.0448033	0.0432067	0.0459867	0.0448044	0.0433767	0.04618	1.7933	1.79333	4.00609	
3.81611	1	22	3.81611	1	22	3.01215	1	18	0	0	0	0.0300242	0.0295467	0.03048	0.030024	0.0292733	0.0305967	0.0540175	0.05332	0.0554333	0.0540173	0.05254	0.0554367	1.79913	1.79914	3.9972	
3.83111	1	21	3.83111	1	21	3.02557	1	18	0	0	0	0.0350258	0.03456	0.0356267	0.0350256	0.0344667	0.0356367	0.0631567	0.0616533	0.06481	0.0631565	0.06177	0.0643333	1.80315	1.80315	4.00569	
3.8352	1	23	3.8352	1	23	3.03693	1	23	0	0	0	0.0400277	0.03946	0.04073	0.0400277	0.03949	0.0405033	0.0721635	0.0709767	0.07374	0.0721642	0.07009	0.0736167	1.80284	1.80286	4.0052	
3.83831	1	23	3.83831	1	23	3.0369	1	20	0	0	0	0.0450169	0.0439567	0.0456967	0.0450173	0.0445133	0.0458567	0.0811485	0.0793167	0.08211	0.0811494	0.0791133	0.0825967	1.80262	1.80263	4.00566	
3.84755	1	21	3.84755	1	21	3.04833	1	18	0	0	0	0.0499998	0.0493	0.0506933	0.0499998	0.0491	0.0508833	0.0900577	0.0887133	0.0915567	0.0900581	0.0884933	0.0920333	1.80116	1.80117	4.01411	
3.85198	1	21	3.85198	1	21	3.05028	1	19	0	0	0	0.0550015	0.05412	0.0556867	0.0550015	0.05423	0.05599	0.0989573	0.0961867	0.101667	0.0989569	0.0973667	0.10109	1.79918	1.79917	4.01655	
3.85868	1	24	3.85868	1	24	3.06668	1	23	0	0	0	0.0599671	0.0591933	0.0606667	0.0599673	0.0593167	0.0608333	0.107884	0.10628	0.110047	0.107884	0.10633	0.110247	1.79905	1.79904	4.01975	
3.86335	1	27	3.86335	1	27	3.07374	1	23	0	0	0	0.0650215	0.0644433	0.06613	0.0650215	0.0643067	0.06615	0.116787	0.114973	0.119243	0.116787	0.114763	0.11975	1.79613	1.79613	4.02327	
3.86799	1	23	3.86799	1	23	3.06939	1	21	0	0	0	0.0699785	0.0688767	0.0706767	0.0699788	0.0693367	0.07104	0.125762	0.123223	0.12785	0.125762	0.123577	0.129007	1.79715	1.79715	4.02495	
3.87692	1	25	3.87692	1	25	3.08169	1	24	0	0	0	0.0749754	0.0739667	0.0760933	0.0749752	0.0743267	0.0759933	0.134679	0.132943	0.137253	0.134678	0.132207	0.137433	1.79631	1.7963	4.03153	
3.88691	1	22	3.88691	1	22	3.09044	1	19	0	0	0	0.0799906	0.0789433	0.0806033	0.0799906	0.0791933	0.0808833	0.143754	0.1418	0.145303	0.143754	0.14093	0.14601	1.79713	1.79714	4.03618	
3.89607	1	26	3.89607	1	26	3.09697	1	23	0	0	0	0.0850135	0.0841767	0.08594	0.0850133	0.0843767	0.0859067	0.152908	0.15066	0.154753	0.152906	0.150483	0.154637	1.79864	1.79862	4.04078	
3.9047	1	28	3.9047	1	28	3.10676	1	24	0	0	0	0.0900248	0.0892033	0.09142	0.0900254	0.0891133	0.09116	0.16201	0.159603	0.16706	0.162011	0.15898	0.16389	1.79961	1.79961	4.04356	
3.91217	1	29	3.91216	1	29	3.11462	1	25	0	0	0	0.0950098	0.0942767	0.09608	0.0950106	0.0940267	0.0964067	0.170997	0.16884	0.173027	0.170998	0.16776	0.173433	1.79979	1.79978	4.049	
3.92065	1	23	3.92065	1	23	3.11707	1	23	0	0	0	0.100001	0.0992933	0.10096	0.100001	0.09872	0.10145	0.180058	0.177937	0.182947	0.180059	0.17672	0.18333	1.80056	1.80057	4.05329	
3.93089	1	25	3.93086	1	25	3.13463	1	23	0	0	0	0.105056	0.104367	0.105867	0.105056	0.103987	0.106647	0.189182	0.1872	0.191547	0.189182	0.18624	0.192593	1.80077	1.80077	4.05867	
3.94229	1	28	3.94228	1	28	3.1435	1	24	0	0	0	0.110075	0.108663	0.11093	0.110076	0.10925	0.11175	0.198212	0.19493	0.200707	0.198213	0.196167	0.202417	1.80071	1.8007	4.06732	
3.95079	1	28	3.95078	1	28	3.15518	1	25	0	0	0	0.115057	0.113993	0.11592	0.115057	0.113957	0.11677	0.207168	0.20457	0.210507	0.207167	0.204103	0.21237	1.80056	1.80056	4.07175	
3.96099	1	32	3.96097	1	32	3.16309	1	32	0	0	0	0.120091	0.11929	0.121323	0.120092	0.119157	0.122063	0.216163	0.21313	0.21876	0.216167	0.213493	0.221263	1.8	1.80002	4.08119	
3.97286	1	33	3.97282	1	33	3.17561	1	32	0	0	0	0.125085	0.12432	0.126297	0.125085	0.123813	0.126907	0.22529	0.223193	0.229163	0.225289	0.222693	0.230323	1.80109	1.80109	4.08673	
3.98096	1	30	3.98095	1	30	3.18576	1	30	0	0	0	0.130036	0.12924	0.131267	0.130036	0.128733	0.131547	0.23412	0.231557	0.23707	0.234122	0.231667	0.23868	1.80043	1.80044	4.09197	
3.989	1	32	3.98895	1	32	3.1901	1	32	0	0	0	0.135046	0.134093	0.136103	0.135047	0.13397	0.136863	0.243109	0.241307	0.245997	0.243108	0.241153	0.248143	1.80019	1.80018	4.09555	
3.99995	1	32	3.9999	1	32	3.20388	1	29	0	0	0	0.140089	0.13944	0.141097	0.140089	0.13869	0.142097	0.252135	0.24934	0.25455	0.252133	0.250043	0.257657	1.79982	1.79981	4.10472	
4.01862	1	34	4.01854	1	34	3.21895	1	30	0	0	0	0.145101	0.143857	0.14625	0.1451	0.143967	0.14687	0.261322	0.259377	0.263003	0.261323	0.259283	0.266137	1.80097	1.80098	4.11714	
4.02323	1	33	4.02309	1	33	3.22374	1	29	0	0	0	0.150073	0.148857	0.15121	0.150073	0.14875	0.15162	0.270177	0.26602	0.273463	0.270176	0.267667	0.274967	1.80031	1.8003	4.11874	
4.03618	1	34	4.03612	1	34	3.24134	1	34	0	0	0	0.155095	0.153963	0.155983	0.155095	0.153553	0.156497	0.279321	0.275037	0.28224	0.279321	0.276473	0.284243	1.80096	1.80097	4.12853	
4.04516	1	31	4.04491	1	31	3.24753	1	29	0	0	0	0.160132	0.159087	0.161083	0.160131	0.158517	0.161477	0.288289	0.285193	0.291183	0.288288	0.285423	0.29289	1.80032	1.80033	4.13436	
4.06606	1	31	4.06583	1	31	3.26831	1	31	0	0	0	0.165183	0.164203	0.166453	0.165184	0.163547	0.16656	0.297368	0.293813	0.300543	0.29737	0.294467	0.301827	1.80023	1.80024	4.14943	
4.07934	1	35	4.07909	1	35	3.27947	1	34	0	0	0	0.170181	0.169017	0.171337	0.17018	0.168733	0.171793	0.306336	0.302677	0.31067	0.306335	0.30321	0.311047	1.80006	1.80007	4.15795	
4.08461	1	36	4.08443	1	36	3.28848	1	32	0	0	0	0.175217	0.174117	0.176273	0.175217	0.173847	0.17675	0.315385	0.312637	0.31849	0.315385	0.312303	0.319443	1.79997	1.79997	4.16	
4.1004	1	33	4.10018	1	33	3.30545	1	33	0	0	0	0.18028	0.178787	0.181217	0.180281	0.179097	0.18157	0.324327	0.32116	0.326523	0.324326	0.320703	0.32841	1.79901	1.79901	4.17417	
4.11023	1	33	4.10995	1	33	3.32362	1	30	0	0	0	0.18528	0.18345	0.18669	0.185281	0.183917	0.187003	0.333208	0.331463	0.33741	0.33321	0.328717	0.337	1.7984	1.7984	4.18091	
4.12529	1	37	4.12507	1	37	3.33205	1	34	0	0	0	0.190258	0.18945	0.191683	0.190258	0.188933	0.191603	0.34208	0.339013	0.34423	0.342078	0.337773	0.346067	1.79798	1.79797	4.19138	
4.14111	1	36	4.14083	1	36	3.3499	1	33	0	0	0	0.195212	0.19321	0.1966	0.195212	0.193913	0.19685	0.350996	0.34645	0.353823	0.350996	0.346883	0.354703	1.79803	1.79802	4.20417	
4.15356	1	37	4.15322	1	37	3.36495	1	37	0	0	0	0.200214	0.19899	0.201843	0.200212	0.19862	0.20177	0.360125	0.35611	0.364773	0.360123	0.35498	0.363777	1.7987	1.79871	4.21086	
4.17324	1	39	4.1727	1	39	3.3794	1	39	0	0	0	0.205178	0.203447	0.206533	0.205178	0.203343	0.206597	0.369072	0.365927	0.371617	0.369074	0.363997	0.372773	1.79879	1.7988	4.22519	
4.18368	1	37	4.18292	1	37	3.39401	1	37	0	0	0	0.210146	0.209193	0.210833	0.210145	0.20821	0.211467	0.377912	0.37409	0.37995	0.377909	0.372417	0.381203	1.79833	1.79833	4.2325	
4.19676	1	38	4.1961	1	38	3.39953	1	34	0	0	0	0.215113	0.214033	0.21652	0.215113	0.21349	0.21649	0.386873	0.383873	0.390327	0.38687	0.381597	0.38988	1.79846	1.79845	4.24129	
4.21654	1	33	4.2158	1	33	3.42116	1	33	0	0	0	0.220135	0.218983	0.22155	0.220136	0.218303	0.221567	0.395772	0.393563	0.397797	0.395773	0.390117	0.398797	1.79786	1.79785	4.2574	
4.23411	1	42	4.23322	1	42	3.43924	1	42	0	0	0	0.225164	0.224647	0.225963	0.225164	0.22333	0.22665	0.404797	0.402063	0.407097	0.404799	0.399803	0.407763	1.79779	1.7978	4.26972	
4.24541	1	40	4.24465	1	40	3.45127	1	40	0	0	0	0.230132	0.228587	0.232	0.230132	0.228147	0.231783	0.413767	0.408927	0.41791	0.413769	0.408693	0.416877	1.79796	1.79796	4.27815	
4.26416	1	42	4.2633	1	42	3.47241	1	38	0	0	0	0.23507	0.23383	0.23663	0.235071	0.233253	0.236853	0.422628	0.418507	0.42607	0.422629	0.41788	0.42556	1.79788	1.79788	4.29271	
4.28263	1	38	4.28127	1	38	3.48878	1	38	0	0	0	0.24003	0.238893	0.242187	0.240031	0.238267	0.241723	0.43155	0.427747	0.436627	0.431551	0.42708	0.434527	1.7979	1.7979	4.30587	
4.30099	1	42	4.29946	1	40	3.50986	1	40	0	0	0	0.24505	0.244253	0.246043	0.24505	0.24346	0.246743	0.440688	0.436627	0.444483	0.440688	0.435887	0.443357	1.79836	1.79836	4.31944	
4.31986	1	41	4.31823	1	41	3.52609	1	37	0	0	0	0.249961	0.248477	0.25131	0.249961	0.24841	0.251763	0.449549	0.445797	0.452603	0.449547	0.44541	0.452243	1.79847	1.79847	4.33054	
4.33535	1	43	4.33345	1	43	3.54352	1	41	0	0	0	0.254964	0.25383	0.256647	0.254964	0.253513	0.256927	0.458597	0.45551	0.46243	0.458595	0.454403	0.461633	1.79868	1.79867	4.34304	
4.35034	1	49	4.34843	1	49	3.55677	1	49	0	0	0	0.259973	0.2587	0.261123	0.259975	0.25846	0.261463	0.467604	0.46453	0.470857	0.467608	0.46303	0.470617	1.79867	1.79866	4.35257	
4.37244	1	47	4.36994	1	47	3.57987	1	47	0	0	0	0.265002	0.26314	0.266663	0.265002	0.263273	0.26632	0.476581	0.4737	0.478723	0.476583	0.472487	0.48008	1.79841	1.79841	4.36929	
4.39144	1	45	4.3891	1	45	3.5995	1	45	0	0	0	0.270024	0.26872	0.271523	0.270022	0.268423	0.271377	0.485605	0.481313	0.491187	0.4856	0.481627	0.48851	1.79838	1.79837	4.38157	
4.41359	1	44	4.41092	1	44	3.61876	1	41	0	0	0	0.275017	0.274063	0.276677	0.275016	0.273437	0.27668	0.494525	0.490707	0.49701	0.494522	0.49064	0.497613	1.79816	1.79816	4.40001	
4.43014	1	45	4.42713	1	45	3.63675	1	41	0	0	0	0.280041	0.278987	0.28115	0.28004	0.27853	0.282013	0.503516	0.49919	0.50723	0.503515	0.50048	0.50726	1.79801	1.79801	4.41156	
4.45218	1	56	4.44861	1	56	3.65831	1	56	0	0	0	0.285015	0.28285	0.286227	0.285015	0.2836	0.286997	0.512439	0.509477	0.517123	0.51244	0.509627	0.516137	1.79794	1.79794	4.42961	
4.46568	1	54	4.46196	1	54	3.67207	1	50	0	0	0	0.290035	0.288213	0.29115	0.290034	0.288327	0.29235	0.521427	0.518177	0.52464	0.521426	0.517843	0.526013	1.79781	1.79781	4.43792	
4.49611	1	45	4.49096	1	45	3.70131	1	45	0	0	0	0.295025	0.293633	0.29691	0.295023	0.293253	0.297367	0.530447	0.52501	0.53639	0.530445	0.527003	0.534877	1.79797	1.79798	4.45955	
4.51462	1	43	4.50877	1	43	3.71875	1	42	0	0	0	0.300039	0.298963	0.301397	0.300038	0.297637	0.302247	0.539366	0.534617	0.545557	0.539363	0.53534	0.54306	1.79766	1.79765	4.47208	
4.53957	1	45	4.53456	1	45	3.74318	1	45	0	0	0	0.305054	0.30396	0.306623	0.305052	0.302197	0.306977	0.548402	0.545333	0.551867	0.548397	0.5434	0.551897	1.79772	1.79772	4.49289	
4.56414	1	47	4.55861	1	47	3.76809	1	47	0	0	0	0.310057	0.30876	0.311037	0.310059	0.307223	0.311847	0.557393	0.555433	0.56053	0.557396	0.552417	0.561413	1.79771	1.79771	4.51333	
4.58007	1	48	4.57273	1	48	3.78184	1	48	0	0	0	0.315018	0.3131	0.315813	0.315018	0.312307	0.316803	0.56651	0.56362	0.569487	0.56651	0.561713	0.570617	1.79834	1.79834	4.52128	
4.60788	1	49	4.60078	1	49	3.81112	1	49	0	0	0	0.319978	0.318667	0.321327	0.319978	0.317403	0.32171	0.575376	0.57096	0.578647	0.575376	0.57083	0.579307	1.79817	1.79817	4.54299	
4.62795	1	48	4.62053	1	48	3.82683	1	46	0	0	0	0.324963	0.323333	0.32657	0.324963	0.323073	0.326603	0.584288	0.579693	0.590617	0.584286	0.580003	0.58822	1.79801	1.79801	4.55698	
4.65741	1	52	4.64691	1	52	3.85378	1	48	0	0	0	0.329995	0.328477	0.331403	0.329994	0.328283	0.33156	0.593321	0.589803	0.597323	0.59332	0.589667	0.597217	1.79797	1.79797	4.57566	
4.6831	1	45	4.67213	1	45	3.87956	1	45	0	0	0	0.33498	0.33369	0.336843	0.334977	0.332957	0.336507	0.602199	0.596837	0.608647	0.602194	0.598897	0.60673	1.79772	1.79772	4.59655	
4.71047	1	44	4.69805	1	44	3.90627	1	44	0	0	0	0.339972	0.3384	0.341493	0.339975	0.337777	0.341587	0.611186	0.606573	0.61572	0.611187	0.607563	0.616453	1.79775	1.79774	4.61605	
4.73344	1	52	4.71966	1	52	3.92907	1	52	0	0	0	0.344972	0.34323	0.347067	0.344968	0.342767	0.34671	0.620326	0.61706	0.624693	0.620322	0.61694	0.625537	1.79819	1.7982	4.63276	
4.76173	1	49	4.74747	1	49	3.95244	1	46	0	0	0	0.350013	0.348187	0.352047	0.350011	0.347747	0.351607	0.629309	0.624293	0.634783	0.629304	0.625783	0.634897	1.79796	1.79796	4.65437	
4.79388	1	55	4.77814	1	55	3.98777	1	55	0	0	0	0.354954	0.353333	0.35686	0.354953	0.352633	0.35659	0.638292	0.63419	0.642183	0.638291	0.63462	0.643977	1.79824	1.79824	4.67711	
4.82248	1	54	4.80261	1	54	4.01542	1	54	0	0	0	0.35996	0.35773	0.361793	0.359962	0.358007	0.361533	0.647306	0.642303	0.65166	0.64731	0.64403	0.65255	1.79827	1.79827	4.69362	
4.84823	1	55	4.82651	1	55	4.03632	1	53	0	0	0	0.364936	0.363277	0.366163	0.364942	0.36292	0.36645	0.656224	0.650983	0.659817	0.656236	0.652747	0.661867	1.79819	1.79819	4.71133	
4.87776	1	60	4.85304	1	60	4.06631	1	56	0	0	0	0.369957	0.368493	0.371237	0.369959	0.368007	0.37141	0.665191	0.659613	0.66898	0.665191	0.661457	0.67068	1.79802	1.79801	4.7348	
4.90533	1	64	4.87636	1	64	4.08745	1	60	0	0	0	0.374921	0.373173	0.376247	0.374921	0.37276	0.37672	0.674083	0.66984	0.677047	0.67408	0.670163	0.679977	1.79793	1.79793	4.75032	
4.93902	1	53	4.90833	1	53	4.11884	1	53	0	0	0	0.379932	0.37863	0.381637	0.379938	0.377507	0.38158	0.683162	0.678603	0.68721	0.683174	0.678573	0.68874	1.79812	1.79812	4.775	
4.97286	1	55	4.93947	1	55	4.14709	1	55	0	0	0	0.384976	0.38337	0.386727	0.384977	0.382373	0.386747	0.692235	0.688357	0.69705	0.692239	0.68748	0.697883	1.79813	1.79813	4.79793	
5.00063	1	58	4.96304	1	58	4.17111	1	58	0	0	0	0.389952	0.38869	0.39126	0.389955	0.387607	0.392163	0.701052	0.69886	0.705543	0.701053	0.69595	0.70698	1.79779	1.79778	4.81523	
5.0344	1	57	4.99055	1	57	4.20197	1	57	0	0	0	0.395009	0.393167	0.397207	0.395006	0.392747	0.39677	0.710141	0.7045	0.715577	0.710136	0.705107	0.716367	1.79778	1.79779	4.83694	
5.07192	1	67	5.02271	1	67	4.23718	1	67	0	0	0	0.400024	0.398363	0.402627	0.400025	0.397747	0.40172	0.719033	0.715263	0.72273	0.71903	0.71401	0.72511	1.79747	1.79746	4.86223	
5.11254	1	67	5.05497	1	67	4.27157	1	67	0	0	0	0.405089	0.40309	0.406393	0.405088	0.402917	0.406697	0.728214	0.72333	0.731237	0.728213	0.72316	0.734257	1.79766	1.79766	4.88477	
5.14226	1	57	5.08092	1	57	4.29596	1	53	0	0	0	0.410108	0.408213	0.411807	0.410107	0.40796	0.411973	0.737305	0.733977	0.74122	0.737309	0.7317	0.742967	1.79783	1.79784	4.90548	
5.19242	1	62	5.12011	1	62	4.32914	1	58	0	0	0	0.415085	0.4142	0.416767	0.415088	0.412977	0.416907	0.746271	0.74253	0.750153	0.746279	0.741883	0.75198	1.79788	1.79788	4.93556	
5.22812	1	60	5.14996	1	60	4.36665	1	56	0	0	0	0.420102	0.418253	0.42133	0.420104	0.41796	0.42188	0.755261	0.750157	0.759943	0.755266	0.75084	0.76105	1.7978	1.79781	4.95773	
5.27048	1	58	5.18506	1	58	4.399	1	57	0	0	0	0.425086	0.423807	0.426337	0.425083	0.42284	0.426763	0.764183	0.760887	0.768857	0.764177	0.758933	0.77075	1.79771	1.79771	4.986	
5.31045	1	62	5.21114	1	61	4.42389	1	57	0	0	0	0.4301	0.42872	0.43173	0.430099	0.427757	0.432027	0.773359	0.76845	0.77745	0.773365	0.768243	0.781017	1.79809	1.79811	5.00553	
5.36602	1	71	5.25333	1	71	4.47115	1	67	0	0	0	0.435073	0.4324	0.43784	0.435067	0.432633	0.436837	0.782345	0.777883	0.789433	0.782345	0.776727	0.789563	1.79819	1.79822	5.03738	
5.41217	1	59	5.28365	1	59	4.49811	1	59	0	0	0	0.440063	0.438263	0.441067	0.440061	0.43759	0.442067	0.791433	0.788127	0.79339	0.791428	0.785537	0.79857	1.79845	1.79845	5.0578	
5.47191	1	75	5.32179	1	75	4.53899	1	71	0	0	0	0.445105	0.44385	0.447273	0.445102	0.442923	0.447047	0.800465	0.795767	0.80475	0.800464	0.794157	0.807963	1.79837	1.79838	5.08884	
5.5184	1	67	5.35443	1	67	4.56873	1	67	0	0	0	0.450058	0.44845	0.451563	0.450063	0.448323	0.452213	0.809415	0.804397	0.814523	0.809421	0.803063	0.816647	1.79847	1.79846	5.11358	
5.58721	1	64	5.39383	1	64	4.61113	1	64	0	0	0	0.455178	0.45404	0.456367	0.45518	0.453433	0.45739	0.818735	0.814133	0.82382	0.818734	0.811927	0.825507	1.79871	1.7987	5.14071	
5.65822	1	67	5.43124	1	67	4.64674	1	67	0	0	0	0.460152	0.458843	0.462797	0.460151	0.458227	0.4622	0.827663	0.823687	0.83235	0.827656	0.82069	0.835413	1.79867	1.79866	5.16958	
5.72693	1	61	5.46175	1	60	4.68052	1	60	0	0	0	0.465125	0.46325	0.467117	0.465129	0.462957	0.46711	0.836574	0.8275	0.843463	0.836581	0.830417	0.843817	1.7986	1.7986	5.19346	
5.79725	1	71	5.49932	1	71	4.71719	1	67	0	0	0	0.470138	0.468543	0.471377	0.470133	0.46786	0.472277	0.845524	0.83959	0.849097	0.845514	0.83991	0.85221	1.79846	1.79846	5.21974	
5.89871	1	95	5.54352	1	95	4.75509	1	91	0	0	0	0.475104	0.473507	0.476767	0.475108	0.47271	0.476987	0.854463	0.851957	0.8578	0.854469	0.848897	0.862093	1.79848	1.79848	5.2576	
5.99216	1	67	5.57749	1	67	4.79419	1	63	0	0	0	0.480159	0.47844	0.481763	0.480159	0.47775	0.482137	0.863581	0.85808	0.868407	0.86358	0.85715	0.871303	1.79853	1.79853	5.28216	
6.10071	1	82	5.61314	1	81	4.83029	1	81	0	0	0	0.485168	0.483233	0.48779	0.48516	0.482463	0.487163	0.872531	0.86797	0.876697	0.872521	0.86659	0.880003	1.79841	1.79842	5.30675	
6.25233	1	66	5.6598	1	66	4.87811	1	66	0	0	0	0.490154	0.488937	0.49187	0.490157	0.48734	0.492127	0.881521	0.876403	0.887317	0.881534	0.875317	0.888377	1.79846	1.79847	5.34326	
6.41783	1	66	5.69786	1	66	4.91575	1	66	0	0	0	0.495149	0.493917	0.49729	0.49515	0.49257	0.4968	0.890599	0.883397	0.895597	0.890601	0.88553	0.897007	1.79865	1.79865	5.37237	
6.62634	1	65	5.7396	1	65	4.95506	1	65	0	0	0	0.50018	0.49779	0.501573	0.500183	0.497263	0.50156	0.899638	0.89503	0.906167	0.899644	0.89386	0.905977	1.79863	1.79863	5.40147	
6.86768	1	78	5.7866	1	78	5.00377	1	78	0	0	0	0.505154	0.503927	0.506447	0.505136	0.502383	0.506603	0.908572	0.902927	0.914627	0.908545	0.902747	0.914313	1.79861	1.79861	5.43735	
7.26245	1	71	5.82563	1	69	5.0453	1	65	0	0	0	0.510182	0.50877	0.510937	0.510189	0.507293	0.51158	0.917605	0.915217	0.9211	0.91762	0.911887	0.923423	1.79858	1.79859	5.46879	
7.65831	1	81	5.87575	1	79	5.09378	1	79	0	0	0	0.515203	0.513297	0.51664	0.515217	0.51223	0.51663	0.926658	0.921487	0.933543	0.926687	0.920557	0.932013	1.79863	1.79863	5.50462	
8.39146	1	97	5.91527	1	79	5.13095	1	79	0	0	0	0.52017	0.51878	0.52111	0.520142	0.517303	0.52163	0.935827	0.930847	0.93929	0.935773	0.929463	0.940787	1.79908	1.79907	5.53269	
9.22937	1	87	5.9574	1	70	5.17581	1	66	0	0	0	0.525166	0.523303	0.526787	0.525179	0.522467	0.52681	0.944874	0.94153	0.949657	0.944901	0.938847	0.949343	1.79919	1.7992	5.56287	
10.9644	1	109	6.00787	1	77	5.22974	1	77	0	0	0	0.529941	0.528822	0.53129	0.529933	0.52784	0.531505	0.954135	0.950333	0.957363	0.954117	0.94728	0.956485	1.80046	1.80045	5.59797	
14.3203	1	200	6.05463	1	85	5.274	1	81	0	0	0	0.534953	0.5339	0.53675	0.534956	0.53299	0.536586	0.96308	0.95878	0.966684	0.96309	0.956468	0.96716	1.80031	1.80032	5.63227	
23.1516	1	260	6.10473	1	77	5.32507	1	77	0	0	0	0.539913	0.539018	0.540615	0.539915	0.537678	0.541613	0.972146	0.966827	0.976145	0.972145	0.964862	0.97486	1.80056	1.80055	5.66853	
55.2538	1	554	6.14366	1	91	5.36636	1	91	0	0	0	0.544845	0.543396	0.546066	0.544823	0.543051	0.545714	0.980451	0.974989	0.98273	0.980411	0.97575	0.983634	1.7995	1.7995	5.69464	
365.256	1	2345	6.18155	1	114	5.40249	1	114	0	0	0	0.549889	0.548559	0.550826	0.5498	0.547989	0.550761	0.989469	0.987453	0.991831	0.989319	0.98468	0.9925	1.7994	1.79941	5.72177	
