3.7968	1	16	3.7968	1	16	3.01929	1	14	0	0	0	0.00503313	0.00481	0.00530333	0.00503292	0	0.02034	0.00901479	0.00842333	0.00938667	0.00901458	0	0.03638	1.79109	1.79113	4.00211	
3.817	1	20	3.817	1	20	3.00808	1	16	0	0	0	0.0100071	0.00965667	0.0101967	0.0100071	0	0.0406567	0.0181071	0.0176567	0.0190767	0.0181073	0	0.0732967	1.80943	1.80945	4.00056	
3.83064	1	22	3.83064	1	22	3.04229	1	18	0	0	0	0.0149985	0.0147133	0.0155233	0.0149983	0	0.0602167	0.0269394	0.0256067	0.0280867	0.0269392	0	0.10803	1.79613	1.79614	4.02456	
3.84195	1	22	3.84195	1	22	3.05301	1	18	0	0	0	0.019986	0.01961	0.02052	0.0199858	0	0.0805067	0.0358335	0.03493	0.03684	0.0358333	0	0.144973	1.79293	1.79294	4.03576	
3.86013	1	25	3.86013	1	25	3.07247	1	21	0	0	0	0.0249837	0.0244333	0.0254267	0.024984	0	0.1007	0.0448033	0.0432067	0.0459867	0.0448042	0	0.18158	1.7933	1.79332	4.049	
3.89157	1	22	3.89157	1	22	3.08619	1	19	0	0	0	0.0300242	0.0295467	0.03048	0.0300242	0	0.12085	0.0540175	0.05332	0.0554333	0.0540175	0	0.21757	1.79913	1.79913	4.07153	
3.92219	1	30	3.92219	1	30	3.11875	1	30	0	0	0	0.0350258	0.03456	0.0356267	0.0350256	0	0.14059	0.0631567	0.0616533	0.06481	0.0631565	0	0.253737	1.80315	1.80315	4.09492	
3.96357	1	34	3.96357	1	34	3.16659	1	30	0	0	0	0.0400277	0.03946	0.04073	0.0400277	0	0.160507	0.0721635	0.0709767	0.07374	0.0721642	0	0.290197	1.80284	1.80286	4.13131	
4.00172	1	30	4.00172	1	30	3.19632	1	30	0	0	0	0.0450169	0.0439567	0.0456967	0.0450169	0	0.18061	0.0811485	0.0793167	0.08211	0.0811488	0	0.325537	1.80262	1.80263	4.1655	
4.04821	1	32	4.04821	1	32	3.24771	1	28	0	0	0	0.0499998	0.0493	0.0506933	0.0499998	0	0.201593	0.0900577	0.0887133	0.0915567	0.0900583	0	0.361353	1.80116	1.80117	4.21008	
4.0903	1	41	4.0903	1	41	3.28943	1	41	0	0	0	0.0550015	0.05412	0.0556867	0.0550017	0	0.221877	0.0989573	0.0961867	0.101667	0.0989569	0	0.397133	1.79918	1.79916	4.24823	
4.14113	1	34	4.14113	1	34	3.344	1	32	0	0	0	0.0599671	0.0591933	0.0606667	0.0599671	0	0.241723	0.107884	0.10628	0.110047	0.107884	0	0.433653	1.79905	1.79905	4.29641	
4.19425	1	37	4.19425	1	37	3.40221	1	33	0	0	0	0.0650215	0.0644433	0.06613	0.0650213	0	0.262283	0.116787	0.114973	0.119243	0.116787	0	0.47075	1.79613	1.79614	4.34837	
4.25038	1	41	4.25037	1	41	3.45368	1	41	0	0	0	0.0699785	0.0688767	0.0706767	0.0699779	0	0.281813	0.125762	0.123223	0.12785	0.125761	0	0.506803	1.79715	1.79715	4.39728	
4.31134	1	42	4.31134	1	42	3.50994	1	42	0	0	0	0.0749754	0.0739667	0.0760933	0.0749744	0	0.30211	0.134679	0.132943	0.137253	0.134676	0	0.543023	1.79631	1.7963	4.45292	
4.38151	1	44	4.38151	1	44	3.59091	1	44	0	0	0	0.0799906	0.0789433	0.0806033	0.079991	0	0.321803	0.143754	0.1418	0.145303	0.143755	0	0.57863	1.79713	1.79714	4.51904	
4.4563	1	42	4.45629	1	42	3.65382	1	42	0	0	0	0.0850135	0.0841767	0.08594	0.0850117	0	0.34175	0.152908	0.15066	0.154753	0.152903	0	0.614843	1.79864	1.79862	4.58748	
4.54048	1	42	4.54047	1	42	3.74852	1	38	0	0	0	0.0900248	0.0892033	0.09142	0.0900252	0	0.361837	0.16201	0.159603	0.16706	0.16201	0	0.650823	1.79961	1.7996	4.66256	
4.62533	1	47	4.6253	1	47	3.82423	1	47	0	0	0	0.0950098	0.0942767	0.09608	0.0950108	0	0.381353	0.170997	0.16884	0.173027	0.170998	0	0.688113	1.79979	1.79978	4.74209	
4.70337	1	45	4.70332	1	45	3.90513	1	44	0	0	0	0.100001	0.0992933	0.10096	0.100001	0	0.40158	0.180058	0.177937	0.182947	0.180055	0	0.725737	1.80056	1.80053	4.81309	
4.81759	1	54	4.81755	1	54	4.0251	1	54	0	0	0	0.105056	0.104367	0.105867	0.105056	0	0.42172	0.189182	0.1872	0.191547	0.189181	0	0.760597	1.80077	1.80077	4.91868	
4.92497	1	45	4.92495	1	45	4.13172	1	44	0	0	0	0.110075	0.108663	0.11093	0.110075	0	0.441893	0.198212	0.19493	0.200707	0.198212	0	0.795747	1.80071	1.8007	5.01768	
5.04941	1	51	5.04931	1	51	4.25896	1	51	0	0	0	0.115057	0.113993	0.11592	0.115055	0	0.462143	0.207168	0.20457	0.210507	0.207162	0	0.83319	1.80056	1.80055	5.13306	
5.17333	1	57	5.1732	1	57	4.36965	1	53	0	0	0	0.120091	0.11929	0.121323	0.120088	0	0.482547	0.216163	0.21313	0.21876	0.216161	0	0.869437	1.8	1.80002	5.25085	
5.29434	1	57	5.29415	1	57	4.50063	1	53	0	0	0	0.125085	0.12432	0.126297	0.125081	0	0.502037	0.22529	0.223193	0.229163	0.22528	0	0.905213	1.80109	1.80107	5.36225	
5.42388	1	57	5.42368	1	57	4.62802	1	57	0	0	0	0.130036	0.12924	0.131267	0.130034	0	0.521217	0.23412	0.231557	0.23707	0.234116	0	0.94007	1.80043	1.80042	5.48453	
5.57695	1	65	5.57675	1	65	4.7784	1	65	0	0	0	0.135046	0.134093	0.136103	0.135045	0	0.541707	0.243109	0.241307	0.245997	0.243109	0	0.976313	1.80019	1.8002	5.62517	
5.73458	1	59	5.73428	1	59	4.9365	1	59	0	0	0	0.140089	0.13944	0.141097	0.138881	0	0.558103	0.252135	0.24934	0.25455	0.25	0	1	1.79982	1.8001	5.77343	
5.91983	1	64	5.91945	1	64	5.11944	1	64	0	0	0	0.145101	0.143857	0.14625	0.13889	0	0.558153	0.261322	0.259377	0.263003	0.25	0	1	1.80097	1.79999	5.94367	
6.09183	1	74	6.09121	1	74	5.30163	1	70	0	0	0	0.150073	0.148857	0.15121	0.138892	0	0.558167	0.270177	0.26602	0.273463	0.25	0	1	1.80031	1.79996	6.1044	
6.30745	1	65	6.30683	1	65	5.50221	1	67	0	0	0	0.155095	0.153963	0.155983	0.138891	0	0.55817	0.279321	0.275037	0.28224	0.25	0	1	1.80096	1.79997	6.30431	
6.51863	1	64	6.51772	1	64	5.7137	1	64	0	0	0	0.160132	0.159087	0.161083	0.138891	0	0.55816	0.288289	0.285193	0.291183	0.25	0	1	1.80032	1.79997	6.5003	
6.75336	1	74	6.75195	1	74	5.94234	1	70	0	0	0	0.165183	0.164203	0.166453	0.138891	0	0.55816	0.297368	0.293813	0.300543	0.25	0	1	1.80023	1.79997	6.71779	
6.98786	1	77	6.98597	1	77	6.1972	1	73	0	0	0	0.170181	0.169017	0.171337	0.138891	0	0.55815	0.306336	0.302677	0.31067	0.25	0	1	1.80006	1.79998	6.93265	
7.22844	1	75	7.22584	1	75	6.43404	1	75	0	0	0	0.175217	0.174117	0.176273	0.138891	0	0.558157	0.315385	0.312637	0.31849	0.25	0	1	1.79997	1.79997	7.15475	
7.53225	1	70	7.52888	1	70	6.73317	1	81	0	0	0	0.18028	0.178787	0.181217	0.138894	0	0.55816	0.324327	0.32116	0.326523	0.25	0	1	1.79901	1.79994	7.43719	
7.82017	1	76	7.81579	1	76	7.01475	1	90	0	0	0	0.18528	0.18345	0.18669	0.138893	0	0.558163	0.333208	0.331463	0.33741	0.25	0	1	1.7984	1.79995	7.69935	
8.15866	1	74	8.15271	1	74	7.37295	1	74	0	0	0	0.190258	0.18945	0.191683	0.138891	0	0.55817	0.34208	0.339013	0.34423	0.25	0	1	1.79798	1.79997	8.01327	
8.54605	1	72	8.53814	1	72	7.73856	1	73	0	0	0	0.195212	0.19321	0.1966	0.138895	0	0.558183	0.350996	0.34645	0.353823	0.25	0	1	1.79803	1.79992	8.36869	
8.94487	1	90	8.93149	1	90	8.15326	1	90	0	0	0	0.200214	0.19899	0.201843	0.138893	0	0.55817	0.360125	0.35611	0.364773	0.25	0	1	1.7987	1.79995	8.72909	
9.38231	1	80	9.36776	1	80	8.5785	1	85	0	0	0	0.205178	0.203447	0.206533	0.138894	0	0.55816	0.369072	0.365927	0.371617	0.25	0	1	1.79879	1.79993	9.12702	
9.88164	1	84	9.85824	1	84	9.08281	1	102	0	0	0	0.210146	0.209193	0.210833	0.138894	0	0.55818	0.377912	0.37409	0.37995	0.25	0	1	1.79833	1.79994	9.57442	
10.4203	1	106	10.3879	1	88	9.60817	1	88	0	0	0	0.215113	0.214033	0.21652	0.138893	0	0.55817	0.386873	0.383873	0.390327	0.25	0	1	1.79846	1.79995	10.0535	
11.0603	1	126	11.0052	1	102	10.2527	1	98	0	0	0	0.220135	0.218983	0.22155	0.138894	0	0.558163	0.395772	0.393563	0.397797	0.25	0	1	1.79786	1.79994	10.6104	
11.7972	1	107	11.7125	1	107	10.9628	1	107	0	0	0	0.225164	0.224647	0.225963	0.138895	0	0.558173	0.404797	0.402063	0.407097	0.25	0	1	1.79779	1.79993	11.2404	
12.5933	1	149	12.4778	1	99	11.773	1	113	0	0	0	0.22999	0.228955	0.23125	0.138925	0	0.557145	0.41363	0.410888	0.416198	0.25	0	1	1.79847	1.79953	11.9147	
13.6028	1	143	13.4162	1	107	12.6814	1	116	0	0	0	0.23507	0.23383	0.23663	0.138894	0	0.55816	0.422628	0.418507	0.42607	0.25	0	1	1.79788	1.79994	12.7474	
14.9133	1	297	14.5333	1	110	13.7771	1	110	0	0	0	0.24003	0.238893	0.242187	0.138892	0	0.558157	0.43155	0.427747	0.436627	0.25	0	1	1.7979	1.79996	13.7129	
16.5676	1	404	15.8386	1	111	15.1229	1	112	0	0	0	0.24505	0.244253	0.246043	0.138895	0	0.55816	0.440688	0.436627	0.444483	0.25	0	1	1.79836	1.79992	14.8158	
19.0556	1	462	17.4442	1	138	16.7779	1	138	0	0	0	0.249961	0.248477	0.25131	0.138895	0	0.558173	0.449549	0.445797	0.452603	0.25	0	1	1.79847	1.79992	16.165	
22.6909	1	656	19.4392	1	158	18.8188	1	158	0	0	0	0.254964	0.25383	0.256647	0.138894	0	0.558163	0.458597	0.45551	0.46243	0.25	0	1	1.79868	1.79993	17.8051	
35.363	1	1142	22.361	1	162	21.7527	1	166	0	0	0	0.259973	0.2587	0.261123	0.138893	0	0.558167	0.467604	0.46453	0.470857	0.25	0	1	1.79867	1.79995	20.0935	
101.24	1	4134	26.7397	1	190	26.0909	1	192	0	0	0	0.265002	0.26314	0.266663	0.138895	0	0.558197	0.476581	0.4737	0.478723	0.25	0	1	1.79841	1.79992	23.4069	
3561.09	1	48090	30.1516	1	249	29.4515	1	266	0	0	0	0.270024	0.26872	0.271523	0.138907	0	0.55806	0.485605	0.481313	0.491187	0.25	0	1	1.79838	1.79977	25.8234	
