5.30063	2	16	5.30063	2	16	4.5358	2	12	0	0	0	0.00503313	0.00481	0.00530333	0.00503292	0.00481	0.0053	0.00901479	0.00842333	0.00938667	0.00901458	0.00842333	0.00938667	1.79109	1.79113	5.5025	
5.33154	2	16	5.33154	2	16	4.52029	2	12	0	0	0	0.0100071	0.00965667	0.0101967	0.0100069	0.00965667	0.0101967	0.0181071	0.0176567	0.0190767	0.0181075	0.0176567	0.0190767	1.80943	1.80951	5.50901	
5.33213	2	16	5.33213	2	16	4.54718	2	13	0	0	0	0.0149985	0.0147133	0.0155233	0.0149981	0.0147133	0.01552	0.0269394	0.0256067	0.0280867	0.026939	0.0256067	0.0280867	1.79613	1.79616	5.51461	
5.31991	2	16	5.31991	2	16	4.54352	2	15	0	0	0	0.019986	0.01961	0.02052	0.0199858	0.01961	0.0205167	0.0358335	0.03493	0.03684	0.0358333	0.03493	0.0368367	1.79293	1.79294	5.50206	
5.32933	2	20	5.32933	2	20	4.54329	2	16	0	0	0	0.0249837	0.0244333	0.0254267	0.024984	0.0244333	0.0254233	0.0448033	0.0432067	0.0459867	0.0448046	0.0432067	0.0459833	1.7933	1.79333	5.50256	
5.34754	2	20	5.34754	2	20	4.5408	2	18	0	0	0	0.0300242	0.0295467	0.03048	0.0300242	0.0295433	0.0304767	0.0540175	0.05332	0.0554333	0.0540175	0.0533167	0.0554333	1.79913	1.79913	5.50823	
5.35727	2	20	5.35727	2	20	4.56642	2	16	0	0	0	0.0350258	0.03456	0.0356267	0.0350254	0.03456	0.0356267	0.0631567	0.0616533	0.06481	0.0631562	0.0616533	0.0648067	1.80315	1.80315	5.50488	
5.37395	2	20	5.37395	2	20	4.57599	2	16	0	0	0	0.0400277	0.03946	0.04073	0.0400275	0.03946	0.0407267	0.0721635	0.0709767	0.07374	0.072164	0.07098	0.0737367	1.80284	1.80286	5.51521	
5.37463	2	21	5.37463	2	21	4.57567	2	17	0	0	0	0.0450169	0.0439567	0.0456967	0.0450171	0.0439567	0.0456967	0.0811485	0.0793167	0.08211	0.0811496	0.0793167	0.08211	1.80262	1.80264	5.51111	
5.38157	2	20	5.38156	2	20	4.58825	2	16	0	0	0	0.0499998	0.0493	0.0506933	0.05	0.0493	0.05069	0.0900577	0.0887133	0.0915567	0.090059	0.0887133	0.0915667	1.80116	1.80118	5.50935	
5.38565	2	20	5.38563	2	20	4.59624	2	17	0	0	0	0.0550015	0.05412	0.0556867	0.0550019	0.05412	0.0556867	0.0989573	0.0961867	0.101667	0.0989585	0.0961867	0.101667	1.79918	1.79918	5.51014	
5.39946	2	20	5.39942	2	20	4.60767	2	17	0	0	0	0.0599671	0.0591933	0.0606667	0.0599677	0.0591933	0.0606667	0.107884	0.10628	0.110047	0.107884	0.106283	0.110047	1.79905	1.79903	5.52035	
5.40392	2	21	5.40387	2	21	4.62488	2	20	0	0	0	0.0650215	0.0644433	0.06613	0.0650215	0.06444	0.0661367	0.116787	0.114973	0.119243	0.116787	0.114973	0.119243	1.79613	1.79613	5.51557	
5.40961	2	21	5.40959	2	21	4.62215	2	18	0	0	0	0.0699785	0.0688767	0.0706767	0.0699785	0.0688767	0.0706767	0.125762	0.123223	0.12785	0.125761	0.123223	0.127847	1.79715	1.79713	5.51439	
5.43006	2	24	5.43003	2	24	4.63901	2	20	0	0	0	0.0749754	0.0739667	0.0760933	0.074976	0.0739633	0.0760933	0.134679	0.132943	0.137253	0.134679	0.132947	0.137253	1.79631	1.79629	5.52819	
5.42509	2	21	5.42498	2	21	4.64423	2	20	0	0	0	0.0799906	0.0789433	0.0806033	0.0799915	0.07894	0.08061	0.143754	0.1418	0.145303	0.143755	0.141793	0.145307	1.79713	1.79713	5.51696	
5.44337	2	22	5.44324	2	22	4.6626	2	22	0	0	0	0.0850135	0.0841767	0.08594	0.0850135	0.0841767	0.0859433	0.152908	0.15066	0.154753	0.152906	0.150663	0.154753	1.79864	1.79861	5.52695	
5.45016	2	22	5.45008	2	22	4.66681	2	22	0	0	0	0.0900248	0.0892033	0.09142	0.0900258	0.0892067	0.09142	0.16201	0.159603	0.16706	0.162011	0.15961	0.16706	1.79961	1.7996	5.52504	
5.46601	2	25	5.46574	2	24	4.68371	2	21	0	0	0	0.0950098	0.0942767	0.09608	0.0950106	0.0942767	0.0960767	0.170997	0.16884	0.173027	0.170999	0.16884	0.17303	1.79979	1.79978	5.53228	
5.47399	2	24	5.4735	2	24	4.6934	2	21	0	0	0	0.100001	0.0992933	0.10096	0.100001	0.09929	0.10096	0.180058	0.177937	0.182947	0.18006	0.177937	0.182947	1.80056	1.80058	5.53234	
5.48138	2	24	5.48109	2	23	4.69653	2	23	0	0	0	0.105056	0.104367	0.105867	0.105057	0.10436	0.10587	0.189182	0.1872	0.191547	0.189182	0.187197	0.19155	1.80077	1.80076	5.53099	
5.49716	2	29	5.49645	2	28	4.7192	2	24	0	0	0	0.110075	0.108663	0.11093	0.110075	0.108663	0.11093	0.198212	0.19493	0.200707	0.198213	0.19493	0.20071	1.80071	1.80071	5.53973	
5.50985	2	28	5.50919	2	28	4.72683	2	28	0	0	0	0.115057	0.113993	0.11592	0.115056	0.113987	0.115927	0.207168	0.20457	0.210507	0.207164	0.204577	0.210503	1.80056	1.80054	5.54394	
5.51936	2	25	5.51872	2	24	4.74142	2	24	0	0	0	0.120091	0.11929	0.121323	0.120092	0.119293	0.12132	0.216163	0.21313	0.21876	0.216165	0.213137	0.21876	1.8	1.8	5.54754	
5.53371	2	31	5.53222	2	24	4.75424	2	24	0	0	0	0.125085	0.12432	0.126297	0.125085	0.12433	0.1263	0.22529	0.223193	0.229163	0.225288	0.223183	0.229167	1.80109	1.80108	5.55064	
5.54247	2	28	5.54129	2	24	4.75951	2	24	0	0	0	0.130036	0.12924	0.131267	0.130035	0.12924	0.131267	0.23412	0.231557	0.23707	0.234121	0.23156	0.23708	1.80043	1.80044	5.55244	
5.55799	2	27	5.55641	2	24	4.77958	2	24	0	0	0	0.135046	0.134093	0.136103	0.135046	0.134083	0.136107	0.243109	0.241307	0.245997	0.243108	0.24131	0.246	1.80019	1.80018	5.55971	
5.5651	2	27	5.56356	2	27	4.78786	2	24	0	0	0	0.140089	0.13944	0.141097	0.140088	0.13944	0.1411	0.252135	0.24934	0.25455	0.252131	0.249343	0.254553	1.79982	1.79981	5.55885	
5.58472	2	28	5.58248	2	24	4.80424	2	24	0	0	0	0.145101	0.143857	0.14625	0.1451	0.143853	0.14625	0.261322	0.259377	0.263003	0.261322	0.259373	0.263	1.80097	1.80097	5.56537	
5.59455	2	29	5.59194	2	27	4.81455	2	27	0	0	0	0.150073	0.148857	0.15121	0.150072	0.14886	0.151207	0.270177	0.26602	0.273463	0.270176	0.26603	0.273453	1.80031	1.80031	5.57061	
5.60861	2	34	5.60517	2	24	4.83257	2	24	0	0	0	0.155095	0.153963	0.155983	0.155096	0.153967	0.155983	0.279321	0.275037	0.28224	0.279322	0.275047	0.282253	1.80096	1.80097	5.57098	
5.62132	2	31	5.61783	2	26	4.846	2	26	0	0	0	0.160132	0.159087	0.161083	0.160131	0.1591	0.161083	0.288289	0.285193	0.291183	0.288288	0.28522	0.291183	1.80032	1.80032	5.5767	
5.63413	2	31	5.62994	2	28	4.85211	2	25	0	0	0	0.165183	0.164203	0.166453	0.165184	0.164197	0.166453	0.297368	0.293813	0.300543	0.297369	0.293817	0.300557	1.80023	1.80023	5.5817	
5.65408	2	33	5.64812	2	26	4.87935	2	24	0	0	0	0.170181	0.169017	0.171337	0.170179	0.169013	0.171333	0.306336	0.302677	0.31067	0.306336	0.302687	0.31069	1.80006	1.80008	5.59115	
5.65585	2	33	5.64986	2	30	4.87437	2	30	0	0	0	0.175217	0.174117	0.176273	0.175216	0.174123	0.176273	0.315385	0.312637	0.31849	0.315386	0.312657	0.318503	1.79997	1.79998	5.586	
5.68061	2	38	5.67314	2	29	4.90169	2	29	0	0	0	0.18028	0.178787	0.181217	0.18028	0.178787	0.181207	0.324327	0.32116	0.326523	0.324325	0.321163	0.326513	1.79901	1.79901	5.5983	
5.69036	2	33	5.68224	2	28	4.91438	2	28	0	0	0	0.18528	0.18345	0.18669	0.185281	0.183453	0.186687	0.333208	0.331463	0.33741	0.333209	0.33148	0.337393	1.7984	1.7984	5.59782	
5.70927	2	40	5.69821	2	30	4.93561	2	30	0	0	0	0.190258	0.18945	0.191683	0.190258	0.18945	0.191683	0.34208	0.339013	0.34423	0.34208	0.339013	0.344227	1.79798	1.79798	5.60346	
5.7119	2	56	5.69962	2	28	4.93538	2	28	0	0	0	0.195212	0.19321	0.1966	0.195213	0.19321	0.1966	0.350996	0.34645	0.353823	0.350998	0.346463	0.353837	1.79803	1.79803	5.60146	
5.73076	2	35	5.71828	2	28	4.95288	2	28	0	0	0	0.200214	0.19899	0.201843	0.200213	0.19898	0.201847	0.360125	0.35611	0.364773	0.360124	0.3561	0.36479	1.7987	1.79871	5.61101	
5.7506	2	47	5.73517	2	32	4.96958	2	32	0	0	0	0.205178	0.203447	0.206533	0.205178	0.203443	0.206537	0.369072	0.365927	0.371617	0.369075	0.36593	0.371613	1.79879	1.7988	5.61276	
5.7675	2	44	5.75054	2	33	4.98581	2	33	0	0	0	0.210146	0.209193	0.210833	0.210145	0.20919	0.210833	0.377912	0.37409	0.37995	0.377911	0.374097	0.37994	1.79833	1.79833	5.61796	
5.78334	2	50	5.76145	2	31	4.99827	2	28	0	0	0	0.215113	0.214033	0.21652	0.215113	0.214027	0.21652	0.386873	0.383873	0.390327	0.38687	0.383853	0.39032	1.79846	1.79845	5.62085	
5.80254	2	46	5.77948	2	31	5.01766	2	31	0	0	0	0.220135	0.218983	0.22155	0.220136	0.21898	0.22155	0.395772	0.393563	0.397797	0.395772	0.393567	0.397787	1.79786	1.79786	5.6279	
5.81921	2	43	5.79304	2	32	5.02687	2	32	0	0	0	0.225164	0.224647	0.225963	0.225162	0.224627	0.225967	0.404797	0.402063	0.407097	0.404799	0.40208	0.407097	1.79779	1.79781	5.63206	
5.84009	2	58	5.80605	2	32	5.04456	2	32	0	0	0	0.230132	0.228587	0.232	0.230131	0.22859	0.232003	0.413767	0.408927	0.41791	0.413768	0.408937	0.417907	1.79796	1.79796	5.63367	
5.84623	2	52	5.81425	2	35	5.05156	2	32	0	0	0	0.23507	0.23383	0.23663	0.23507	0.233833	0.23663	0.422628	0.418507	0.42607	0.422628	0.41852	0.426067	1.79788	1.79788	5.63933	
5.87499	2	56	5.83687	2	38	5.07846	2	35	0	0	0	0.24003	0.238893	0.242187	0.240031	0.238893	0.242183	0.43155	0.427747	0.436627	0.43155	0.427747	0.43661	1.7979	1.7979	5.64623	
5.89793	2	66	5.8514	2	38	5.08617	2	34	0	0	0	0.24505	0.244253	0.246043	0.245049	0.244253	0.24605	0.440688	0.436627	0.444483	0.440688	0.43663	0.44449	1.79836	1.79837	5.64936	
5.91739	2	58	5.86329	2	32	5.10493	2	32	0	0	0	0.249961	0.248477	0.25131	0.24996	0.248477	0.251307	0.449549	0.445797	0.452603	0.449546	0.445797	0.452607	1.79847	1.79847	5.64967	
5.93403	2	64	5.87625	2	36	5.11449	2	36	0	0	0	0.254964	0.25383	0.256647	0.254962	0.253833	0.256647	0.458597	0.45551	0.46243	0.458593	0.455507	0.46245	1.79868	1.79867	5.65314	
5.96175	2	54	5.89702	2	38	5.13328	2	34	0	0	0	0.259973	0.2587	0.261123	0.259974	0.258707	0.26112	0.467604	0.46453	0.470857	0.467604	0.464513	0.470853	1.79867	1.79866	5.66135	
5.98853	2	56	5.90849	2	33	5.15092	2	33	0	0	0	0.265002	0.26314	0.266663	0.265004	0.26314	0.266663	0.476581	0.4737	0.478723	0.476584	0.473687	0.47873	1.79841	1.79841	5.66216	
6.01122	2	60	5.92748	2	41	5.16374	2	41	0	0	0	0.270024	0.26872	0.271523	0.270022	0.268723	0.27152	0.485605	0.481313	0.491187	0.485603	0.481307	0.491173	1.79838	1.79838	5.66856	
6.04519	2	65	5.94325	2	34	5.18383	2	34	0	0	0	0.275017	0.274063	0.276677	0.275019	0.27406	0.27668	0.494525	0.490707	0.49701	0.494525	0.49069	0.497013	1.79816	1.79815	5.67598	
6.06621	2	73	5.95721	2	41	5.19522	2	41	0	0	0	0.280041	0.278987	0.28115	0.280039	0.278987	0.281143	0.503516	0.49919	0.50723	0.503517	0.499197	0.507247	1.79801	1.79802	5.67856	
6.09258	2	70	5.96424	2	41	5.204	2	41	0	0	0	0.285015	0.28285	0.286227	0.285015	0.282847	0.28624	0.512439	0.509477	0.517123	0.51244	0.509487	0.517113	1.79794	1.79794	5.67738	
6.13658	2	74	5.98402	2	34	5.22293	2	34	0	0	0	0.290035	0.288213	0.29115	0.290034	0.288207	0.291143	0.521427	0.518177	0.52464	0.521426	0.518187	0.524647	1.79781	1.79781	5.68447	
6.17603	2	87	6.00414	2	38	5.24262	2	38	0	0	0	0.295025	0.293633	0.29691	0.295024	0.293627	0.29692	0.530447	0.52501	0.53639	0.530446	0.525013	0.536393	1.79797	1.79797	5.68706	
6.21281	2	91	6.01212	2	36	5.2545	2	35	0	0	0	0.300039	0.298963	0.301397	0.300036	0.298963	0.301403	0.539366	0.534617	0.545557	0.539363	0.53461	0.54555	1.79766	1.79766	5.69008	
6.27823	2	102	6.03408	2	39	5.27079	2	36	0	0	0	0.305054	0.30396	0.306623	0.305051	0.30395	0.30662	0.548402	0.545333	0.551867	0.548396	0.54534	0.551843	1.79772	1.79772	5.69556	
6.30598	2	90	6.04628	2	36	5.28879	2	36	0	0	0	0.310057	0.30876	0.311037	0.310058	0.30876	0.311037	0.557393	0.555433	0.56053	0.557395	0.555443	0.56053	1.79771	1.79771	5.69664	
6.33878	2	96	6.06366	2	40	5.30273	2	40	0	0	0	0.315018	0.3131	0.315813	0.31502	0.313097	0.31581	0.56651	0.56362	0.569487	0.566513	0.56363	0.569467	1.79834	1.79834	5.70435	
6.41646	2	96	6.08157	2	43	5.32701	2	42	0	0	0	0.319978	0.318667	0.321327	0.319978	0.318683	0.321327	0.575376	0.57096	0.578647	0.575374	0.570973	0.578633	1.79817	1.79817	5.70528	
6.49009	2	112	6.08761	2	43	5.32607	2	43	0	0	0	0.324963	0.323333	0.32657	0.324964	0.323337	0.32657	0.584288	0.579693	0.590617	0.584289	0.579697	0.590623	1.79801	1.79801	5.70537	
6.57127	2	108	6.10514	2	43	5.34627	2	43	0	0	0	0.329995	0.328477	0.331403	0.329994	0.32847	0.331403	0.593321	0.589803	0.597323	0.593321	0.589817	0.597327	1.79797	1.79798	5.70869	
6.64002	2	118	6.11851	2	43	5.35898	2	39	0	0	0	0.33498	0.33369	0.336843	0.33498	0.333673	0.33684	0.602199	0.596837	0.608647	0.602196	0.59682	0.60864	1.79772	1.79771	5.71145	
6.73922	2	151	6.14338	2	55	5.38127	2	55	0	0	0	0.339972	0.3384	0.341493	0.339974	0.3384	0.341493	0.611186	0.606573	0.61572	0.611187	0.606573	0.61572	1.79775	1.79775	5.71811	
6.86741	2	148	6.1576	2	47	5.39805	2	44	0	0	0	0.344972	0.34323	0.347067	0.344969	0.343227	0.347063	0.620326	0.61706	0.624693	0.62032	0.617063	0.624703	1.79819	1.79819	5.72138	
7.04573	2	177	6.18171	2	51	5.42291	2	51	0	0	0	0.350013	0.348187	0.352047	0.35001	0.34817	0.35204	0.629309	0.624293	0.634783	0.629301	0.624277	0.634773	1.79796	1.79795	5.72611	
7.18108	2	194	6.18463	2	48	5.42659	2	48	0	0	0	0.354954	0.353333	0.35686	0.35496	0.353343	0.35685	0.638292	0.63419	0.642183	0.638303	0.634193	0.6422	1.79824	1.79824	5.72062	
7.3552	2	213	6.20646	2	41	5.45207	2	41	0	0	0	0.35996	0.35773	0.361793	0.359964	0.35773	0.361803	0.647306	0.642303	0.65166	0.647311	0.642317	0.651667	1.79827	1.79827	5.7282	
7.49185	2	214	6.21397	2	42	5.45391	2	42	0	0	0	0.364936	0.363277	0.366163	0.364938	0.363287	0.366163	0.656224	0.650983	0.659817	0.656226	0.651007	0.65981	1.79819	1.79819	5.72756	
7.84853	2	203	6.23608	2	44	5.47844	2	44	0	0	0	0.369957	0.368493	0.371237	0.369957	0.368497	0.371273	0.665191	0.659613	0.66898	0.665187	0.659617	0.668987	1.79802	1.79801	5.73491	
8.29243	2	254	6.25645	2	48	5.49506	2	48	0	0	0	0.374921	0.373173	0.376247	0.374924	0.373173	0.376243	0.674083	0.66984	0.677047	0.674083	0.66984	0.677053	1.79793	1.79792	5.73993	
8.52359	2	267	6.26705	2	49	5.50835	2	49	0	0	0	0.379932	0.37863	0.381637	0.379931	0.37861	0.381637	0.683162	0.678603	0.68721	0.683168	0.678583	0.687207	1.79812	1.79814	5.73868	
9.4043	2	418	6.28718	2	51	5.52708	2	47	0	0	0	0.384904	0.383696	0.386576	0.384911	0.383696	0.38658	0.692365	0.689042	0.694978	0.692376	0.689038	0.694972	1.7988	1.79879	5.73977	
10.0587	2	320	6.30459	2	44	5.54506	2	44	0	0	0	0.389952	0.38869	0.39126	0.389961	0.38868	0.39126	0.701052	0.69886	0.705543	0.701061	0.698867	0.70554	1.79779	1.79777	5.74658	
11.7072	2	495	6.31661	2	48	5.55639	2	48	0	0	0	0.39483	0.39324	0.39697	0.394847	0.393245	0.396967	0.710014	0.70517	0.714275	0.71004	0.705178	0.714268	1.79828	1.79827	5.74593	
13.6336	2	594	6.33891	2	46	5.57857	2	44	0	0	0	0.399829	0.397825	0.4019	0.399831	0.397825	0.401898	0.71891	0.715205	0.722692	0.718912	0.715198	0.722735	1.79804	1.79804	5.74976	
17.3867	2	608	6.35988	2	55	5.59684	2	55	0	0	0	0.404827	0.404177	0.405924	0.404819	0.404179	0.405931	0.728687	0.726769	0.731314	0.728674	0.726771	0.731309	1.8	1.8	5.75234	
27.8397	2	955	6.3802	2	51	5.61386	2	51	0	0	0	0.40992	0.408303	0.41159	0.409897	0.408302	0.411588	0.737875	0.734308	0.742323	0.737833	0.733887	0.742322	1.80005	1.80005	5.75518	
72.5936	2	2627	6.39654	2	57	5.63293	2	57	0	0	0	0.414847	0.41365	0.415773	0.414902	0.413649	0.415774	0.746734	0.743441	0.750024	0.746835	0.743441	0.750026	1.80002	1.80003	5.75689	
819.743	2	14669	6.40097	2	49	5.63237	2	49	0	0	0	0.419852	0.418914	0.420634	0.419304	0.413936	0.420636	0.755766	0.75316	0.757196	0.754776	0.744844	0.7572	1.80008	1.80007	5.75637	
