5.29289	2	16	5.29289	2	16	4.47642	2	12	0	0	0	0.00503313	0.00481	0.00530333	0.00503292	0.00481	0.0053	0.00901479	0.00842333	0.00938667	0.00901458	0.00842333	0.00938667	1.79109	1.79113	5.49493	
5.31524	2	16	5.31524	2	16	4.52868	2	12	0	0	0	0.0100071	0.00965667	0.0101967	0.0100069	0.00965667	0.0101967	0.0181071	0.0176567	0.0190767	0.0181073	0.0176567	0.0190767	1.80943	1.80949	5.49286	
5.32625	2	16	5.32625	2	16	4.55312	2	16	0	0	0	0.0149985	0.0147133	0.0155233	0.0149981	0.0147133	0.01552	0.0269394	0.0256067	0.0280867	0.026939	0.0256067	0.0280867	1.79613	1.79616	5.50797	
5.3175	2	16	5.3175	2	16	4.52919	2	16	0	0	0	0.019986	0.01961	0.02052	0.0199856	0.01961	0.0205167	0.0358335	0.03493	0.03684	0.0358323	0.03493	0.0368367	1.79293	1.7929	5.49726	
5.33104	2	19	5.33104	2	19	4.54534	2	16	0	0	0	0.0249837	0.0244333	0.0254267	0.0249837	0.0244333	0.0254233	0.0448033	0.0432067	0.0459867	0.0448042	0.0432067	0.0459833	1.7933	1.79333	5.50424	
5.34892	2	20	5.34892	2	20	4.55001	2	16	0	0	0	0.0300242	0.0295467	0.03048	0.030024	0.0295433	0.0304767	0.0540175	0.05332	0.0554333	0.0540173	0.0533167	0.0554333	1.79913	1.79914	5.50834	
5.35135	2	24	5.35135	2	24	4.55306	2	20	0	0	0	0.0350258	0.03456	0.0356267	0.0350254	0.0345567	0.0356267	0.0631567	0.0616533	0.06481	0.0631562	0.06165	0.0648067	1.80315	1.80315	5.49994	
5.35797	2	21	5.35797	2	21	4.56601	2	17	0	0	0	0.0400277	0.03946	0.04073	0.0400277	0.0394567	0.0407267	0.0721635	0.0709767	0.07374	0.0721633	0.0709833	0.0737367	1.80284	1.80283	5.49964	
5.37458	2	20	5.37458	2	20	4.57217	2	17	0	0	0	0.0450169	0.0439567	0.0456967	0.0450169	0.0439567	0.0456967	0.0811485	0.0793167	0.08211	0.0811494	0.0793167	0.08211	1.80262	1.80264	5.50997	
5.37778	2	20	5.37778	2	20	4.5873	2	16	0	0	0	0.0499998	0.0493	0.0506933	0.05	0.0493	0.05069	0.0900577	0.0887133	0.0915567	0.0900588	0.0887133	0.0915667	1.80116	1.80117	5.50699	
5.38518	2	21	5.38515	2	21	4.60242	2	21	0	0	0	0.0550015	0.05412	0.0556867	0.0550013	0.0541167	0.0556833	0.0989573	0.0961867	0.101667	0.0989575	0.0961767	0.101663	1.79918	1.79919	5.51108	
5.39205	2	20	5.39205	2	20	4.60386	2	20	0	0	0	0.0599671	0.0591933	0.0606667	0.0599669	0.0591933	0.0606633	0.107884	0.10628	0.110047	0.107883	0.106283	0.110047	1.79905	1.79905	5.51025	
5.40013	2	20	5.40009	2	20	4.61222	2	19	0	0	0	0.0650215	0.0644433	0.06613	0.0650213	0.06444	0.0661367	0.116787	0.114973	0.119243	0.116787	0.11497	0.119243	1.79613	1.79614	5.51385	
5.41314	2	21	5.41308	2	20	4.63323	2	20	0	0	0	0.0699785	0.0688767	0.0706767	0.0699785	0.0688767	0.0706767	0.125762	0.123223	0.12785	0.125761	0.123223	0.127847	1.79715	1.79714	5.51925	
5.41362	2	21	5.41343	2	21	4.62654	2	20	0	0	0	0.0749754	0.0739667	0.0760933	0.0749754	0.0739633	0.0760933	0.134679	0.132943	0.137253	0.134678	0.132947	0.137253	1.79631	1.79629	5.5145	
5.42819	2	24	5.42812	2	24	4.64408	2	20	0	0	0	0.0799906	0.0789433	0.0806033	0.0799912	0.07894	0.0806067	0.143754	0.1418	0.145303	0.143755	0.141793	0.145303	1.79713	1.79713	5.51837	
5.44719	2	21	5.44705	2	21	4.66864	2	19	0	0	0	0.0850135	0.0841767	0.08594	0.0850131	0.0841767	0.0859433	0.152908	0.15066	0.154753	0.152906	0.15066	0.154753	1.79864	1.79861	5.52732	
5.45444	2	27	5.45418	2	27	4.6686	2	27	0	0	0	0.0900248	0.0892033	0.09142	0.0900258	0.0892067	0.09142	0.16201	0.159603	0.16706	0.16201	0.159607	0.16706	1.79961	1.79959	5.52889	
5.46439	2	24	5.46402	2	24	4.68165	2	24	0	0	0	0.0950098	0.0942767	0.09608	0.09501	0.0942767	0.0960767	0.170997	0.16884	0.173027	0.170998	0.168837	0.17303	1.79979	1.79979	5.52924	
5.47424	2	24	5.474	2	24	4.6914	2	20	0	0	0	0.100001	0.0992933	0.10096	0.100001	0.09929	0.10096	0.180058	0.177937	0.182947	0.180057	0.177937	0.182947	1.80056	1.80055	5.52932	
5.482	2	27	5.48145	2	24	4.69698	2	21	0	0	0	0.105056	0.104367	0.105867	0.105057	0.10436	0.10587	0.189182	0.1872	0.191547	0.189182	0.187197	0.19155	1.80077	1.80076	5.53314	
5.49291	2	26	5.49236	2	22	4.70764	2	20	0	0	0	0.110075	0.108663	0.11093	0.110075	0.108663	0.11093	0.198212	0.19493	0.200707	0.198213	0.19493	0.200707	1.80071	1.80071	5.53415	
5.51029	2	30	5.50944	2	24	4.72444	2	24	0	0	0	0.115057	0.113993	0.11592	0.115057	0.113997	0.115923	0.207168	0.20457	0.210507	0.207166	0.204573	0.21051	1.80056	1.80055	5.54454	
5.52224	2	27	5.52113	2	24	4.74385	2	20	0	0	0	0.120091	0.11929	0.121323	0.120092	0.119293	0.12132	0.216163	0.21313	0.21876	0.216167	0.21314	0.21876	1.8	1.80002	5.54794	
5.53336	2	27	5.53237	2	24	4.75456	2	23	0	0	0	0.125085	0.12432	0.126297	0.125085	0.124333	0.1263	0.22529	0.223193	0.229163	0.22529	0.223187	0.229167	1.80109	1.8011	5.55058	
5.54217	2	31	5.54055	2	27	4.76012	2	27	0	0	0	0.130036	0.12924	0.131267	0.130035	0.12924	0.131267	0.23412	0.231557	0.23707	0.234121	0.23156	0.23708	1.80043	1.80044	5.55104	
5.55443	2	28	5.55274	2	24	4.77552	2	21	0	0	0	0.135046	0.134093	0.136103	0.135047	0.134087	0.136107	0.243109	0.241307	0.245997	0.243108	0.241313	0.246	1.80019	1.80018	5.55529	
5.56872	2	28	5.56727	2	27	4.79298	2	27	0	0	0	0.140089	0.13944	0.141097	0.140086	0.139437	0.1411	0.252135	0.24934	0.25455	0.252128	0.24934	0.254553	1.79982	1.7998	5.56038	
5.58437	2	28	5.58171	2	28	4.8045	2	24	0	0	0	0.145101	0.143857	0.14625	0.1451	0.143857	0.146247	0.261322	0.259377	0.263003	0.261322	0.259377	0.263	1.80097	1.80098	5.56585	
5.59412	2	29	5.5911	2	28	4.82048	2	26	0	0	0	0.150073	0.148857	0.15121	0.150071	0.14886	0.151207	0.270177	0.26602	0.273463	0.270175	0.266027	0.273453	1.80031	1.80031	5.56728	
5.60302	2	30	5.5996	2	25	4.82587	2	25	0	0	0	0.155095	0.153963	0.155983	0.155095	0.153967	0.155983	0.279321	0.275037	0.28224	0.279321	0.275043	0.282243	1.80096	1.80096	5.56608	
5.62678	2	36	5.62337	2	26	4.85442	2	25	0	0	0	0.160132	0.159087	0.161083	0.160131	0.1591	0.161083	0.288289	0.285193	0.291183	0.288289	0.28522	0.291183	1.80032	1.80034	5.57784	
5.6348	2	32	5.63088	2	28	4.85739	2	28	0	0	0	0.165183	0.164203	0.166453	0.165184	0.1642	0.166453	0.297368	0.293813	0.300543	0.297369	0.293813	0.300557	1.80023	1.80023	5.58025	
5.65071	2	33	5.64475	2	28	4.87407	2	28	0	0	0	0.170181	0.169017	0.171337	0.170179	0.169013	0.17133	0.306336	0.302677	0.31067	0.306334	0.302683	0.310687	1.80006	1.80007	5.58538	
5.65657	2	34	5.65089	2	30	4.87762	2	30	0	0	0	0.175217	0.174117	0.176273	0.175216	0.174123	0.176273	0.315385	0.312637	0.31849	0.315384	0.312643	0.318507	1.79997	1.79997	5.58532	
5.67555	2	36	5.66821	2	36	4.89956	2	36	0	0	0	0.18028	0.178787	0.181217	0.18028	0.17878	0.181207	0.324327	0.32116	0.326523	0.324325	0.32116	0.326513	1.79901	1.79901	5.59288	
5.69063	2	42	5.6823	2	34	4.91329	2	30	0	0	0	0.18528	0.18345	0.18669	0.18528	0.183453	0.186687	0.333208	0.331463	0.33741	0.333208	0.33148	0.337393	1.7984	1.7984	5.59536	
5.70808	2	36	5.69784	2	30	4.92785	2	30	0	0	0	0.190258	0.18945	0.191683	0.190258	0.18945	0.191683	0.34208	0.339013	0.34423	0.34208	0.339013	0.34423	1.79798	1.79797	5.60185	
5.72282	2	41	5.71116	2	30	4.94218	2	28	0	0	0	0.195212	0.19321	0.1966	0.195211	0.19321	0.196587	0.350996	0.34645	0.353823	0.350995	0.346453	0.353837	1.79803	1.79803	5.60749	
5.73211	2	37	5.71902	2	31	4.95203	2	31	0	0	0	0.200214	0.19899	0.201843	0.200214	0.19898	0.201847	0.360125	0.35611	0.364773	0.360126	0.3561	0.36479	1.7987	1.79871	5.6064	
5.75083	2	40	5.73467	2	30	4.96755	2	30	0	0	0	0.205178	0.203447	0.206533	0.205178	0.203443	0.206537	0.369072	0.365927	0.371617	0.369076	0.36593	0.371613	1.79879	1.79881	5.61085	
5.7698	2	40	5.75207	2	31	4.99155	2	31	0	0	0	0.210146	0.209193	0.210833	0.210145	0.20919	0.210837	0.377912	0.37409	0.37995	0.377911	0.374093	0.37994	1.79833	1.79833	5.6177	
5.78911	2	57	5.76666	2	29	5.00682	2	29	0	0	0	0.215113	0.214033	0.21652	0.215113	0.21403	0.21652	0.386873	0.383873	0.390327	0.38687	0.38387	0.39032	1.79846	1.79845	5.62214	
5.79412	2	49	5.77188	2	35	5.00934	2	35	0	0	0	0.220135	0.218983	0.22155	0.220135	0.218983	0.221543	0.395772	0.393563	0.397797	0.395773	0.393563	0.397783	1.79786	1.79786	5.61969	
5.81864	2	45	5.79267	2	36	5.02836	2	36	0	0	0	0.225164	0.224647	0.225963	0.225165	0.224647	0.225963	0.404797	0.402063	0.407097	0.404801	0.40208	0.407097	1.79779	1.7978	5.63044	
5.83771	2	46	5.80605	2	32	5.04523	2	32	0	0	0	0.230132	0.228587	0.232	0.230132	0.22859	0.232003	0.413767	0.408927	0.41791	0.413769	0.408933	0.417907	1.79796	1.79797	5.63336	
5.85566	2	59	5.82387	2	31	5.05823	2	31	0	0	0	0.23507	0.23383	0.23663	0.235071	0.233833	0.23663	0.422628	0.418507	0.42607	0.422629	0.418523	0.426067	1.79788	1.79787	5.64111	
5.8695	2	49	5.83043	2	36	5.07286	2	36	0	0	0	0.24003	0.238893	0.242187	0.240031	0.238897	0.242183	0.43155	0.427747	0.436627	0.431554	0.427747	0.43661	1.7979	1.79791	5.63934	
5.89292	2	52	5.84902	2	39	5.08915	2	39	0	0	0	0.24505	0.244253	0.246043	0.245049	0.24425	0.24605	0.440688	0.436627	0.444483	0.440686	0.43663	0.44449	1.79836	1.79836	5.64598	
5.92472	2	55	5.87147	2	32	5.11159	2	32	0	0	0	0.249961	0.248477	0.25131	0.249961	0.248473	0.25131	0.449549	0.445797	0.452603	0.449546	0.445793	0.45261	1.79847	1.79846	5.65302	
5.94115	2	53	5.87955	2	34	5.12065	2	34	0	0	0	0.254964	0.25383	0.256647	0.254962	0.253833	0.25664	0.458597	0.45551	0.46243	0.458594	0.455507	0.462447	1.79868	1.79867	5.65453	
5.96152	2	66	5.89497	2	32	5.12916	2	32	0	0	0	0.259973	0.2587	0.261123	0.259974	0.258707	0.261123	0.467604	0.46453	0.470857	0.467605	0.464527	0.470853	1.79867	1.79866	5.65912	
5.98966	2	67	5.90962	2	40	5.14966	2	40	0	0	0	0.265002	0.26314	0.266663	0.265004	0.263137	0.266663	0.476581	0.4737	0.478723	0.476583	0.473697	0.47873	1.79841	1.7984	5.66279	
6.0175	2	86	5.92516	2	35	5.16556	2	35	0	0	0	0.270024	0.26872	0.271523	0.270022	0.26872	0.27152	0.485605	0.481313	0.491187	0.485602	0.481307	0.491173	1.79838	1.79838	5.66418	
6.04825	2	66	5.94741	2	44	5.18784	2	44	0	0	0	0.275017	0.274063	0.276677	0.275017	0.274063	0.276677	0.494525	0.490707	0.49701	0.494523	0.49069	0.49701	1.79816	1.79815	5.67572	
6.06102	2	62	5.94982	2	35	5.18699	2	33	0	0	0	0.280041	0.278987	0.28115	0.28004	0.278987	0.281143	0.503516	0.49919	0.50723	0.503517	0.49921	0.507237	1.79801	1.79802	5.67126	
6.09745	2	76	5.97162	2	37	5.21422	2	36	0	0	0	0.285015	0.28285	0.286227	0.285017	0.28285	0.28625	0.512439	0.509477	0.517123	0.512443	0.509477	0.51712	1.79794	1.79794	5.67974	
6.14017	2	90	5.98841	2	37	5.23112	2	36	0	0	0	0.290035	0.288213	0.29115	0.290034	0.288207	0.291147	0.521427	0.518177	0.52464	0.521426	0.518187	0.524653	1.79781	1.79781	5.68401	
6.16073	2	73	6.00139	2	46	5.24463	2	46	0	0	0	0.295025	0.293633	0.29691	0.295025	0.293627	0.296923	0.530447	0.52501	0.53639	0.530447	0.52501	0.53639	1.79797	1.79797	5.6846	
6.21747	2	101	6.01784	2	39	5.26018	2	37	0	0	0	0.300039	0.298963	0.301397	0.300035	0.298963	0.301403	0.539366	0.534617	0.545557	0.53936	0.53461	0.545547	1.79766	1.79766	5.69033	
6.25618	2	84	6.03193	2	40	5.27513	2	37	0	0	0	0.305054	0.30396	0.306623	0.305053	0.30395	0.306623	0.548402	0.545333	0.551867	0.548398	0.54534	0.55185	1.79772	1.79771	5.69383	
6.27942	2	88	6.04332	2	46	5.28784	2	46	0	0	0	0.310057	0.30876	0.311037	0.310059	0.308753	0.311037	0.557393	0.555433	0.56053	0.557397	0.555437	0.56053	1.79771	1.79771	5.69509	
6.33696	2	88	6.06108	2	37	5.30133	2	37	0	0	0	0.315018	0.3131	0.315813	0.31502	0.313097	0.315817	0.56651	0.56362	0.569487	0.566512	0.56363	0.56948	1.79834	1.79834	5.6999	
6.42816	2	125	6.0795	2	37	5.31979	2	36	0	0	0	0.319978	0.318667	0.321327	0.319977	0.318673	0.321327	0.575376	0.57096	0.578647	0.575373	0.571003	0.578637	1.79817	1.79817	5.70303	
6.47947	2	137	6.09541	2	48	5.34014	2	48	0	0	0	0.324963	0.323333	0.32657	0.324963	0.32334	0.326567	0.584288	0.579693	0.590617	0.584287	0.5797	0.590623	1.79801	1.79801	5.70611	
6.5139	2	95	6.1066	2	46	5.35191	2	46	0	0	0	0.329995	0.328477	0.331403	0.329994	0.32848	0.331403	0.593321	0.589803	0.597323	0.593321	0.589813	0.597317	1.79797	1.79798	5.70966	
6.61082	2	113	6.12567	2	41	5.36932	2	37	0	0	0	0.33498	0.33369	0.336843	0.334979	0.333683	0.336833	0.602199	0.596837	0.608647	0.602194	0.59684	0.60863	1.79772	1.79771	5.71443	
6.73705	2	183	6.14422	2	48	5.3858	2	48	0	0	0	0.339972	0.3384	0.341493	0.339976	0.3384	0.341497	0.611186	0.606573	0.61572	0.611189	0.606573	0.615723	1.79775	1.79774	5.71686	
6.85481	2	154	6.15881	2	44	5.40119	2	44	0	0	0	0.344972	0.34323	0.347067	0.344968	0.343233	0.347063	0.620326	0.61706	0.624693	0.62032	0.617063	0.6247	1.79819	1.7982	5.71839	
6.98793	2	135	6.17262	2	44	5.41635	2	44	0	0	0	0.350013	0.348187	0.352047	0.350013	0.348173	0.352073	0.629309	0.624293	0.634783	0.629308	0.624277	0.63478	1.79796	1.79796	5.72169	
7.18158	2	190	6.18438	2	48	5.42195	2	44	0	0	0	0.354954	0.353333	0.35686	0.354958	0.353337	0.35685	0.638292	0.63419	0.642183	0.638298	0.634203	0.642197	1.79824	1.79824	5.7212	
7.21128	2	148	6.19655	2	47	5.43769	2	47	0	0	0	0.35996	0.35773	0.361793	0.359965	0.357757	0.361793	0.647306	0.642303	0.65166	0.647318	0.642383	0.651667	1.79827	1.79828	5.72342	
7.38426	2	201	6.2125	2	46	5.45076	2	46	0	0	0	0.364936	0.363277	0.366163	0.364938	0.363287	0.366167	0.656224	0.650983	0.659817	0.656228	0.651007	0.659813	1.79819	1.79819	5.72552	
7.87797	2	257	6.23182	2	45	5.47566	2	45	0	0	0	0.369957	0.368493	0.371237	0.369961	0.368497	0.371233	0.665191	0.659613	0.66898	0.665197	0.659617	0.66897	1.79802	1.79802	5.73432	
8.21851	2	288	6.2532	2	54	5.49049	2	54	0	0	0	0.374921	0.373173	0.376247	0.374921	0.37317	0.376247	0.674083	0.66984	0.677047	0.67408	0.669837	0.677053	1.79793	1.79793	5.73727	
8.35238	2	256	6.26067	2	44	5.50101	2	44	0	0	0	0.379932	0.37863	0.381637	0.379931	0.37863	0.38164	0.683162	0.678603	0.68721	0.683167	0.678603	0.687207	1.79812	1.79814	5.73515	
9.15902	2	315	6.28027	2	45	5.52094	2	45	0	0	0	0.384976	0.38337	0.386727	0.384977	0.383373	0.386727	0.692235	0.688357	0.69705	0.692239	0.688353	0.697067	1.79813	1.79813	5.73863	
9.61176	2	318	6.29606	2	45	5.53995	2	45	0	0	0	0.389952	0.38869	0.39126	0.389948	0.38868	0.39126	0.701052	0.69886	0.705543	0.701042	0.698857	0.70554	1.79779	1.79779	5.74225	
10.8568	2	353	6.31919	2	46	5.5634	2	46	0	0	0	0.395009	0.393167	0.397207	0.395013	0.393163	0.397207	0.710141	0.7045	0.715577	0.710144	0.70449	0.71556	1.79778	1.79777	5.74679	
12.8388	2	554	6.33214	2	48	5.56985	2	48	0	0	0	0.399903	0.39844	0.401724	0.399918	0.398432	0.401742	0.719462	0.716794	0.722658	0.719487	0.716796	0.722686	1.79909	1.79908	5.74763	
15.81	2	691	6.34953	2	49	5.58775	2	49	0	0	0	0.404912	0.403888	0.406153	0.404917	0.403892	0.40616	0.728854	0.725982	0.732715	0.72886	0.725972	0.732717	1.80003	1.80002	5.74898	
23.1896	2	1317	6.36574	2	49	5.60143	2	49	0	0	0	0.409842	0.408539	0.411421	0.409849	0.408537	0.41142	0.737711	0.734741	0.741621	0.737724	0.73493	0.741619	1.79999	1.79999	5.75178	
39.8723	2	1527	6.37888	2	52	5.61736	2	49	0	0	0	0.414847	0.41365	0.415773	0.414844	0.413644	0.415773	0.746734	0.743441	0.750024	0.746734	0.74344	0.750026	1.80002	1.80004	5.75366	
299.371	2	6212	6.39293	2	62	5.62701	2	62	0	0	0	0.419852	0.418914	0.420634	0.419631	0.416337	0.420636	0.755766	0.75316	0.757196	0.75537	0.748484	0.757201	1.80008	1.80008	5.75356	
