21.2246	5	56	21.2219	5	56	20.8145	5	56	0.0405807	0	4	0.00499391	0.00467667	0.00542	0.0049938	0.00467667	0.00542	0.00697302	0.00645	0.00752667	0.00697286	0.00645	0.00752667	1.39631	1.3963	6.24443	
21.3388	5	57	21.3324	5	57	20.9241	5	55	0.0829221	0	6	0.0100062	0.00967667	0.0104433	0.0100059	0.00967667	0.0104433	0.014022	0.01365	0.0149067	0.0140217	0.01365	0.0149067	1.40133	1.40135	6.24687	
21.4373	5	58	21.428	5	58	21.0013	5	57	0.121657	0	7	0.0150311	0.0145533	0.01544	0.0150308	0.01455	0.01544	0.0210356	0.0203867	0.0217467	0.0210353	0.0203833	0.0217467	1.39947	1.39948	6.24757	
21.5314	5	64	21.519	5	62	21.1084	5	60	0.15889	0	6	0.020063	0.0194367	0.0205833	0.0200625	0.0194367	0.02059	0.0280604	0.0270267	0.0289667	0.0280598	0.02703	0.0289667	1.39861	1.39862	6.24477	
21.6425	5	63	21.6265	5	63	21.2089	5	61	0.194436	0	6	0.0250671	0.0244433	0.02562	0.0250664	0.0244433	0.0256167	0.0350995	0.0342067	0.0359733	0.0350985	0.03422	0.0359733	1.40022	1.40022	6.2438	
21.7775	5	66	21.7588	5	66	21.3548	5	64	0.226142	0	7	0.0300682	0.0292367	0.0307033	0.0300672	0.02924	0.0307067	0.0420955	0.0407633	0.0433067	0.0420938	0.0407733	0.0432967	1.4	1.39999	6.25096	
21.8799	5	68	21.8576	5	68	21.4495	5	68	0.256252	0	8	0.0350706	0.0343533	0.03598	0.0350697	0.0343433	0.0359767	0.049093	0.04784	0.0504267	0.0490919	0.0478467	0.05042	1.39983	1.39984	6.24228	
22.0303	5	75	22.0044	5	75	21.5975	5	75	0.284493	0	7	0.0400941	0.0392467	0.0409733	0.040093	0.03924	0.04097	0.0561356	0.0549467	0.0572333	0.0561344	0.05494	0.0572333	1.4001	1.4001	6.24526	
22.1847	5	78	22.1553	5	74	21.7428	5	72	0.309402	0	7	0.0450691	0.0441567	0.0460167	0.0450679	0.0441567	0.0460267	0.0630745	0.06121	0.0646533	0.0630727	0.0612067	0.0646633	1.39951	1.3995	6.24403	
22.3825	5	79	22.3504	5	79	21.9521	5	79	0.331406	0	8	0.050078	0.0493167	0.0509333	0.0500768	0.0493167	0.05093	0.0700785	0.06879	0.0721267	0.0700771	0.06879	0.0721167	1.39939	1.39939	6.24887	
22.5972	5	89	22.5606	5	89	22.1435	5	89	0.351716	0	8	0.055088	0.0539967	0.0560833	0.0550864	0.0539867	0.0560833	0.0770665	0.07525	0.0793167	0.0770646	0.07524	0.0793167	1.39897	1.39898	6.24671	
22.8724	5	91	22.8321	5	91	22.4265	5	89	0.369903	0	8	0.0600776	0.0592433	0.06115	0.0600767	0.05923	0.0611467	0.0840478	0.08253	0.08541	0.0840461	0.08253	0.0854067	1.39899	1.39898	6.24606	
23.2322	5	110	23.1881	5	108	22.7787	5	106	0.386754	0	8	0.0651088	0.0638233	0.0665233	0.0651086	0.06382	0.0665267	0.0911061	0.0885233	0.0933367	0.0911054	0.08852	0.0933533	1.39929	1.39928	6.24984	
23.7188	5	137	23.6689	5	136	23.2539	5	134	0.400735	0	8	0.0700993	0.0691	0.0711967	0.0700983	0.0690967	0.0711967	0.0980728	0.0962733	0.100663	0.0980717	0.0962767	0.100663	1.39906	1.39906	6.24821	
24.5022	5	220	24.441	5	210	24.0318	5	210	0.412244	0	8	0.0750704	0.0737767	0.07623	0.0750704	0.07378	0.07623	0.105011	0.10255	0.107033	0.105011	0.102553	0.107033	1.39884	1.39883	6.2517	
25.9612	5	501	25.7922	5	323	25.3838	5	323	0.422387	0	9	0.0800622	0.0789767	0.0811233	0.0800621	0.0789767	0.08112	0.112014	0.110213	0.113597	0.112014	0.110197	0.113607	1.39909	1.39908	6.25022	
31.6433	5	969	29.2336	5	408	28.6956	5	408	0.429784	0	9	0.0850072	0.0837225	0.0860575	0.0850077	0.083725	0.0860575	0.118908	0.116877	0.120593	0.118909	0.11688	0.120593	1.3988	1.3988	6.25086	
4145.94	5	125246	35.5041	5	448	33.7079	5	461	0.436641	0	9	0.0895164	0.0801871	0.0908614	0.0895166	0.0801857	0.0908614	0.125306	0.112106	0.127253	0.125307	0.1121	0.127256	1.39982	1.39982	6.26452	
