21.3251	5	57	21.3221	5	57	20.9052	5	57	0.0451625	0	4	0.00501776	0.00475	0.00528667	0.00501786	0.00475	0.00529	0.00701224	0.00667	0.00742	0.0070125	0.00666667	0.00742667	1.39748	1.39751	6.25341	
21.5162	5	80	21.5102	5	80	21.1027	5	80	0.0933207	0	4	0.0100365	0.00971	0.01046	0.0100367	0.00971	0.01046	0.0140533	0.0134367	0.01478	0.0140537	0.0134367	0.01478	1.40023	1.40024	6.24929	
21.768	5	71	21.7583	5	69	21.3337	5	69	0.137907	0	5	0.0150792	0.0145933	0.01567	0.0150793	0.01459	0.0156733	0.0211185	0.02034	0.0221967	0.0211186	0.0203367	0.0222	1.4005	1.4005	6.25053	
22.0474	5	91	22.035	5	91	21.6343	5	91	0.180383	0	6	0.0201019	0.0194267	0.02074	0.0201018	0.0194233	0.02074	0.0281318	0.0271467	0.029	0.0281318	0.0271367	0.029	1.39946	1.39947	6.24086	
22.4754	5	98	22.4594	5	98	22.051	5	98	0.221543	0	6	0.0251035	0.0245	0.02568	0.0251031	0.0244967	0.02568	0.0351196	0.0340667	0.03649	0.0351191	0.0340633	0.0364833	1.39899	1.399	6.24328	
23.1364	5	143	23.1168	5	143	22.726	5	143	0.259522	0	6	0.0301112	0.02942	0.03073	0.0301111	0.0294167	0.03073	0.0421523	0.0413133	0.0431967	0.0421517	0.04131	0.0431967	1.39989	1.39987	6.24874	
24.1693	5	236	24.1428	5	236	23.7408	5	234	0.297437	0	6	0.035109	0.0343967	0.0357533	0.0351084	0.0343933	0.03575	0.0491422	0.0477833	0.05029	0.0491423	0.04778	0.0502867	1.39971	1.39973	6.24643	
26.0676	5	445	26.0101	5	445	25.5842	5	445	0.332904	0	6	0.0401249	0.0391567	0.04122	0.0401243	0.0391533	0.0412167	0.0561613	0.0548733	0.05772	0.0561598	0.0548733	0.0577133	1.39966	1.39965	6.24416	
31.2768	5	780	30.4987	5	664	29.9371	5	664	0.365784	0	7	0.0451031	0.04381	0.0460533	0.0451028	0.04381	0.0460533	0.0631368	0.06097	0.0644333	0.0631364	0.06097	0.0644333	1.39983	1.39983	6.24663	
173418	5	1.41949e+06	111.839	5	1546	59.4935	5	1546	0.435065	0	7	0.0521046	0.02251	0.056305	0.0521041	0.022505	0.0563	0.0729269	0.03155	0.07899	0.0729284	0.031545	0.07899	1.39962	1.39967	6.93049	
