11.1194	6	29	11.0804	6	28	10.2806	6	24	0	0	0	0.00499391	0.00471	0.00536	0.00499401	0.00471	0.00536	0.00895208	0.00824333	0.00963	0.00895234	0.00824333	0.00963	1.7926	1.79262	11.2656	
11.1917	6	34	11.1094	6	28	10.3145	6	26	0	0	0	0.0100062	0.00962333	0.01048	0.010006	0.00962333	0.01048	0.0180378	0.0172933	0.0192367	0.0180376	0.0172933	0.0192367	1.80265	1.80267	11.2584	
11.2923	6	41	11.1561	6	30	10.3636	6	26	0	0	0	0.0150311	0.0145233	0.0156967	0.0150309	0.0145233	0.0156967	0.02704	0.0259333	0.0284833	0.0270397	0.0259333	0.02848	1.79893	1.79894	11.2824	
11.376	6	48	11.1797	6	29	10.3827	6	28	0	0	0	0.020063	0.0194867	0.0205667	0.0200629	0.0194867	0.0205667	0.0360579	0.0347767	0.0372567	0.0360581	0.0347767	0.0372567	1.79723	1.79725	11.2762	
11.4929	6	72	11.2189	6	31	10.4161	6	27	0	0	0	0.0250671	0.02449	0.0257333	0.0250668	0.0244867	0.0257367	0.0451318	0.0439833	0.0464533	0.0451315	0.0439833	0.0464567	1.80044	1.80045	11.2799	
11.6158	6	63	11.2535	6	36	10.4587	6	32	0	0	0	0.0300682	0.02949	0.0307167	0.0300679	0.02949	0.0307133	0.0541228	0.0526633	0.0563	0.0541221	0.0526633	0.0563	1.8	1.79999	11.2818	
11.7666	6	88	11.302	6	32	10.4951	6	28	0	0	0	0.0350706	0.0342367	0.0362133	0.0350701	0.0342333	0.03621	0.0631154	0.0612733	0.06533	0.0631147	0.0612733	0.06533	1.79966	1.79967	11.2913	
11.9546	6	91	11.3479	6	32	10.5434	6	30	0	0	0	0.0400941	0.0389867	0.0411167	0.0400937	0.0389867	0.04112	0.072177	0.0700667	0.0745967	0.0721765	0.0700667	0.0746	1.80019	1.80019	11.2953	
12.2106	6	151	11.411	6	35	10.6201	6	31	0	0	0	0.0450691	0.04441	0.0457233	0.0450685	0.0444133	0.0457233	0.0810798	0.07946	0.0826367	0.0810783	0.0794633	0.0826567	1.79901	1.799	11.312	
12.5141	6	216	11.4785	6	35	10.681	6	32	0	0	0	0.050078	0.04917	0.05091	0.0500775	0.0491633	0.05091	0.090079	0.0880267	0.09225	0.0900782	0.0880167	0.0922467	1.79877	1.79878	11.3233	
12.9132	6	291	11.5473	6	35	10.7495	6	31	0	0	0	0.055088	0.0541533	0.0558567	0.0550876	0.05415	0.0558533	0.0990448	0.0965533	0.101737	0.0990435	0.09655	0.101733	1.79794	1.79793	11.3325	
13.5201	6	336	11.6305	6	35	10.8306	6	35	0	0	0	0.0600776	0.0585933	0.0612533	0.0600768	0.05859	0.06125	0.108018	0.105313	0.110653	0.108016	0.105297	0.11065	1.79797	1.79796	11.3426	
14.6128	6	573	11.7478	6	37	10.9489	6	36	0	0	0	0.0651088	0.0641933	0.06608	0.0651087	0.0641933	0.0660733	0.117103	0.115033	0.120723	0.117103	0.115037	0.120737	1.79857	1.79857	11.3607	
16.8731	6	735	11.8726	6	35	11.0768	6	33	0	0	0	0.0700993	0.0692433	0.0712167	0.0700999	0.0692467	0.0712133	0.126046	0.123663	0.128517	0.126047	0.123673	0.128537	1.79811	1.79811	11.3741	
65.1004	6	8998	12.0416	6	39	11.246	6	36	0	0	0	0.0750159	0.0741757	0.07571	0.0750048	0.07418	0.0757086	0.134925	0.13265	0.137217	0.134906	0.13266	0.137217	1.79861	1.79863	11.3891	
11516.7	6	662835	12.1681	6	38	11.3688	6	45	0	0	0	0.0800144	0.0788657	0.0809929	0.0790931	0.0475729	0.0809914	0.143953	0.141529	0.145764	0.142306	0.0858586	0.145763	1.7991	1.79922	11.4033	
