37.4636	5	101	37.4606	5	101	37.048	5	99	0.0735778	0	5	0.00498339	0.00464667	0.00530333	0.00498354	0.00455667	0.00546667	0.00696986	0.00645667	0.00744333	0.00697004	0.00622333	0.00761333	1.39862	1.39861	11.6357	
37.601	5	101	37.5948	5	101	37.1808	5	99	0.138719	0	6	0.00998194	0.00941333	0.0106633	0.00998208	0.00956	0.01048	0.0139764	0.0130733	0.0148433	0.0139766	0.01304	0.0147733	1.40017	1.40017	11.63	
37.7341	5	102	37.7251	5	102	37.3046	5	100	0.199011	0	7	0.0149825	0.01432	0.0155133	0.0149826	0.0142933	0.0156767	0.0209604	0.0199333	0.0218967	0.0209601	0.0200767	0.0224167	1.39899	1.39897	11.6261	
37.8601	5	103	37.8478	5	103	37.4211	5	101	0.250501	0	8	0.0199847	0.0191367	0.0206533	0.0199849	0.0192733	0.0205867	0.0279601	0.0269967	0.02895	0.0279606	0.0266867	0.02913	1.39908	1.39909	11.6197	
38.0251	5	105	38.0095	5	104	37.5965	5	102	0.298745	0	8	0.0249844	0.0240967	0.0257633	0.0249844	0.0240367	0.0259033	0.0349456	0.03399	0.0361767	0.0349461	0.0335667	0.0364233	1.3987	1.39872	11.624	
38.1981	5	114	38.1793	5	114	37.7599	5	114	0.34173	0	8	0.0299786	0.0287933	0.0306867	0.0299785	0.0290567	0.03075	0.041949	0.0405667	0.04325	0.0419487	0.0403433	0.0432633	1.3993	1.39929	11.63	
38.3455	5	111	38.3236	5	111	37.9198	5	109	0.380239	0	8	0.0349774	0.0342433	0.0358367	0.0349771	0.0340233	0.03581	0.0489617	0.04764	0.0504	0.0489613	0.0474167	0.05033	1.39981	1.39981	11.6247	
38.5219	5	110	38.4966	5	110	38.1003	5	108	0.413807	0	9	0.0399889	0.0388867	0.0408367	0.0399886	0.0390367	0.04086	0.0559989	0.05382	0.0575	0.0559985	0.0544733	0.0575967	1.40036	1.40036	11.6251	
38.7131	5	113	38.6839	5	113	38.2833	5	111	0.443885	0	9	0.0449701	0.0439833	0.0461267	0.0449698	0.0437867	0.04609	0.062973	0.0614533	0.0646	0.0629729	0.0613667	0.06449	1.40033	1.40034	11.6249	
38.9102	5	118	38.8777	5	118	38.4815	5	116	0.470097	0	9	0.0499764	0.0489833	0.05131	0.0499761	0.04874	0.05127	0.0699821	0.0683833	0.0716633	0.0699817	0.06818	0.07169	1.4003	1.4003	11.6205	
39.1626	5	120	39.1263	5	120	38.7365	5	120	0.493231	0	10	0.054982	0.0532633	0.0562767	0.0549815	0.05396	0.0561633	0.0769799	0.07429	0.07925	0.0769791	0.0755167	0.0787667	1.40009	1.40009	11.6257	
39.4293	5	127	39.3892	5	127	39.0059	5	127	0.513441	0	11	0.0599858	0.05886	0.06105	0.0599855	0.0588667	0.0614467	0.0839771	0.08178	0.0855367	0.0839768	0.0821267	0.08634	1.39995	1.39995	11.6244	
39.7356	5	130	39.6917	5	128	39.3083	5	126	0.532333	0	10	0.0649985	0.06368	0.0662267	0.0649982	0.0637733	0.0667433	0.0910103	0.0888333	0.0927233	0.0910097	0.0892467	0.09375	1.40019	1.40019	11.6232	
40.1186	5	141	40.0708	5	141	39.6918	5	139	0.547845	0	10	0.0699986	0.0683367	0.0714	0.0699989	0.0689167	0.07168	0.0980088	0.09534	0.100607	0.09801	0.09625	0.100793	1.40015	1.40017	11.6298	
40.5271	5	132	40.4751	5	132	40.0989	5	132	0.560343	0	12	0.07499	0.0736833	0.0762767	0.0749898	0.0736667	0.0763667	0.10498	0.10271	0.106823	0.10498	0.103117	0.107313	1.39993	1.39993	11.6268	
41.0417	5	143	40.9852	5	143	40.6094	5	143	0.571354	0	12	0.0799878	0.0788467	0.08136	0.0799876	0.0784967	0.0815167	0.111986	0.11006	0.114447	0.111985	0.109743	0.114347	1.40004	1.40003	11.6259	
41.6614	5	168	41.6001	5	168	41.2313	5	168	0.580372	0	11	0.0849842	0.08339	0.0862433	0.0849839	0.0837767	0.0867133	0.118976	0.116807	0.121553	0.118976	0.1169	0.121873	1.39997	1.39998	11.6241	
42.4807	5	174	42.4136	5	174	42.0411	5	174	0.587862	0	12	0.08999	0.0886467	0.0913267	0.0899898	0.0886933	0.0918333	0.125988	0.124143	0.128037	0.125988	0.123527	0.1289	1.40002	1.40002	11.6273	
43.591	5	255	43.5134	5	255	43.1434	5	255	0.592995	0	11	0.0949999	0.0935433	0.0968	0.0950008	0.09351	0.0967067	0.132999	0.130503	0.135673	0.133	0.130247	0.135893	1.39999	1.39999	11.6262	
45.2849	5	294	45.1729	5	291	44.7994	5	289	0.596982	0	11	0.100003	0.09852	0.101727	0.100004	0.09868	0.101573	0.140006	0.137413	0.143163	0.140007	0.13718	0.14271	1.40002	1.40001	11.6238	
48.9719	5	855	48.4597	5	637	48.0382	5	633	0.598997	0	13	0.105003	0.10319	0.106457	0.105004	0.10348	0.106613	0.147005	0.14419	0.14977	0.147007	0.143767	0.149693	1.40001	1.40001	11.6246	
88.6456	5	5041	59.1779	5	989	58.3562	5	984	0.6001	0	11	0.110009	0.108953	0.111268	0.11001	0.108973	0.11112	0.153988	0.152108	0.156105	0.153989	0.151925	0.155925	1.39978	1.39978	11.6269	
22858.6	5	590769	77.4174	5	1531	72.5112	5	1531	0.601539	0	12	0.112213	0.0723757	0.115901	0.112212	0.111009	0.11319	0.157064	0.10116	0.162571	0.157064	0.155201	0.158774	1.3997	1.3997	11.6501	
12.9458	5	27	12.9432	5	27	12.5309	5	25	0.0129972	0	4	0.00503313	0.00481667	0.0053	0.00503313	0.00485333	0.00523333	0.00702396	0.00664333	0.00738667	0.00702396	0.00665333	0.00738333	1.39555	1.39555	3.50673	
12.9608	5	29	12.9556	5	29	12.5418	5	27	0.0247949	0	4	0.0100071	0.00976667	0.0102033	0.0100069	0.00964667	0.01039	0.0140571	0.0137033	0.0146067	0.0140573	0.01366	0.0145433	1.40471	1.40476	3.49938	
13.0003	5	30	12.9911	5	29	12.5994	5	27	0.038851	0	4	0.0149985	0.0146433	0.01559	0.0149987	0.0148167	0.0152267	0.020969	0.02011	0.02179	0.0209692	0.0206767	0.02153	1.39807	1.39806	3.50347	
13.0271	5	29	13.015	5	29	12.6309	5	27	0.0511503	0	5	0.019986	0.0196333	0.02062	0.0199858	0.01966	0.0203033	0.0279098	0.0271567	0.0287067	0.0279094	0.0274533	0.0284967	1.39646	1.39646	3.50252	
13.0716	5	31	13.0562	5	30	12.6551	5	29	0.0634079	0	5	0.0249837	0.02455	0.02546	0.0249842	0.0247	0.0254733	0.0348933	0.03407	0.0356633	0.0348946	0.0341167	0.0358267	1.39664	1.39667	3.50642	
13.0735	5	31	13.0549	5	30	12.6512	5	29	0.0764523	0	5	0.0300242	0.0295933	0.0305333	0.0300246	0.0292733	0.0305967	0.0420208	0.04123	0.0426933	0.0420213	0.0409067	0.0430167	1.39957	1.39956	3.4961	
13.13	5	35	13.1087	5	33	12.692	5	31	0.08646	0	5	0.0350258	0.03462	0.0354267	0.0350258	0.0344667	0.0356367	0.0490913	0.04851	0.0500567	0.0490913	0.04813	0.0499367	1.40157	1.40157	3.5049	
13.145	5	33	13.1187	5	32	12.702	5	30	0.0998735	0	7	0.0400277	0.0394233	0.04067	0.0400273	0.03949	0.0405033	0.0560956	0.05509	0.05727	0.0560948	0.05479	0.0569367	1.40142	1.40141	3.49838	
13.1776	5	34	13.1488	5	32	12.7342	5	30	0.112606	0	5	0.0450169	0.0445867	0.0456367	0.0450171	0.0445133	0.0458567	0.0630827	0.0623567	0.0640233	0.0630833	0.0618133	0.0640767	1.40131	1.40132	3.49837	
13.2006	5	34	13.168	5	34	12.7648	5	32	0.125984	0	7	0.0499998	0.04951	0.05115	0.05	0.0491033	0.0508833	0.0700285	0.0690567	0.0715433	0.0700292	0.0690367	0.07145	1.40058	1.40058	3.49566	
13.25	5	39	13.2143	5	38	12.8048	5	36	0.13597	0	6	0.0550015	0.0540033	0.0555533	0.0550017	0.05423	0.05599	0.0769794	0.0751767	0.0780633	0.0769792	0.0758933	0.0785367	1.39959	1.39958	3.5026	
13.2756	5	34	13.2358	5	32	12.8275	5	31	0.146952	0	6	0.0599671	0.05919	0.0606167	0.0599677	0.0593133	0.0608333	0.0839254	0.0823167	0.0849667	0.0839262	0.08282	0.08554	1.39952	1.39952	3.50084	
13.3151	5	37	13.2715	5	37	12.8654	5	35	0.160604	0	6	0.0650215	0.06444	0.0656533	0.0650215	0.0643067	0.06615	0.0909044	0.08933	0.0920533	0.0909044	0.08955	0.09295	1.39807	1.39807	3.50215	
13.3394	5	34	13.2926	5	34	12.8788	5	32	0.170635	0	6	0.0699788	0.0689533	0.0706267	0.0699783	0.0693333	0.0710367	0.0978704	0.09662	0.0992533	0.0978692	0.09649	0.0999467	1.39857	1.39856	3.5001	
13.3686	5	35	13.3184	5	34	12.904	5	32	0.182662	0	7	0.0749758	0.07426	0.0759833	0.0749762	0.07433	0.07599	0.104828	0.104013	0.106343	0.104827	0.10327	0.106687	1.39816	1.39813	3.49954	
13.409	5	38	13.3536	5	37	12.9412	5	35	0.194551	0	7	0.0799906	0.0789867	0.08082	0.0799917	0.0792067	0.0808867	0.111872	0.11036	0.113693	0.111873	0.110103	0.113323	1.39856	1.39856	3.50126	
13.4433	5	36	13.3845	5	36	12.9745	5	34	0.204492	0	7	0.0850135	0.0843033	0.08581	0.0850135	0.0843733	0.08591	0.118961	0.117343	0.12037	0.118958	0.11742	0.120003	1.39932	1.39928	3.50056	
13.4708	5	36	13.4078	5	34	12.9888	5	33	0.217539	0	8	0.0900252	0.0887833	0.0912933	0.0900271	0.0891067	0.0911633	0.126018	0.12429	0.127653	0.126021	0.12404	0.127323	1.3998	1.39981	3.49841	
13.504	5	37	13.4374	5	37	13.0182	5	35	0.227741	0	7	0.09501	0.0938867	0.0957133	0.09501	0.0940233	0.0964067	0.133004	0.131367	0.13442	0.133005	0.130897	0.134927	1.39989	1.39991	3.49868	
13.5575	5	38	13.4864	5	37	13.0719	5	36	0.239556	0	8	0.100001	0.0987733	0.10073	0.100002	0.09872	0.101457	0.140029	0.138113	0.141197	0.14003	0.13772	0.142397	1.40028	1.40028	3.50343	
13.5889	5	38	13.5141	5	37	13.0995	5	36	0.249263	0	7	0.105056	0.104083	0.10555	0.105056	0.103987	0.10664	0.147119	0.145683	0.147933	0.147118	0.145113	0.149607	1.40038	1.40039	3.50265	
13.6202	5	43	13.5406	5	40	13.1267	5	38	0.260728	0	8	0.110075	0.10917	0.111397	0.110075	0.109247	0.111747	0.154144	0.152143	0.156583	0.154144	0.152753	0.15708	1.40035	1.40035	3.5004	
13.6559	5	40	13.5726	5	37	13.1613	5	35	0.270743	0	8	0.115058	0.113933	0.1161	0.115057	0.113957	0.116783	0.161113	0.159887	0.162673	0.16111	0.15903	0.164583	1.40028	1.40026	3.50201	
13.697	5	40	13.6075	5	37	13.1994	5	36	0.2808	0	8	0.120091	0.119177	0.120937	0.120089	0.11915	0.122067	0.168126	0.16647	0.169387	0.168128	0.166563	0.171673	1.39999	1.40002	3.50286	
13.7297	5	41	13.6355	5	41	13.2171	5	39	0.291848	0	8	0.125086	0.122847	0.126007	0.125085	0.12381	0.12691	0.175188	0.171487	0.176707	0.175186	0.173687	0.178617	1.40055	1.40054	3.50005	
13.7617	5	39	13.6626	5	38	13.2513	5	38	0.300122	0	8	0.130036	0.128443	0.130897	0.130037	0.12874	0.13154	0.182078	0.17961	0.18373	0.18208	0.180667	0.185107	1.40022	1.40022	3.49931	
13.8029	5	41	13.6997	5	39	13.2844	5	37	0.310896	0	9	0.135046	0.134133	0.136243	0.135045	0.133963	0.13686	0.189078	0.18726	0.191037	0.189077	0.18777	0.1925	1.40009	1.4001	3.49955	
13.8476	5	42	13.7378	5	42	13.327	5	40	0.319422	0	8	0.140089	0.13919	0.141187	0.140088	0.138693	0.1421	0.196112	0.194237	0.19819	0.196108	0.194773	0.199883	1.39991	1.3999	3.501	
13.8949	5	46	13.7791	5	46	13.3623	5	44	0.331306	0	8	0.1451	0.143727	0.14676	0.145101	0.143963	0.146873	0.203211	0.201613	0.20632	0.203212	0.202107	0.206507	1.40048	1.40049	3.50157	
13.9329	5	43	13.8111	5	41	13.3973	5	40	0.338715	0	9	0.150073	0.14839	0.151507	0.150071	0.148753	0.151617	0.210125	0.20785	0.21239	0.210122	0.20835	0.21329	1.40015	1.40015	3.50106	
13.9751	5	40	13.8484	5	39	13.437	5	39	0.34849	0	10	0.155095	0.1545	0.15615	0.155094	0.153557	0.156493	0.217207	0.215133	0.219637	0.217207	0.215017	0.220367	1.40048	1.40049	3.49987	
14.0206	5	46	13.8866	5	41	13.4673	5	41	0.356504	0	9	0.160132	0.159157	0.16133	0.16013	0.158513	0.161477	0.22421	0.222537	0.22623	0.22421	0.222077	0.227157	1.40016	1.40017	3.50154	
14.0649	5	51	13.9267	5	51	13.5151	5	49	0.367252	0	9	0.165184	0.164327	0.166727	0.165183	0.163543	0.16655	0.231276	0.22972	0.234663	0.231277	0.22901	0.234183	1.40011	1.40013	3.5002	
14.1093	5	43	13.9628	5	42	13.5499	5	42	0.376335	0	8	0.17018	0.16881	0.171373	0.170179	0.168733	0.17179	0.238258	0.236323	0.239993	0.238257	0.23624	0.241417	1.40003	1.40004	3.49939	
14.1527	5	44	13.9999	5	43	13.5853	5	43	0.382239	0	9	0.175217	0.173933	0.176613	0.175216	0.173857	0.176743	0.245302	0.2438	0.2472	0.2453	0.243343	0.248083	1.39998	1.39998	3.49818	
14.196	5	48	14.0371	5	48	13.6252	5	45	0.39102	0	9	0.180281	0.178563	0.181543	0.180281	0.179093	0.18157	0.252304	0.24903	0.25439	0.252304	0.249973	0.25499	1.3995	1.3995	3.49797	
14.2556	5	43	14.0897	5	42	13.6783	5	42	0.398564	0	9	0.185281	0.183857	0.18643	0.185279	0.183923	0.186997	0.259244	0.257023	0.260787	0.259243	0.256323	0.261657	1.3992	1.39921	3.49905	
14.3081	5	49	14.1321	5	48	13.7202	5	46	0.407101	0	9	0.190259	0.18914	0.191357	0.190258	0.18894	0.1916	0.266169	0.26416	0.2678	0.266168	0.26336	0.268647	1.39899	1.39899	3.49815	
14.3709	5	50	14.1866	5	50	13.7756	5	48	0.414304	0	9	0.195212	0.193743	0.196583	0.195213	0.193913	0.196847	0.273104	0.27095	0.27558	0.273105	0.27043	0.275447	1.39901	1.39901	3.5013	
14.4257	5	56	14.2344	5	56	13.8216	5	54	0.422938	0	9	0.200214	0.19841	0.201487	0.200215	0.19863	0.201767	0.280169	0.277237	0.28184	0.280171	0.276817	0.2824	1.39935	1.39935	3.49981	
14.4748	5	49	14.2745	5	47	13.8673	5	45	0.430295	0	9	0.205177	0.204063	0.206643	0.205177	0.203347	0.206593	0.287124	0.285367	0.289277	0.287127	0.283863	0.289267	1.39939	1.39941	3.49934	
14.5409	5	47	14.3312	5	46	13.9131	5	46	0.436832	0	10	0.210146	0.209153	0.211133	0.210145	0.208207	0.211473	0.294028	0.292767	0.295813	0.294027	0.29052	0.296087	1.39916	1.39917	3.49982	
14.6086	5	51	14.39	5	51	13.9753	5	51	0.443674	0	10	0.215114	0.21424	0.216867	0.215113	0.213487	0.216487	0.300994	0.298923	0.3035	0.300991	0.297683	0.302947	1.39923	1.39922	3.50126	
14.6674	5	53	14.4388	5	51	14.019	5	50	0.450026	0	9	0.220135	0.219133	0.221397	0.220134	0.218297	0.221563	0.307954	0.305873	0.31058	0.307952	0.304397	0.30987	1.39893	1.39893	3.49931	
14.7275	5	55	14.4883	5	53	14.0697	5	51	0.458098	0	10	0.225164	0.223127	0.226793	0.225164	0.22333	0.226657	0.31498	0.31216	0.31778	0.314982	0.311877	0.317037	1.39889	1.3989	3.49824	
14.8029	5	56	14.5508	5	54	14.1363	5	53	0.464583	0	10	0.230131	0.228823	0.23136	0.230129	0.228153	0.231783	0.321949	0.319267	0.324487	0.321946	0.318413	0.32433	1.39898	1.39898	3.49816	
14.8743	5	59	14.6129	5	57	14.1958	5	57	0.469217	0	11	0.235071	0.233803	0.23701	0.23507	0.23325	0.23685	0.32885	0.327057	0.3306	0.32885	0.325557	0.331203	1.39894	1.39895	3.49932	
14.9643	5	58	14.687	5	57	14.2687	5	55	0.477651	0	10	0.24003	0.239297	0.241277	0.24003	0.23827	0.241723	0.33579	0.334073	0.338437	0.335791	0.33267	0.338023	1.39895	1.39895	3.50098	
15.0404	5	64	14.7515	5	64	14.3305	5	62	0.484057	0	10	0.24505	0.243003	0.24701	0.245048	0.243457	0.246743	0.342868	0.34051	0.34583	0.342868	0.339873	0.345043	1.39918	1.39919	3.49978	
15.1204	5	56	14.8157	5	56	14.394	5	54	0.489766	0	10	0.249963	0.248627	0.25216	0.249961	0.248413	0.25177	0.349756	0.346557	0.35294	0.349753	0.347133	0.35201	1.39923	1.39923	3.49912	
15.2145	5	71	14.8899	5	71	14.4677	5	69	0.495592	0	11	0.254964	0.253913	0.256243	0.254962	0.253513	0.25693	0.35678	0.354333	0.359423	0.356778	0.35407	0.359283	1.39934	1.39934	3.49776	
15.3224	5	58	14.9817	5	57	14.5552	5	57	0.501684	0	11	0.259973	0.25808	0.26292	0.259973	0.258467	0.261463	0.363789	0.361213	0.367747	0.363788	0.36077	0.36588	1.39933	1.39933	3.50241	
15.4155	5	70	15.0573	5	70	14.6338	5	68	0.506587	0	10	0.265002	0.263857	0.266857	0.265002	0.26327	0.266323	0.370792	0.36797	0.373217	0.370794	0.367877	0.373203	1.3992	1.39921	3.49935	
15.5236	5	61	15.1454	5	61	14.7139	5	61	0.511935	0	11	0.270025	0.268517	0.27193	0.270023	0.26842	0.271377	0.377816	0.375333	0.38077	0.37781	0.375017	0.379943	1.39919	1.39918	3.49948	
15.6202	5	64	15.2216	5	64	14.7873	5	61	0.517999	0	12	0.275017	0.274057	0.27633	0.275014	0.273437	0.276683	0.384771	0.382067	0.386457	0.384766	0.38204	0.38715	1.39908	1.39908	3.49905	
15.7428	5	66	15.3194	5	64	14.8807	5	63	0.523417	0	12	0.280041	0.278913	0.281783	0.280038	0.27853	0.282003	0.391778	0.389807	0.394537	0.391775	0.38951	0.394617	1.399	1.39901	3.49861	
15.873	5	78	15.4213	5	78	14.9773	5	78	0.527779	0	11	0.285015	0.2834	0.286617	0.285013	0.2836	0.287	0.398728	0.394933	0.402417	0.398725	0.396613	0.401563	1.39897	1.39897	3.4997	
16.008	5	77	15.5265	5	73	15.0822	5	73	0.532304	0	11	0.290034	0.28865	0.29134	0.290035	0.28833	0.292357	0.40573	0.40317	0.408633	0.405731	0.403077	0.409183	1.3989	1.3989	3.49887	
16.1518	5	86	15.6372	5	86	15.1924	5	86	0.537542	0	12	0.295025	0.292933	0.29661	0.295024	0.293263	0.297367	0.412736	0.409913	0.415677	0.412735	0.410133	0.416123	1.39899	1.39899	3.49936	
16.3159	5	77	15.7619	5	68	15.3122	5	68	0.54226	0	11	0.300039	0.29923	0.301313	0.300036	0.297647	0.30225	0.419703	0.41804	0.422673	0.419698	0.4165	0.422657	1.39883	1.39883	3.49879	
16.4869	5	85	15.8898	5	84	15.4351	5	82	0.546778	0	11	0.305055	0.303743	0.306747	0.305052	0.302193	0.306967	0.426728	0.423847	0.429507	0.426723	0.422793	0.42942	1.39886	1.39885	3.50005	
16.6818	5	110	16.0315	5	102	15.5694	5	96	0.550023	0	11	0.310056	0.30814	0.311063	0.310055	0.307213	0.311837	0.433725	0.4305	0.435737	0.433723	0.430027	0.43661	1.39886	1.39886	3.49983	
16.8825	5	89	16.182	5	84	15.7147	5	84	0.556249	0	10	0.315018	0.314047	0.31616	0.315015	0.31231	0.3168	0.440763	0.439417	0.442173	0.440761	0.437077	0.4437	1.39917	1.39917	3.49926	
17.102	5	105	16.3274	5	89	15.8504	5	88	0.560876	0	10	0.319978	0.318607	0.321747	0.319976	0.317397	0.32171	0.447678	0.44641	0.44993	0.447675	0.44411	0.45047	1.39909	1.39909	3.49845	
17.3569	5	103	16.5141	5	89	16.0284	5	89	0.56349	0	11	0.324963	0.323367	0.32622	0.324962	0.323087	0.326603	0.454626	0.451823	0.456553	0.454624	0.451633	0.45735	1.39901	1.39901	3.50073	
17.6594	5	101	16.6907	5	95	16.1917	5	93	0.567631	0	10	0.329994	0.328527	0.331127	0.329993	0.328287	0.33156	0.461656	0.458773	0.463747	0.461655	0.459103	0.464367	1.39898	1.39899	3.49823	
17.9481	5	132	16.8795	5	114	16.3722	5	110	0.570884	0	11	0.33498	0.333643	0.336697	0.334978	0.332957	0.33651	0.46859	0.466363	0.471947	0.468585	0.465927	0.471343	1.39886	1.39885	3.49941	
18.3134	5	118	17.1105	5	93	16.597	5	93	0.574675	0	10	0.339974	0.339163	0.34171	0.339979	0.337777	0.341587	0.475581	0.474143	0.47817	0.475587	0.472673	0.478963	1.39888	1.39887	3.49962	
18.745	5	123	17.3658	5	105	16.8291	5	105	0.579349	0	11	0.344972	0.343727	0.34612	0.344978	0.342773	0.346717	0.482648	0.480547	0.48481	0.482657	0.479867	0.486047	1.39909	1.39909	3.50033	
19.2873	5	119	17.6365	5	94	17.0838	5	89	0.581472	0	12	0.35001	0.348437	0.351377	0.35001	0.34777	0.35161	0.489656	0.486887	0.492507	0.489652	0.486783	0.493237	1.39898	1.39897	3.50017	
19.8954	5	141	17.9265	5	107	17.36	5	106	0.584691	0	11	0.354952	0.353217	0.35608	0.354949	0.35263	0.356587	0.49662	0.494917	0.498817	0.496615	0.493623	0.50028	1.39912	1.39912	3.49917	
20.6345	5	145	18.2775	5	110	17.687	5	110	0.587823	0	12	0.359959	0.357437	0.361453	0.359962	0.357997	0.36154	0.503631	0.49921	0.50652	0.503637	0.501217	0.506963	1.39913	1.39914	3.50008	
21.5787	5	156	18.6553	5	112	18.0389	5	112	0.590395	0	11	0.364941	0.363897	0.36677	0.364943	0.362927	0.366447	0.510586	0.508263	0.513157	0.510593	0.50784	0.51408	1.39909	1.3991	3.5002	
22.7291	5	195	19.0454	5	132	18.3997	5	127	0.593038	0	12	0.369959	0.368747	0.371393	0.369961	0.36801	0.371397	0.517576	0.515883	0.51886	0.517576	0.514723	0.520903	1.39901	1.399	3.50131	
24.2994	5	200	19.4673	5	113	18.7937	5	113	0.596958	0	12	0.374924	0.373983	0.375833	0.374925	0.372763	0.376737	0.524506	0.522143	0.526673	0.524507	0.52147	0.5282	1.39897	1.39896	3.5011	
27.2233	5	262	20.0563	5	156	19.3251	5	156	0.598519	0	11	0.379944	0.37878	0.381063	0.379946	0.377533	0.381583	0.531568	0.530057	0.53373	0.531571	0.528067	0.535097	1.39907	1.39907	3.49788	
30.7347	5	323	20.6339	5	147	19.8546	5	142	0.600863	0	10	0.384972	0.382773	0.387093	0.384969	0.382373	0.386747	0.538599	0.53573	0.54187	0.538594	0.534927	0.542127	1.39906	1.39906	3.49832	
41.2333	5	662	21.4897	5	134	20.6411	5	133	0.603346	0	12	0.38981	0.388355	0.390977	0.389809	0.387965	0.391628	0.545407	0.542907	0.547292	0.545409	0.54234	0.548475	1.39916	1.39917	3.50034	
64.6506	5	919	22.3696	5	140	21.4361	5	140	0.605706	0	12	0.394929	0.393766	0.395798	0.394933	0.3931	0.39602	0.552687	0.550146	0.554528	0.552693	0.550454	0.555134	1.39946	1.39946	3.50021	
1572.46	5	12224	23.1829	5	165	22.1606	5	165	0.608917	0	13	0.398771	0.39482	0.401386	0.398772	0.397504	0.399813	0.558289	0.552503	0.561357	0.55829	0.555764	0.560397	1.40002	1.40002	3.50016	
7054.79	5	43766	23.7075	5	175	22.624	5	174	0.609618	0	11	0.400687	0.387283	0.405844	0.400685	0.399426	0.401717	0.560963	0.542634	0.568299	0.560962	0.558471	0.563197	1.4	1.40001	3.50002	
13879.3	5	68766	23.9741	5	161	22.8845	5	161	0.609853	0	11	0.401363	0.383084	0.410617	0.401364	0.400084	0.402391	0.561902	0.537106	0.575571	0.561904	0.559324	0.56412	1.39999	1.39999	3.49956	
21289.8	5	96502	24.1923	5	169	23.0929	5	169	0.610077	0	12	0.402197	0.378819	0.415456	0.402195	0.400907	0.403214	0.563073	0.530153	0.581734	0.563073	0.560513	0.565317	1.39999	1.4	3.498	
28811.4	5	121435	24.4828	5	179	23.3829	5	179	0.609961	0	13	0.40275	0.374104	0.420624	0.402749	0.401443	0.403786	0.56384	0.525156	0.58907	0.56384	0.561254	0.566087	1.39997	1.39998	3.49606	
36550.5	5	137958	24.5841	5	155	23.4885	5	156	0.610946	0	13	0.403102	0.373679	0.425509	0.403102	0.401844	0.404173	0.564339	0.522627	0.595597	0.564339	0.561853	0.566616	1.39999	1.39999	3.49676	
44095.1	5	154876	24.6797	5	160	23.581	5	179	0.610723	0	12	0.403538	0.371833	0.430114	0.403539	0.402271	0.404571	0.564937	0.520934	0.603114	0.564938	0.562437	0.567201	1.39996	1.39996	3.49627	
52026.9	5	167438	24.8189	5	168	23.7049	5	168	0.610331	0	12	0.403858	0.37214	0.436426	0.403859	0.402581	0.404884	0.565396	0.520227	0.609717	0.565396	0.562923	0.567671	1.39999	1.39999	3.49669	
59164.5	5	184059	24.8596	5	166	23.7368	5	166	0.610696	0	11	0.404249	0.371873	0.438934	0.404249	0.402941	0.405331	0.565949	0.520787	0.613991	0.565949	0.563407	0.568189	1.4	1.4	3.4968	
67409	3138	198037	24.8786	5	197	23.7534	5	197	0.610673	0	12	0.403973	0.371929	0.438504	0.403976	0.402679	0.40503	0.565565	0.520513	0.61463	0.565566	0.563023	0.56777	1.40001	1.4	3.49783	
74930.2	5382	210062	24.8706	5	177	23.7492	5	177	0.610473	0	12	0.403935	0.37093	0.43853	0.403934	0.402633	0.404996	0.56551	0.519981	0.613341	0.56551	0.562973	0.5677	1.4	1.40001	3.49701	
83053.1	9451	224718	24.8768	5	182	23.7537	5	182	0.610745	0	11	0.403823	0.37141	0.439147	0.40382	0.402529	0.404867	0.565347	0.519747	0.614533	0.565345	0.562824	0.56758	1.39999	1.39999	3.49705	
90237.5	13965	237304	24.8535	5	180	23.7329	5	180	0.610742	0	12	0.40415	0.371959	0.439169	0.404151	0.402856	0.405239	0.565812	0.520786	0.614203	0.565814	0.563293	0.568053	1.4	1.40001	3.49681	
97884.2	16401	251257	24.8706	5	164	23.7486	5	180	0.611069	0	12	0.404013	0.372274	0.438314	0.404013	0.402714	0.405084	0.56562	0.520543	0.613119	0.565619	0.56308	0.567841	1.4	1.4	3.49662	
106185	18750	264766	24.8777	5	169	23.7507	5	169	0.610565	0	11	0.403733	0.370679	0.439404	0.403732	0.40244	0.404771	0.565223	0.519773	0.614301	0.565221	0.562711	0.56743	1.39999	1.39999	3.49702	
113123	22230	277358	24.8616	5	202	23.7468	5	202	0.610924	0	12	0.404049	0.371537	0.439189	0.404048	0.402754	0.405123	0.565669	0.52046	0.61464	0.565669	0.56315	0.567877	1.4	1.4	3.49591	
120727	22499	293740	24.8646	5	172	23.7401	5	170	0.611042	0	12	0.404272	0.371987	0.438817	0.404268	0.402997	0.405343	0.565978	0.52087	0.61446	0.565976	0.563486	0.568233	1.39999	1.4	3.49723	
128572	28126	306765	24.8704	5	167	23.7489	5	184	0.611275	0	12	0.404096	0.371489	0.43879	0.404097	0.402816	0.40515	0.565736	0.520271	0.615429	0.565736	0.563224	0.567989	1.4	1.4	3.49697	
135666	30675	318211	24.8873	5	177	23.7552	5	177	0.610934	0	11	0.404066	0.37095	0.43955	0.404068	0.402769	0.405131	0.565694	0.520141	0.61371	0.565695	0.563169	0.56792	1.4	1.4	3.49643	
143407	32800	332175	24.8823	5	185	23.7568	5	185	0.61039	0	12	0.404026	0.371491	0.439009	0.404026	0.402749	0.40508	0.565636	0.520436	0.614451	0.565636	0.563126	0.56789	1.4	1.4	3.49754	
150941	35543	344401	24.8714	5	163	23.7454	5	164	0.6108	0	11	0.403898	0.371073	0.438527	0.4039	0.402617	0.40495	0.565457	0.520041	0.614344	0.565458	0.56295	0.567693	1.4	1.4	3.49704	
157702	39025	355956	24.8639	5	170	23.739	5	170	0.610747	0	13	0.404323	0.372134	0.439109	0.404322	0.403014	0.40543	0.566049	0.520976	0.614899	0.566049	0.563514	0.568279	1.39999	1.39999	3.49655	
165287	40733	372336	24.8777	5	178	23.7569	5	174	0.610722	0	12	0.403975	0.370743	0.4389	0.403975	0.402673	0.405039	0.565567	0.518973	0.614169	0.565567	0.563024	0.567781	1.40001	1.4	3.49825	
172317	42789	381932	24.8581	5	178	23.7379	5	178	0.610486	0	11	0.404235	0.372257	0.439593	0.404233	0.402933	0.405319	0.565923	0.521157	0.614517	0.565924	0.563394	0.568131	1.39999	1.39999	3.496	
179937	46038	398236	24.8706	5	169	23.7447	5	169	0.610737	0	12	0.404121	0.371894	0.438464	0.404122	0.402836	0.40519	0.565768	0.520914	0.61404	0.565769	0.563259	0.568	1.4	1.4	3.49752	
187767	48184	413331	24.882	5	199	23.7598	5	199	0.610452	0	12	0.403889	0.37104	0.439071	0.403888	0.402603	0.404933	0.565439	0.51915	0.614013	0.56544	0.562934	0.567696	1.39999	1.39999	3.49704	
194457	49977	425906	24.862	5	173	23.7403	5	170	0.610862	0	12	0.404113	0.370936	0.439517	0.404116	0.402806	0.4052	0.565759	0.519879	0.615149	0.565761	0.563221	0.56798	1.4	1.4	3.49651	
202240	51831	441149	24.8748	5	175	23.7501	5	172	0.610128	0	12	0.403823	0.371363	0.439901	0.403824	0.402527	0.40487	0.565347	0.520077	0.614629	0.565349	0.56281	0.567589	1.39999	1.39999	3.49754	
208992	55881	455139	24.8729	5	185	23.7488	5	185	0.610285	0	13	0.403996	0.37111	0.438324	0.403994	0.402693	0.405069	0.565597	0.519406	0.614149	0.565595	0.563066	0.567826	1.4	1.40001	3.49735	
216562	57684	464512	24.8726	5	184	23.7437	5	184	0.610206	0	13	0.404014	0.371327	0.438856	0.404014	0.402727	0.40507	0.565619	0.520373	0.61439	0.565619	0.563099	0.567839	1.4	1.4	3.49727	
223828	58774	478913	24.8852	5	186	23.7547	5	186	0.610363	0	12	0.40381	0.371681	0.438677	0.403811	0.402519	0.40487	0.565338	0.519711	0.61321	0.565338	0.562817	0.56756	1.40001	1.40001	3.49805	
230831	61514	494127	24.8701	5	173	23.7417	5	173	0.610696	0	12	0.404053	0.371226	0.43973	0.404054	0.402763	0.405127	0.565675	0.520583	0.614141	0.565676	0.563146	0.567893	1.4	1.4	3.49733	
238103	64469	507238	24.8642	5	174	23.7432	5	172	0.61063	0	12	0.403899	0.370764	0.438793	0.4039	0.402601	0.404954	0.565464	0.519109	0.614374	0.565464	0.562923	0.567664	1.40001	1.40001	3.497	
245601	66633	519307	24.8916	5	173	23.7634	5	173	0.610202	0	13	0.403751	0.371919	0.438659	0.403753	0.402453	0.4048	0.565252	0.52114	0.613644	0.565254	0.562716	0.567471	1.4	1.4	3.49846	
252117	68222	533307	24.8668	5	195	23.7384	5	195	0.610387	0	12	0.404039	0.371436	0.438583	0.404038	0.402743	0.405103	0.565657	0.520564	0.61354	0.565656	0.563127	0.567867	1.40001	1.40001	3.49746	
258965	69915	548176	24.8748	5	164	23.7446	5	168	0.610454	0	12	0.404386	0.371206	0.440066	0.404386	0.403084	0.405489	0.566134	0.51982	0.615791	0.566135	0.563601	0.568377	1.39999	1.39999	3.4977	
266546	72615	557299	24.8748	5	178	23.7479	5	178	0.610856	0	12	0.404008	0.372379	0.438117	0.404009	0.402711	0.405069	0.565613	0.521256	0.613326	0.565612	0.563063	0.567841	1.4	1.4	3.49793	
274139	74904	575852	24.8702	5	191	23.7439	5	191	0.610771	0	13	0.403886	0.371534	0.441034	0.403888	0.402604	0.404943	0.565442	0.519883	0.616581	0.565443	0.56293	0.567681	1.4	1.4	3.49669	
280148	75425	582400	24.8558	5	164	23.7295	5	161	0.610508	0	12	0.404256	0.372003	0.438776	0.404256	0.402959	0.405347	0.565954	0.520324	0.614754	0.565954	0.563429	0.568174	1.39999	1.39999	3.49739	
287841	77071	600431	24.8658	5	174	23.7338	5	174	0.610519	0	12	0.404226	0.371339	0.439359	0.404227	0.402936	0.405326	0.565916	0.519996	0.615066	0.565918	0.563404	0.568157	1.4	1.4	3.49751	
295160	80812	615791	24.8846	5	181	23.7531	5	181	0.61079	0	12	0.403958	0.370473	0.438981	0.403957	0.402676	0.405007	0.565542	0.519506	0.614153	0.565541	0.563027	0.567769	1.4	1.4	3.49854	
302702	82686	630138	24.8806	5	171	23.7508	5	171	0.610893	0	13	0.403841	0.371783	0.438883	0.40384	0.40256	0.404877	0.56537	0.520556	0.614774	0.56537	0.562891	0.567659	1.39998	1.39999	3.49791	
309159	83511	640375	24.8852	5	174	23.754	5	174	0.610657	0	12	0.403973	0.37176	0.438773	0.403973	0.40268	0.40504	0.565562	0.51906	0.614081	0.565561	0.563026	0.567803	1.4	1.4	3.49809	
316276	85255	657146	24.8825	5	170	23.7507	5	170	0.610462	0	12	0.403777	0.369439	0.439369	0.403777	0.402479	0.404823	0.565283	0.51755	0.615279	0.565283	0.562741	0.567513	1.39999	1.39999	3.4978	
322990	86798	670641	24.8717	5	192	23.7397	5	187	0.610715	0	12	0.404066	0.370253	0.439276	0.404066	0.402776	0.405137	0.565694	0.51857	0.614394	0.565693	0.56317	0.567923	1.4	1.4	3.49694	
330142	88027	679285	24.8756	5	167	23.7432	5	167	0.611153	0	12	0.404012	0.3719	0.439071	0.40401	0.402709	0.405076	0.565617	0.521214	0.614283	0.565616	0.563069	0.567837	1.4	1.4	3.49829	
337299	89720	694575	24.8745	5	180	23.7488	5	178	0.610645	0	12	0.403793	0.371376	0.439769	0.403791	0.402497	0.404836	0.565311	0.519959	0.614977	0.56531	0.56278	0.567503	1.4	1.40001	3.49788	
343818	91859	705573	24.8616	5	186	23.7309	5	185	0.610576	0	13	0.404159	0.37229	0.438804	0.404161	0.402871	0.405237	0.56582	0.520829	0.614321	0.565822	0.563309	0.568061	1.4	1.39999	3.49725	
351096	92586	721098	24.8738	5	174	23.7427	5	174	0.610736	0	12	0.403938	0.371783	0.439883	0.403937	0.402639	0.405009	0.565516	0.520753	0.61473	0.565515	0.562989	0.567721	1.40001	1.40001	3.49684	
357389	94757	739464	24.8651	5	166	23.7363	5	166	0.610829	0	13	0.404185	0.37059	0.43872	0.404185	0.402884	0.405257	0.565857	0.519123	0.615254	0.565857	0.563331	0.568079	1.39999	1.4	3.49761	
364583	96275	747123	24.8676	5	171	23.7391	5	171	0.610868	0	12	0.4042	0.371999	0.44043	0.404202	0.402899	0.405294	0.565877	0.520564	0.615173	0.565879	0.563347	0.568084	1.39999	1.39999	3.49743	
371699	98571	761384	24.8754	5	193	23.7455	5	193	0.610498	0	13	0.403935	0.371714	0.438864	0.403933	0.402629	0.404993	0.56551	0.519773	0.614479	0.565509	0.562969	0.567711	1.4	1.40001	3.49849	
378519	100586	777076	24.8779	5	156	23.7499	5	176	0.61091	0	12	0.404165	0.371491	0.438897	0.404165	0.402866	0.405254	0.565831	0.52064	0.613906	0.565831	0.563303	0.568064	1.4	1.4	3.49834	
385829	100855	789732	24.8833	5	184	23.753	5	184	0.610976	0	13	0.403965	0.371874	0.439796	0.403967	0.402683	0.405014	0.565551	0.520027	0.615111	0.565553	0.563034	0.567781	1.4	1.4	3.49865	
392663	102349	802793	24.8721	5	178	23.7433	5	178	0.610857	0	12	0.403996	0.371683	0.43858	0.403995	0.4027	0.405056	0.565597	0.520317	0.613974	0.565597	0.56308	0.567806	1.40001	1.40001	3.49811	
399698	103926	817172	24.8754	5	172	23.7429	5	172	0.610543	0	12	0.403888	0.37153	0.438976	0.403888	0.402591	0.404934	0.565448	0.518959	0.614573	0.565446	0.562914	0.567666	1.40001	1.40001	3.49766	
406082	105668	827311	24.8657	5	184	23.7417	5	198	0.611025	0	12	0.404127	0.372289	0.439617	0.404128	0.402831	0.405219	0.565781	0.521121	0.614723	0.565781	0.563263	0.568023	1.40001	1.4	3.49727	
413271	106975	842995	24.8857	5	174	23.7522	5	174	0.610516	0	12	0.403909	0.370841	0.439189	0.403911	0.402627	0.404973	0.565473	0.520213	0.614721	0.565475	0.56296	0.567713	1.4	1.4	3.49789	
420153	108105	858514	24.8798	5	177	23.7495	5	177	0.610845	0	12	0.40399	0.37094	0.438516	0.403992	0.402709	0.40505	0.565586	0.519733	0.613817	0.565588	0.563066	0.567809	1.4	1.4	3.49876	
426728	109716	869456	24.8707	5	173	23.7355	5	174	0.610885	0	13	0.404005	0.370899	0.439103	0.404002	0.402716	0.405063	0.565607	0.519861	0.614647	0.565605	0.563087	0.567791	1.4	1.40001	3.49759	
434205	112182	889487	24.8848	5	192	23.7488	5	192	0.61075	0	14	0.403911	0.370333	0.438914	0.403911	0.402624	0.404961	0.565471	0.518893	0.614503	0.565471	0.562967	0.567744	1.39999	1.39999	3.4978	
440720	112151	897814	24.8799	5	179	23.748	5	179	0.611029	0	12	0.403895	0.370839	0.438477	0.403892	0.402597	0.404944	0.565452	0.518339	0.613517	0.56545	0.562914	0.567677	1.4	1.4	3.49763	
447598	113907	910367	24.88	5	186	23.7498	5	234	0.610835	0	13	0.403894	0.370969	0.43848	0.403895	0.402591	0.404954	0.565455	0.519383	0.613887	0.565454	0.56291	0.567679	1.40001	1.4	3.49826	
454541	114952	925026	24.8878	5	168	23.7546	5	168	0.610854	0	13	0.403814	0.370793	0.438987	0.403815	0.402527	0.404879	0.565335	0.519851	0.614413	0.565336	0.562823	0.567561	1.39999	1.39999	3.49784	
461490	116514	937332	24.897	5	168	23.7583	5	168	0.61089	0	13	0.403732	0.371031	0.438583	0.403734	0.40244	0.404773	0.565228	0.520663	0.613493	0.565228	0.562703	0.56743	1.40001	1.4	3.49822	
467164	117770	948585	24.8724	5	182	23.7395	5	197	0.610958	0	12	0.404124	0.37239	0.439046	0.404126	0.402809	0.405193	0.565772	0.520867	0.61385	0.565773	0.563214	0.567987	1.4	1.39999	3.49784	
473748	118695	962002	24.8689	5	187	23.7372	5	187	0.610985	0	12	0.404421	0.371299	0.43989	0.404421	0.403101	0.40549	0.566183	0.520304	0.615576	0.566183	0.563621	0.568401	1.39999	1.39998	3.49808	
481035	120779	976287	24.8801	5	172	23.747	5	172	0.611145	0	12	0.404219	0.371821	0.439257	0.40422	0.402924	0.405309	0.565906	0.520911	0.615859	0.565907	0.563384	0.568153	1.4	1.4	3.49809	
