37.5664	5	105	37.5634	5	105	37.1446	5	103	0.0733479	0	23	0.00498339	0.00464667	0.00530333	0.00498357	0.00455667	0.00546667	0.00696986	0.00645667	0.00744333	0.00697007	0.00622333	0.00761333	1.39862	1.39861	11.6357	
37.8438	5	113	37.8376	5	113	37.4114	5	113	0.143083	0	24	0.00998194	0.00941333	0.0106633	0.00998208	0.00956	0.01048	0.0139764	0.0130733	0.0148433	0.0139766	0.01304	0.0147733	1.40017	1.40017	11.63	
38.1582	5	119	38.1492	5	119	37.7147	5	117	0.210733	0	24	0.0149825	0.0143167	0.0155133	0.0149826	0.0142933	0.0156767	0.0209604	0.0199333	0.0218867	0.0209601	0.0200767	0.0224167	1.39899	1.39897	11.6261	
38.5211	5	120	38.5088	5	120	38.0663	5	118	0.271502	0	23	0.0199847	0.01914	0.0206533	0.0199848	0.0192733	0.0205867	0.0279601	0.0269967	0.0289833	0.0279606	0.0266867	0.02913	1.39908	1.39909	11.6196	
39.0026	5	130	38.9871	5	130	38.561	5	128	0.327306	0	24	0.0249844	0.0240933	0.0257567	0.0249845	0.0240333	0.0259033	0.0349456	0.0339833	0.0361433	0.0349462	0.0335633	0.0364233	1.3987	1.39872	11.6239	
39.5886	5	151	39.5698	5	151	39.1408	5	151	0.375403	0	24	0.0299786	0.0288533	0.0307433	0.0299786	0.02906	0.0307533	0.041949	0.0405567	0.0433133	0.0419489	0.0403467	0.0432633	1.3993	1.3993	11.6302	
40.2885	5	160	40.2665	5	160	39.8561	5	158	0.416309	0	25	0.0349774	0.0341267	0.03587	0.0349771	0.0340233	0.03581	0.0489617	0.0477033	0.0503867	0.0489614	0.0474167	0.0503333	1.39981	1.39981	11.6243	
41.2566	5	191	41.2313	5	191	40.8341	5	191	0.452199	0	25	0.0399889	0.03891	0.0408833	0.0399888	0.0390367	0.04086	0.0559989	0.05383	0.0575767	0.0559987	0.0544733	0.0575967	1.40036	1.40036	11.6256	
42.6082	5	293	42.5787	5	293	42.1848	5	293	0.479313	0	23	0.0449701	0.04394	0.0460533	0.04497	0.0437867	0.04609	0.062973	0.0613933	0.0645933	0.0629732	0.0613667	0.06449	1.40033	1.40034	11.624	
44.7553	5	345	44.7213	5	341	44.3392	5	339	0.499189	0	24	0.0499764	0.0490167	0.0513233	0.0499768	0.04873	0.0512733	0.0699821	0.0682033	0.07172	0.0699827	0.06818	0.0716933	1.4003	1.4003	11.6199	
49.2041	5	636	49.1397	5	636	48.783	5	636	0.514266	0	24	0.054982	0.0537533	0.0562833	0.0549819	0.05396	0.05616	0.0769799	0.0753533	0.0794967	0.0769797	0.07552	0.0787733	1.40009	1.40009	11.627	
66.1056	5	2624	62.9999	5	1959	62.5026	5	1954	0.525759	0	23	0.0599862	0.05896	0.0611467	0.0599866	0.0588667	0.0614467	0.0839778	0.0823533	0.0860333	0.0839789	0.0821433	0.08634	1.39995	1.39996	11.6242	
31020.6	5	1.4976e+06	108.133	5	7360	95.0218	5	7360	0.537976	0	24	0.063422	0.02683	0.0659386	0.0634228	0.0625386	0.0642857	0.0887974	0.0375471	0.0925914	0.0887984	0.0873014	0.0901814	1.4001	1.4001	11.6575	
