38.5635	14	75	38.5535	14	71	38.1365	14	71	0.0135269	0	2	0.00499391	0.00468333	0.00544333	0.00499375	0.00468333	0.00544333	0.00697302	0.00645	0.00757667	0.00697281	0.00645	0.00757667	1.39631	1.39631	8.97985	
38.9182	14	79	38.8953	14	79	38.4518	13	79	0.0269988	0	2	0.0100062	0.00969	0.0104233	0.0100061	0.00969333	0.01042	0.014022	0.01364	0.01483	0.014022	0.01364	0.01483	1.40133	1.40134	8.99337	
39.2913	14	96	39.2567	14	96	38.8244	14	96	0.0409012	0	2	0.0150312	0.0145633	0.01553	0.0150307	0.01456	0.01553	0.0210357	0.0202167	0.0218433	0.0210352	0.0202167	0.0218433	1.39947	1.39948	9.00046	
39.6929	14	96	39.6421	14	89	39.2228	13	89	0.0544302	0	2	0.020063	0.0193567	0.0205633	0.0200619	0.0193533	0.02057	0.0280604	0.02691	0.0290033	0.0280587	0.0269133	0.0290033	1.39862	1.3986	8.99647	
40.2158	14	99	40.1461	14	96	39.7084	13	96	0.0685078	0	2	0.0250671	0.0244633	0.0256733	0.0250666	0.0244567	0.02567	0.0350995	0.03399	0.03611	0.0350993	0.0339833	0.0361067	1.40022	1.40024	8.99701	
40.8794	14	111	40.7891	14	111	40.334	13	111	0.080586	0	2	0.0300682	0.02922	0.0306667	0.0300677	0.02922	0.03067	0.0420955	0.04084	0.0431767	0.0420944	0.04084	0.0431667	1.4	1.39999	9.00102	
41.7417	14	122	41.6162	14	122	41.1707	13	122	0.0934008	0	2	0.0350706	0.03408	0.03598	0.0350694	0.0340733	0.0359733	0.049093	0.0475	0.0503667	0.0490914	0.0474933	0.05036	1.39983	1.39984	8.99731	
42.9319	14	155	42.7518	14	151	42.258	13	151	0.106208	0	2	0.0400941	0.0393167	0.0409567	0.0400933	0.03932	0.04096	0.0561355	0.05491	0.0571167	0.056135	0.0549167	0.0571167	1.40009	1.40011	8.9949	
44.7772	14	280	44.4706	14	280	43.9524	13	280	0.117712	0	2	0.0450691	0.0441633	0.04619	0.0450679	0.0441533	0.0461933	0.0630745	0.06177	0.06455	0.0630725	0.06176	0.0645533	1.39951	1.3995	8.99309	
48.1574	14	394	47.4051	14	297	46.7731	13	295	0.128775	0	2	0.050078	0.0491067	0.0513	0.0500767	0.04911	0.0512867	0.0700785	0.06872	0.0721333	0.0700769	0.06873	0.07212	1.39939	1.39939	8.99793	
56.2948	14	598	52.9789	14	340	52.1193	13	338	0.139378	0	2	0.0550883	0.0538567	0.0560567	0.055088	0.05384	0.05606	0.0770667	0.0754933	0.0785667	0.0770659	0.0755	0.0785867	1.39897	1.39896	8.99888	
163.226	14	3672	66.8459	14	501	65.0208	13	501	0.147631	0	2	0.0600281	0.0592886	0.0607043	0.0600277	0.0592857	0.0607057	0.0839783	0.0830029	0.08523	0.0839779	0.0829857	0.0852343	1.39898	1.39899	8.99737	
51626.1	14	420874	83.7807	14	625	76.0282	13	623	0.147307	0	2	0.0612911	0.04616	0.0659857	0.061291	0.04616	0.0659771	0.0857471	0.0644814	0.0922843	0.0857465	0.0644871	0.0922957	1.39901	1.39901	9.05968	
