15.0019	4	41	14.9989	4	41	14.5882	4	41	0.0178221	0	3	0.00501776	0.00475	0.00528667	0.00501781	0.00475	0.00528667	0.00701224	0.00667	0.00742	0.00701229	0.00666667	0.00742	1.39748	1.39748	6.25341	
15.1118	4	48	15.1058	4	48	14.6988	4	48	0.0372079	0	3	0.0100365	0.00971	0.01046	0.0100365	0.00971	0.01046	0.0140533	0.0134367	0.01478	0.0140535	0.0134367	0.01478	1.40023	1.40024	6.24928	
15.2475	4	48	15.2378	4	48	14.819	4	48	0.0563068	0	3	0.0150792	0.0145967	0.0156767	0.0150792	0.0145933	0.0156767	0.0211185	0.02035	0.0222033	0.0211184	0.0203467	0.0222033	1.4005	1.4005	6.25034	
15.3792	4	68	15.367	4	68	14.9626	4	66	0.0757494	0	3	0.0201019	0.01942	0.0207367	0.0201016	0.0194167	0.0207367	0.0281318	0.02714	0.0289967	0.0281316	0.0271367	0.0289967	1.39946	1.39947	6.24071	
15.5764	4	65	15.5605	4	65	15.1484	4	65	0.0951644	0	3	0.0251035	0.02451	0.0256667	0.0251032	0.0245067	0.0256667	0.0351196	0.03407	0.0364633	0.0351193	0.0340667	0.03646	1.39899	1.39899	6.24327	
15.8395	4	79	15.8205	4	79	15.4199	4	77	0.115189	0	3	0.0301112	0.02938	0.0306933	0.0301109	0.0293767	0.0306933	0.0421523	0.0412533	0.04324	0.0421519	0.04125	0.04324	1.39989	1.39989	6.24937	
16.1721	4	89	16.1494	4	89	15.7432	4	89	0.133915	0	3	0.0351089	0.0343867	0.0357533	0.0351083	0.0343833	0.0357533	0.0491421	0.0477667	0.0501633	0.0491418	0.0477633	0.0501667	1.39971	1.39972	6.24612	
16.6217	4	112	16.5951	4	112	16.1878	4	112	0.152207	0	3	0.0401249	0.0392533	0.04107	0.0401242	0.03925	0.04107	0.0561613	0.0547	0.0575467	0.0561605	0.0547033	0.05754	1.39966	1.39967	6.24433	
17.3092	4	148	17.2758	4	146	16.8764	4	146	0.169211	0	3	0.0451031	0.0442267	0.0459933	0.045103	0.04423	0.0459967	0.0631368	0.06205	0.0647	0.0631366	0.06205	0.06471	1.39983	1.39983	6.24285	
18.4973	4	286	18.4379	4	280	18.0293	4	280	0.186102	0	3	0.0500895	0.0494167	0.0509833	0.0500887	0.04941	0.05098	0.0701337	0.0688933	0.0715767	0.0701326	0.0688833	0.07158	1.40017	1.40017	6.24818	
21.0085	4	566	20.7108	4	388	20.2334	4	388	0.202465	0	3	0.0550995	0.05431	0.0561267	0.0550985	0.05429	0.0561267	0.07713	0.07563	0.079	0.077128	0.0755967	0.079	1.39983	1.39982	6.24906	
36.0969	4	2377	26.5403	4	588	25.7683	4	588	0.217918	0	3	0.0601078	0.0588667	0.06115	0.0601083	0.0588667	0.06115	0.084149	0.08202	0.0855867	0.0841493	0.0820267	0.0855833	1.39997	1.39996	6.25139	
39355.7	4	701870	45.5742	4	803	32.4831	4	803	0.232003	0	3	0.0642463	0.03836	0.066455	0.0642492	0.038365	0.066455	0.0898765	0.05398	0.092925	0.0898801	0.053995	0.092955	1.39894	1.39893	6.67513	
