9.47133	4	24	9.46872	4	22	9.06894	4	22	0.0056642	0	2	0.00503896	0.00485	0.00525	0.00503896	0.00485	0.00525	0.00703187	0.00660667	0.00721	0.00703187	0.00660667	0.00721	1.3955	1.3955	3.52255	
9.47365	4	23	9.4683	4	23	9.05753	4	21	0.0130084	0	2	0.0100096	0.00977	0.01027	0.0100098	0.00977	0.01027	0.0140242	0.01358	0.0143567	0.0140244	0.01358	0.0143567	1.40107	1.40107	3.50306	
9.51878	4	35	9.50983	4	33	9.09671	4	31	0.0215142	0	3	0.0150385	0.0146433	0.0154067	0.0150385	0.0146433	0.0154067	0.021109	0.0202767	0.0218267	0.021109	0.0202767	0.0218267	1.40366	1.40366	3.50166	
9.56446	4	27	9.55255	4	27	9.14856	4	25	0.0282569	0	3	0.0200394	0.0195433	0.0204933	0.0200394	0.0195433	0.0204933	0.0280073	0.0269967	0.02855	0.0280073	0.0269967	0.0285533	1.39761	1.39761	3.50821	
9.59449	4	29	9.57919	4	28	9.16649	4	28	0.0351508	0	3	0.0249817	0.0245533	0.0254567	0.0249815	0.0245533	0.0254533	0.0349079	0.03408	0.0355867	0.0349077	0.03408	0.0355867	1.39734	1.39734	3.50163	
9.63557	4	36	9.61706	4	36	9.21428	4	34	0.0424863	0	3	0.0300342	0.0297067	0.0305567	0.0300342	0.0297067	0.0305533	0.0419717	0.0413433	0.04275	0.0419717	0.0413433	0.0427467	1.39746	1.39746	3.49885	
9.69613	4	33	9.67558	4	33	9.26105	4	31	0.0506119	0	3	0.0350338	0.0346933	0.0354967	0.0350342	0.0346933	0.0355	0.0489992	0.04824	0.0498533	0.0489992	0.04824	0.0498567	1.39863	1.39861	3.50332	
9.75932	4	36	9.7335	4	36	9.32654	4	34	0.0585968	0	3	0.040005	0.0393667	0.0408067	0.0400052	0.03937	0.0408033	0.0560171	0.0545667	0.0570733	0.0560173	0.05457	0.05707	1.40025	1.40025	3.50404	
9.80866	4	46	9.7801	4	46	9.37631	4	44	0.0650523	0	3	0.0449702	0.0445433	0.0454133	0.0449708	0.0445433	0.0454133	0.0630102	0.0618767	0.0636733	0.0630113	0.0618767	0.0636733	1.40115	1.40116	3.50068	
9.87028	4	38	9.8372	4	37	9.42404	4	37	0.0729762	0	3	0.0499706	0.0493967	0.0508567	0.0499713	0.0493967	0.05086	0.0700073	0.0691167	0.0707167	0.0700075	0.0691167	0.07072	1.40097	1.40096	3.49935	
9.93501	4	50	9.89973	4	50	9.48601	4	50	0.0808885	0	3	0.0549625	0.0544633	0.0553867	0.0549637	0.05447	0.05539	0.0769992	0.0757933	0.0775833	0.0770008	0.0757933	0.0775833	1.40094	1.40094	3.49847	
10.0193	4	50	9.97845	4	50	9.56404	4	50	0.0885936	0	3	0.0599131	0.0593333	0.06055	0.059914	0.0593333	0.0605467	0.0838985	0.08272	0.08485	0.0838998	0.08272	0.08485	1.40034	1.40034	3.50066	
10.1044	4	47	10.0602	4	47	9.64989	4	45	0.0962102	0	3	0.0649663	0.0640833	0.0658133	0.0649677	0.0640867	0.06581	0.090945	0.08989	0.0922467	0.0909465	0.0898933	0.0922433	1.39988	1.39987	3.50123	
10.2075	4	60	10.1572	4	59	9.74475	4	57	0.10182	0	3	0.0699352	0.06892	0.0708467	0.0699363	0.0689233	0.0708433	0.0978688	0.0959833	0.0989567	0.0978704	0.09598	0.0989567	1.39942	1.39942	3.50223	
10.301	4	71	10.2481	4	67	9.82573	4	67	0.109865	0	3	0.0749275	0.0740333	0.07549	0.0749292	0.0740333	0.07549	0.104831	0.1035	0.105803	0.104835	0.103507	0.105803	1.39911	1.39913	3.49952	
10.432	4	70	10.3731	4	64	9.95649	4	63	0.117785	0	3	0.0799567	0.07923	0.0807967	0.0799596	0.07924	0.0807933	0.111901	0.110817	0.113213	0.111904	0.11082	0.113223	1.39952	1.3995	3.49833	
10.5898	4	74	10.5235	4	70	10.1048	4	70	0.124632	0	3	0.0849583	0.08418	0.0857667	0.084961	0.0841767	0.08578	0.118899	0.117833	0.120237	0.118902	0.117833	0.120233	1.3995	1.39949	3.50201	
10.7543	4	82	10.6795	4	81	10.2632	4	81	0.133346	0	3	0.0899773	0.0888567	0.0913067	0.0899787	0.08886	0.0913133	0.125884	0.12455	0.127707	0.125886	0.124553	0.127713	1.39907	1.39906	3.50077	
10.9489	4	114	10.8623	4	99	10.4337	4	99	0.140187	0	3	0.0949802	0.0941467	0.0962467	0.0949817	0.0941533	0.0962467	0.13287	0.131917	0.13434	0.132872	0.131917	0.13434	1.39892	1.39892	3.50198	
11.1972	4	98	11.0963	4	89	10.6665	4	89	0.146657	0	3	0.0999708	0.0991067	0.100977	0.0999727	0.0991067	0.100977	0.139856	0.138317	0.141677	0.139859	0.138317	0.141667	1.39897	1.39897	3.50278	
11.4931	4	133	11.361	4	131	10.9186	4	131	0.152961	0	3	0.105003	0.104577	0.105617	0.105006	0.104577	0.105617	0.146922	0.1457	0.14835	0.146927	0.1457	0.148363	1.39921	1.39922	3.50012	
11.8887	4	152	11.7118	4	140	11.2596	4	140	0.161271	0	3	0.110035	0.10878	0.111453	0.110036	0.108783	0.111447	0.154048	0.152	0.15626	0.15405	0.15201	0.15624	1.39999	1.39999	3.50408	
12.3196	4	178	12.0877	4	117	11.6146	4	117	0.168048	0	3	0.115087	0.11389	0.115987	0.115092	0.1139	0.115987	0.1611	0.15945	0.163387	0.161107	0.159473	0.163387	1.3998	1.39982	3.50127	
12.9743	4	177	12.6081	4	132	12.1079	4	132	0.17526	0	3	0.120107	0.119307	0.121297	0.120108	0.119303	0.121303	0.168151	0.16666	0.170357	0.168153	0.166657	0.170363	1.40001	1.40001	3.50019	
13.9921	4	331	13.2624	4	157	12.7164	4	153	0.182624	0	3	0.125099	0.123853	0.126103	0.125101	0.12386	0.12612	0.17515	0.173627	0.176397	0.175152	0.173637	0.176393	1.40009	1.40008	3.50238	
16.2099	4	394	14.3324	4	163	13.702	4	163	0.188654	0	3	0.130074	0.12926	0.130697	0.130077	0.129253	0.130697	0.182067	0.17993	0.18389	0.182071	0.179933	0.18389	1.39972	1.39972	3.50104	
19.3626	4	500	15.4453	4	154	14.7115	4	154	0.195947	0	3	0.13504	0.134055	0.13595	0.135044	0.134055	0.13595	0.18899	0.187392	0.190495	0.188995	0.1874	0.190495	1.39951	1.39951	3.49739	
34.8283	4	1250	16.9578	4	173	16.0415	4	173	0.201137	0	3	0.139976	0.139213	0.141288	0.139977	0.139213	0.141292	0.195906	0.194667	0.197388	0.195907	0.19467	0.197392	1.39957	1.39956	3.4962	
89507.7	4	477442	28.7355	4	196	18.691	4	196	0.225175	0	3	0.15352	0.110125	0.16166	0.153521	0.11011	0.16168	0.214807	0.154275	0.225495	0.214808	0.154275	0.22553	1.39921	1.39922	3.98767	
