14.9917	4	41	14.9888	4	41	14.6101	4	41	0.0142722	0	2	0.00501776	0.00475	0.00528667	0.00501781	0.00475	0.00528667	0.00701224	0.00667	0.00742	0.00701229	0.00666667	0.00742	1.39748	1.39748	6.2582	
15.0619	4	48	15.056	4	48	14.6392	4	48	0.0291176	0	2	0.0100365	0.00971	0.01046	0.0100366	0.00971	0.01046	0.0140533	0.0134367	0.01478	0.0140536	0.0134367	0.01478	1.40023	1.40024	6.24816	
15.1886	4	48	15.179	4	48	14.7647	4	48	0.0444044	0	2	0.0150792	0.0145967	0.0156767	0.0150791	0.0145933	0.0156767	0.0211185	0.02035	0.0222033	0.0211182	0.0203467	0.0222033	1.4005	1.40049	6.25895	
15.2749	4	68	15.2627	4	68	14.8505	4	66	0.05996	0	2	0.0201019	0.0194167	0.02074	0.0201016	0.0194167	0.02074	0.0281318	0.02713	0.029	0.0281314	0.02713	0.029	1.39946	1.39946	6.24482	
15.434	4	65	15.4181	4	65	15.0162	4	65	0.0762427	0	2	0.0251035	0.02451	0.0256733	0.0251032	0.0245067	0.0256733	0.0351196	0.03407	0.0364667	0.0351193	0.0340667	0.03646	1.39899	1.399	6.25133	
15.6327	4	79	15.6138	4	79	15.2093	4	77	0.0918037	0	2	0.0301112	0.0293867	0.0307033	0.0301109	0.0293833	0.0307033	0.0421523	0.0412667	0.0432267	0.0421517	0.0412633	0.0432267	1.39989	1.39988	6.26052	
15.8482	4	89	15.8258	4	89	15.4133	4	89	0.106217	0	2	0.0351089	0.0343333	0.0357667	0.0351086	0.03433	0.0357667	0.0491421	0.04772	0.0501667	0.0491421	0.0477167	0.05016	1.39971	1.39971	6.24855	
16.1443	4	112	16.118	4	112	15.7023	4	112	0.120262	0	2	0.0401249	0.0392367	0.0410533	0.0401244	0.0392333	0.0410533	0.0561613	0.0547267	0.0575967	0.0561607	0.05473	0.05759	1.39966	1.39966	6.23929	
16.6323	4	182	16.6	4	182	16.183	4	182	0.134184	0	2	0.0451031	0.0443733	0.0461033	0.0451029	0.0443767	0.04611	0.0631368	0.0621233	0.0648567	0.0631364	0.0621233	0.06486	1.39983	1.39983	6.24496	
17.4708	4	272	17.4222	4	266	17.0131	4	266	0.148357	0	2	0.0500895	0.0493867	0.0509967	0.0500888	0.0493867	0.051	0.0701337	0.069	0.07164	0.0701324	0.069	0.07161	1.40017	1.40016	6.24913	
19.2713	4	480	19.0112	4	364	18.5464	4	364	0.160699	0	2	0.0550995	0.05399	0.0558967	0.0550992	0.05399	0.0558933	0.07713	0.0757967	0.07839	0.0771298	0.0758067	0.0783867	1.39983	1.39984	6.25072	
35.4403	4	3635	23.3314	4	680	22.5942	4	680	0.173262	0	2	0.0600832	0.0592925	0.0609375	0.060083	0.0592925	0.0609325	0.0840784	0.0828525	0.0852475	0.0840779	0.082855	0.085245	1.39937	1.39936	6.25143	
37857	4	668889	38.5517	4	820	25.9032	4	820	0.186774	0	2	0.0642548	0.037175	0.066555	0.0642527	0.03715	0.066555	0.0898882	0.05226	0.093415	0.0898852	0.05222	0.093415	1.39893	1.39893	6.6659	
