9.44263	4	24	9.44003	4	22	9.03268	4	22	0.00471328	0	2	0.00503896	0.00485	0.00525	0.00503896	0.00485	0.00525	0.00703187	0.00660667	0.00721	0.00703187	0.00660667	0.00721	1.3955	1.3955	3.51052	
9.45925	4	23	9.4539	4	23	9.05324	4	21	0.0118636	0	2	0.0100096	0.00977	0.01027	0.0100098	0.00977	0.01027	0.0140242	0.01358	0.0143567	0.0140244	0.01358	0.0143567	1.40107	1.40107	3.49931	
9.5017	4	35	9.49275	4	33	9.07494	4	31	0.0183556	0	2	0.0150385	0.0146433	0.0154067	0.0150385	0.0146433	0.0154067	0.021109	0.0202767	0.0218267	0.021109	0.0202767	0.0218267	1.40366	1.40366	3.50077	
9.54341	4	27	9.5315	4	27	9.12796	4	25	0.0240048	0	2	0.0200394	0.0195433	0.0204933	0.0200394	0.0195433	0.0204933	0.0280073	0.0269967	0.02855	0.0280073	0.0269967	0.0285533	1.39761	1.39761	3.50885	
9.57591	4	29	9.56061	4	28	9.14331	4	28	0.0312563	0	2	0.0249817	0.02455	0.0254567	0.0249815	0.02455	0.0254533	0.0349079	0.0340767	0.0355867	0.0349077	0.0340767	0.0355867	1.39734	1.39734	3.50509	
9.5997	4	36	9.58119	4	36	9.17549	4	34	0.0365972	0	2	0.0300342	0.0297067	0.0305533	0.030034	0.0297067	0.03055	0.0419717	0.0413467	0.0427467	0.0419715	0.0413467	0.0427433	1.39746	1.39747	3.49729	
9.65947	4	33	9.63892	4	33	9.22561	4	31	0.0439992	0	2	0.0350338	0.0346933	0.0354933	0.0350342	0.0346933	0.0354967	0.0489992	0.04824	0.0498533	0.0489992	0.04824	0.0498567	1.39863	1.39861	3.50577	
9.71915	4	36	9.69336	4	36	9.29101	4	34	0.0507957	0	2	0.040005	0.0393633	0.04081	0.040005	0.0393633	0.0408067	0.0560171	0.0545633	0.0570767	0.0560175	0.0545633	0.0570733	1.40025	1.40026	3.50707	
9.7577	4	46	9.72916	4	46	9.3297	4	44	0.0569914	0	2	0.0449702	0.0445333	0.0454033	0.0449704	0.0445333	0.0454033	0.0630102	0.0618667	0.0636633	0.06301	0.0618667	0.0636633	1.40115	1.40114	3.50249	
9.81549	4	38	9.78255	4	36	9.37592	4	36	0.0642377	0	2	0.0499706	0.0493933	0.0508333	0.0499702	0.0493933	0.0508333	0.0700073	0.06909	0.07071	0.0700065	0.06909	0.0707	1.40097	1.40096	3.50139	
9.86128	4	50	9.82595	4	50	9.41581	4	50	0.0700781	0	2	0.0549625	0.05448	0.0553867	0.054964	0.0544867	0.05539	0.0769992	0.07582	0.07759	0.0770006	0.07582	0.0775967	1.40094	1.40093	3.49898	
9.93871	4	46	9.89761	4	45	9.484	4	45	0.0773724	0	2	0.0599131	0.0593433	0.06055	0.059914	0.0593433	0.0605467	0.0838985	0.0827167	0.08486	0.0838998	0.0827167	0.08486	1.40034	1.40034	3.50142	
10.0131	4	46	9.96903	4	45	9.56056	4	45	0.0838865	0	2	0.0649663	0.06411	0.06578	0.0649675	0.06411	0.0657767	0.090945	0.08991	0.0922467	0.0909467	0.08991	0.0922433	1.39988	1.39988	3.50317	
10.1023	4	60	10.0522	4	59	9.64101	4	57	0.0888948	0	2	0.0699352	0.0688733	0.0708733	0.0699356	0.0688733	0.07087	0.0978688	0.0960567	0.0989733	0.0978706	0.0960533	0.0989833	1.39942	1.39944	3.50452	
10.1741	4	58	10.1216	4	58	9.70048	4	58	0.095901	0	2	0.0749275	0.0739933	0.0755767	0.0749288	0.0739933	0.0755767	0.104831	0.103457	0.105923	0.104834	0.103463	0.105923	1.39911	1.39912	3.50053	
10.2813	4	64	10.2227	4	64	9.80388	4	62	0.102318	0	2	0.0799567	0.07927	0.08081	0.0799594	0.07928	0.0808067	0.111901	0.110853	0.113277	0.111903	0.110857	0.113287	1.39952	1.3995	3.49744	
10.425	4	74	10.3602	4	70	9.94545	4	70	0.10873	0	2	0.0849583	0.08427	0.0858667	0.0849606	0.08427	0.08588	0.118899	0.117783	0.120147	0.118901	0.117783	0.12016	1.3995	1.39949	3.50453	
10.5717	4	79	10.4989	4	75	10.0791	4	73	0.11621	0	2	0.0899773	0.0887267	0.0912867	0.0899787	0.0887267	0.0912933	0.125884	0.124373	0.127613	0.125886	0.124373	0.12762	1.39907	1.39906	3.50245	
10.7384	4	104	10.6522	4	87	10.2234	4	87	0.122036	0	2	0.0949802	0.0941233	0.09599	0.0949813	0.0941267	0.09599	0.13287	0.132103	0.13399	0.132871	0.13211	0.13399	1.39892	1.39892	3.50356	
10.9493	4	98	10.8524	4	91	10.4248	4	91	0.127302	0	2	0.0999708	0.0992567	0.10117	0.0999725	0.0992567	0.10117	0.139856	0.138003	0.141343	0.139858	0.138003	0.141333	1.39897	1.39897	3.50325	
11.2019	4	114	11.0792	4	97	10.6391	4	97	0.133559	0	2	0.105003	0.10435	0.105557	0.105007	0.10435	0.105557	0.146922	0.14621	0.14819	0.146926	0.14621	0.148203	1.39921	1.39921	3.50186	
11.5475	4	174	11.3811	4	111	10.9293	4	111	0.139214	0	2	0.110035	0.108597	0.11156	0.110037	0.1086	0.111553	0.154048	0.15181	0.156487	0.15405	0.151813	0.15647	1.39999	1.39999	3.50106	
11.9774	4	173	11.731	4	114	11.2667	4	114	0.145391	0	2	0.115087	0.114393	0.116013	0.115091	0.114397	0.116013	0.1611	0.159827	0.163613	0.161105	0.159843	0.163613	1.3998	1.39981	3.50105	
12.5138	4	212	12.1483	4	137	11.6504	4	137	0.15112	0	2	0.120107	0.118943	0.121103	0.120107	0.118947	0.121103	0.168151	0.166547	0.169633	0.168151	0.166543	0.16964	1.40001	1.40001	3.4981	
13.4918	4	268	12.8063	4	149	12.2662	4	149	0.158157	0	2	0.125099	0.123837	0.126027	0.125099	0.12384	0.12603	0.17515	0.17323	0.176923	0.175149	0.173233	0.176913	1.40009	1.40009	3.50206	
15.4254	4	324	13.7227	4	150	13.099	4	150	0.164114	0	2	0.130074	0.128887	0.13104	0.130072	0.12889	0.131043	0.182065	0.18	0.183693	0.182066	0.180017	0.183697	1.39971	1.39973	3.49898	
19.5278	4	612	14.7744	4	146	14.0499	4	146	0.169222	0	2	0.135049	0.134015	0.135882	0.135047	0.134	0.13588	0.189003	0.187065	0.191518	0.189002	0.18705	0.191515	1.39951	1.39953	3.49669	
29.3674	4	871	16.0248	4	179	15.1567	4	179	0.173922	0	2	0.139741	0.139047	0.14025	0.139741	0.13905	0.14025	0.195466	0.194302	0.196395	0.195466	0.194293	0.196395	1.39878	1.39877	3.5001	
5274.89	4	46530	18.3318	4	201	16.3351	4	201	0.180448	0	2	0.144149	0.13988	0.146435	0.144148	0.139865	0.14643	0.201647	0.19554	0.206305	0.201647	0.195545	0.2063	1.39888	1.39888	3.57093	
