14.9764	4	37	14.9735	4	37	14.5754	4	35	0.0128606	0	3	0.00501776	0.00475	0.00528667	0.00501786	0.00476333	0.00526667	0.00701224	0.00667	0.00742	0.00701245	0.00649667	0.00753	1.39748	1.3975	6.25245	
15.0764	4	41	15.0705	4	41	14.6779	4	39	0.0278151	0	3	0.0100365	0.00971	0.01046	0.0100367	0.00952333	0.01057	0.0140533	0.0134367	0.01478	0.0140536	0.01333	0.0148433	1.40023	1.40023	6.25828	
15.1388	4	43	15.1291	4	43	14.7227	4	41	0.0425703	0	3	0.0150792	0.0145967	0.01567	0.0150792	0.0145067	0.0156567	0.0211185	0.02035	0.0221967	0.0211185	0.02018	0.0220767	1.4005	1.4005	6.24726	
15.2346	4	47	15.2223	4	47	14.8141	4	45	0.0563897	0	3	0.0201019	0.0194333	0.02074	0.0201015	0.0195367	0.0207433	0.0281318	0.02716	0.029	0.0281314	0.0268033	0.0292167	1.39946	1.39946	6.25213	
15.3344	4	47	15.3186	4	47	14.9039	4	46	0.069921	0	3	0.0251035	0.0244933	0.02567	0.0251033	0.0243367	0.0259633	0.0351196	0.0340533	0.03646	0.0351194	0.03372	0.0361267	1.39899	1.399	6.25584	
15.4221	4	47	15.4033	4	46	14.9728	4	45	0.0855802	0	3	0.0301112	0.02938	0.0307167	0.0301111	0.0292267	0.0307833	0.0421523	0.0412333	0.0432667	0.042152	0.0409933	0.0434467	1.39989	1.39988	6.24946	
15.545	4	50	15.5228	4	49	15.1075	4	47	0.0996351	0	4	0.0351089	0.0343833	0.0357433	0.035108	0.0341233	0.03605	0.0491421	0.0477767	0.05021	0.0491413	0.04798	0.0510567	1.39971	1.39972	6.25412	
15.6531	4	58	15.6276	4	56	15.2064	4	54	0.113366	0	4	0.0401249	0.0391967	0.0410033	0.0401246	0.0393167	0.0410167	0.0561613	0.0547533	0.0575867	0.0561609	0.0551867	0.0576533	1.39966	1.39966	6.24959	
15.7799	4	63	15.7505	4	63	15.331	4	63	0.127629	0	4	0.0451031	0.04432	0.04603	0.0451031	0.04416	0.04584	0.0631368	0.06192	0.06457	0.0631367	0.0619367	0.0642967	1.39983	1.39983	6.24816	
15.922	4	59	15.8902	4	59	15.4678	4	59	0.142209	0	4	0.0500895	0.0493433	0.05076	0.0500889	0.04899	0.0508567	0.0701337	0.0687667	0.07143	0.0701329	0.0686133	0.0714167	1.40017	1.40017	6.24892	
16.0715	4	69	16.0358	4	69	15.6111	4	69	0.155889	0	4	0.0550995	0.0539467	0.0561833	0.0550997	0.0539233	0.0558967	0.07713	0.0753333	0.0792033	0.07713	0.0756633	0.0785467	1.39983	1.39983	6.24606	
16.2545	4	81	16.2149	4	81	15.7962	4	79	0.168303	0	4	0.0601065	0.0592367	0.0611	0.0601066	0.05872	0.06084	0.0841468	0.08239	0.0855	0.084147	0.08202	0.0856467	1.39996	1.39996	6.24621	
16.4578	4	83	16.4151	4	79	15.9961	4	79	0.18047	0	4	0.0651192	0.0642167	0.0661967	0.0651193	0.0638067	0.0661333	0.0911278	0.0894633	0.09307	0.0911283	0.0890067	0.0929	1.3994	1.39941	6.25	
16.6825	4	99	16.6358	4	99	16.2192	4	97	0.193383	0	4	0.0701263	0.0692033	0.0714133	0.0701263	0.0689233	0.0710733	0.0981003	0.0963	0.100287	0.0981008	0.09627	0.0996833	1.39891	1.39892	6.24977	
16.9416	4	97	16.8909	4	97	16.4763	4	95	0.206345	0	4	0.0751053	0.0739433	0.0760567	0.0751056	0.07365	0.0761367	0.105088	0.10353	0.10709	0.105088	0.10324	0.107073	1.3992	1.3992	6.2502	
17.2338	4	95	17.1785	4	95	16.7602	4	95	0.217231	0	4	0.0800963	0.0791467	0.0813467	0.0800962	0.0786667	0.0811533	0.112058	0.110633	0.11374	0.112057	0.11025	0.113793	1.39904	1.39903	6.24775	
17.6235	4	182	17.5634	4	181	17.152	4	181	0.229439	0	5	0.0850853	0.0837867	0.08609	0.0850857	0.0838433	0.0862933	0.119037	0.117253	0.120583	0.119038	0.117	0.120887	1.39903	1.39903	6.24915	
18.072	4	144	18.0045	4	144	17.5915	4	144	0.24045	0	4	0.0900632	0.08887	0.09116	0.0900631	0.0889133	0.09139	0.125996	0.12461	0.128087	0.125995	0.123933	0.128077	1.39897	1.39897	6.24751	
18.7055	4	189	18.6241	4	187	18.2036	4	187	0.252791	0	4	0.0950433	0.09366	0.0960233	0.0950435	0.0937	0.0964767	0.132989	0.130933	0.134523	0.132989	0.130147	0.13507	1.39925	1.39924	6.25131	
19.5031	4	380	19.3809	4	307	18.9547	4	307	0.263528	0	4	0.100018	0.09868	0.10137	0.100019	0.0990467	0.101387	0.13994	0.13746	0.141697	0.139941	0.137913	0.142047	1.39915	1.39915	6.24681	
20.7848	4	330	20.5729	4	292	20.1327	4	288	0.274978	0	5	0.105002	0.10309	0.10627	0.105001	0.103907	0.106423	0.146919	0.14437	0.14903	0.146918	0.144547	0.149183	1.3992	1.3992	6.25316	
22.9217	4	394	22.3283	4	330	21.8348	4	330	0.287197	0	5	0.110036	0.108577	0.111807	0.110036	0.10915	0.11145	0.153943	0.151963	0.15764	0.153944	0.15201	0.15606	1.39903	1.39903	6.25251	
27.53	4	913	25.3058	4	507	24.662	4	507	0.300197	0	4	0.115026	0.113393	0.11617	0.115026	0.113803	0.116357	0.160911	0.158253	0.163513	0.160911	0.15913	0.162953	1.39891	1.3989	6.25028	
47.9533	4	2254	30.8521	4	582	29.854	4	582	0.314588	0	4	0.120032	0.118573	0.121477	0.120032	0.118647	0.121367	0.16791	0.165797	0.17015	0.167909	0.16556	0.17003	1.39887	1.39887	6.25134	
78528.8	4	707472	55.8339	4	1181	42.9749	4	1181	0.339968	0	5	0.125677	0.075645	0.131655	0.125679	0.12428	0.12763	0.175849	0.105715	0.18469	0.175849	0.17386	0.180085	1.39921	1.39919	6.37973	
