25.868	4	65	25.865	4	65	25.4538	4	64	0.0293435	0	3	0.00499648	0.00403333	0.00613333	0.00499687	0.00393333	0.00616667	0.00699987	0.00543333	0.00886667	0.007	0.00526667	0.00886667	1.40096	1.40088	11.6493	
26.0321	4	70	26.0259	4	70	25.6013	4	70	0.0608098	0	3	0.00997174	0.0082	0.0114	0.00997331	0.00856667	0.0114	0.0139655	0.0115333	0.0160333	0.0139682	0.0113	0.0167333	1.40051	1.40056	11.6352	
26.2127	4	69	26.2037	4	69	25.7748	4	68	0.0920204	0	3	0.0149551	0.0130667	0.0173	0.0149603	0.0129333	0.0177	0.0208975	0.0183333	0.0254333	0.0209046	0.0163333	0.0253	1.39735	1.39734	11.6198	
26.4703	4	73	26.4571	4	73	26.0213	4	71	0.11981	0	3	0.0199372	0.0173667	0.0224333	0.0199426	0.0177	0.0221667	0.027872	0.0244333	0.0327333	0.0278831	0.0227667	0.0314667	1.39799	1.39817	11.6266	
26.7471	4	83	26.7317	4	83	26.2941	4	81	0.151382	0	4	0.024949	0.0226333	0.0270667	0.0249553	0.0222	0.0273	0.0349353	0.0319	0.0387	0.0349438	0.0309	0.0390333	1.40027	1.40025	11.6132	
27.1289	4	86	27.1108	4	86	26.6928	4	86	0.178719	0	3	0.0299477	0.0271333	0.0323	0.0299516	0.0273	0.0324333	0.0419547	0.0382	0.0462	0.04196	0.0376333	0.0464	1.40093	1.40093	11.6283	
27.5351	4	109	27.5131	4	109	27.1104	4	107	0.2026	0	3	0.0349724	0.0319	0.0377	0.0349764	0.032	0.0385667	0.0489835	0.0443667	0.0544667	0.0489895	0.045	0.0549	1.40063	1.40064	11.6147	
28.0939	4	108	28.0688	4	108	27.6653	4	108	0.224972	0	4	0.0399818	0.0369	0.0436333	0.0399845	0.0371	0.0433667	0.0559783	0.0504667	0.0615	0.0559892	0.0513	0.0615	1.40009	1.40027	11.6194	
28.8876	4	142	28.8586	4	142	28.4399	4	142	0.244313	0	4	0.0449708	0.0423	0.0486333	0.0449785	0.0417667	0.0486667	0.0629464	0.0579667	0.0684667	0.0629556	0.0562333	0.0691333	1.39972	1.39968	11.6311	
30.0116	4	154	29.978	4	154	29.5741	4	154	0.264051	0	4	0.0499805	0.0470333	0.0535667	0.0499895	0.0466667	0.0537	0.0699447	0.0641333	0.0752333	0.0699582	0.0628667	0.0767667	1.39944	1.39946	11.6307	
31.9118	4	454	31.8383	4	414	31.4343	4	414	0.280124	0	4	0.0549776	0.0510667	0.0596333	0.0549872	0.0515	0.0595667	0.0769219	0.0703333	0.0854667	0.076934	0.0699	0.0834	1.39915	1.39912	11.6135	
36.9096	4	639	36.4942	4	559	36.0302	4	556	0.299307	0	4	0.0599566	0.0565	0.0638	0.0599685	0.0555333	0.0659	0.0838773	0.0787667	0.0899	0.083894	0.0768333	0.0917667	1.39897	1.39897	11.6255	
880.637	4	31286	63.7683	4	1677	57.221	4	1677	0.325999	0	4	0.0648123	0.04515	0.0707	0.0648195	0.0604	0.06975	0.0907336	0.06515	0.0992	0.090735	0.08325	0.09995	1.39994	1.39981	11.6931	
