7.7931	1	67	7.7931	1	67	7.03617	1	63	0	0	0	0.00499391	0.00471	0.00536	0.00499396	0	0.0405033	0.00895208	0.00824333	0.00963	0.00895208	0	0.07301	1.7926	1.79258	7.87799	
8.06592	1	121	8.06592	1	121	7.44613	1	117	0	0	0	0.0100062	0.00962333	0.01048	0.0100062	0	0.0807033	0.0180378	0.0172933	0.0192367	0.0180377	0	0.14581	1.80265	1.80265	7.99352	
8.30445	1	116	8.30445	1	116	7.84143	1	112	0	0	0	0.0150311	0.0145233	0.0156967	0.0150312	0	0.12143	0.02704	0.0259333	0.0284833	0.0270402	0	0.219003	1.79893	1.79894	8.07184	
8.64645	1	119	8.64645	1	119	8.36476	1	115	0	0	0	0.020063	0.0194867	0.0205667	0.020063	0	0.162193	0.0360579	0.0347767	0.0372567	0.0360578	0	0.291167	1.79723	1.79723	8.21724	
9.10462	1	166	9.10462	1	166	9.09216	1	162	0	0	0	0.0250671	0.02449	0.0257333	0.0250668	0	0.20188	0.0451318	0.0439833	0.0464533	0.0451313	0	0.36407	1.80044	1.80044	8.43811	
9.65397	1	173	9.65397	1	173	9.99358	1	169	0	0	0	0.0300682	0.02949	0.0307167	0.0300681	0	0.242557	0.0541228	0.0526633	0.0563	0.0541226	0	0.43723	1.8	1.8	8.70572	
10.3841	1	173	10.3841	1	173	11.1442	1	169	0	0	0	0.0350706	0.0342367	0.0362133	0.0350701	0	0.282003	0.0631154	0.0612733	0.06533	0.0631141	0	0.50941	1.79966	1.79966	9.09056	
11.3504	1	230	11.3504	1	230	12.6863	1	226	0	0	0	0.0400941	0.0389867	0.0411167	0.0400933	0	0.322673	0.072177	0.0700667	0.0745967	0.0721768	0	0.582803	1.80019	1.80022	9.60998	
12.7369	1	237	12.7369	1	237	14.8231	1	237	0	0	0	0.0450691	0.04441	0.0457233	0.0450682	0	0.36245	0.0810798	0.07946	0.0826367	0.0810785	0	0.653787	1.79901	1.79902	10.3994	
14.8905	1	279	14.8905	1	279	17.9563	1	275	0	0	0	0.050078	0.04917	0.05091	0.0500779	0	0.402503	0.090079	0.0880267	0.09225	0.0900782	0	0.726177	1.79877	1.79876	11.7135	
18.3206	1	335	18.3206	1	335	22.5647	1	331	0	0	0	0.055088	0.0541533	0.0558567	0.0550864	0	0.443103	0.0990448	0.0965533	0.101737	0.0990403	0	0.79717	1.79794	1.79791	13.8553	
25.3945	1	377	25.3942	1	377	31.1149	1	373	0	0	0	0.0600776	0.0585933	0.0612533	0.0600772	0	0.48332	0.108018	0.105313	0.110653	0.108017	0	0.869517	1.79797	1.79797	18.5596	
49.672	1	606	49.6574	1	606	56.6428	1	602	0	0	0	0.0651088	0.0641933	0.06608	0.0651109	0	0.523473	0.117103	0.115033	0.120723	0.117107	0	0.940077	1.79857	1.79858	35.4656	
57336	1	799853	167.916	1	2004	170.816	1	6080	0	0	0	0.070037	0.0695514	0.0706886	0.0658145	0	0.52838	0.125948	0.124159	0.127609	0.118342	0	0.94825	1.7983	1.79812	97.0221	
