10.8874	3	56	10.8874	3	56	10.0925	3	52	0	0	0	0.00499391	0.00471	0.00536	0.00499396	0.00471	0.00536	0.00895208	0.00824333	0.00963	0.00895219	0.00824333	0.00963	1.7926	1.7926	11.0837	
10.9439	3	58	10.9439	3	58	10.1358	3	54	0	0	0	0.0100062	0.00962333	0.01048	0.010006	0.00962333	0.01048	0.0180378	0.0172933	0.0192367	0.0180373	0.0172933	0.0192367	1.80265	1.80265	11.1188	
10.9332	3	59	10.9332	3	59	10.1392	3	56	0	0	0	0.0150311	0.0145233	0.0156967	0.0150311	0.0145233	0.0156967	0.02704	0.0259333	0.0284833	0.0270398	0.0259333	0.0284833	1.79893	1.79892	11.0992	
10.9702	3	59	10.9702	3	59	10.1659	3	56	0	0	0	0.020063	0.0194867	0.0205667	0.0200628	0.0194867	0.0205667	0.0360579	0.0347767	0.0372567	0.0360581	0.0347767	0.0372567	1.79723	1.79726	11.1264	
10.983	3	60	10.983	3	60	10.1874	3	59	0	0	0	0.0250671	0.02449	0.0257333	0.0250666	0.0244867	0.0257367	0.0451318	0.0439833	0.0464533	0.0451317	0.0439833	0.0464567	1.80044	1.80047	11.1237	
11.0224	3	67	11.0224	3	67	10.2506	3	63	0	0	0	0.0300682	0.02949	0.0307167	0.0300679	0.02949	0.0307133	0.0541228	0.0526633	0.0563	0.0541216	0.0526633	0.0563	1.8	1.79998	11.1516	
11.0227	3	104	11.0227	3	104	10.2312	3	100	0	0	0	0.0350706	0.0342367	0.0362133	0.0350698	0.03423	0.0362133	0.0631154	0.0612733	0.06533	0.0631139	0.0612733	0.0653267	1.79966	1.79966	11.1389	
11.0387	3	71	11.0387	3	71	10.2361	3	67	0	0	0	0.0400941	0.0389867	0.0411167	0.0400937	0.0389867	0.04112	0.072177	0.0700667	0.0745967	0.0721765	0.0700667	0.0746	1.80019	1.8002	11.1441	
11.049	3	104	11.049	3	104	10.2462	3	100	0	0	0	0.0450691	0.04441	0.0457233	0.0450681	0.0444167	0.0457233	0.0810798	0.07946	0.0826367	0.0810776	0.0794633	0.08265	1.79901	1.799	11.1424	
11.0667	3	108	11.0667	3	108	10.271	3	104	0	0	0	0.050078	0.04917	0.05091	0.0500779	0.04916	0.05091	0.090079	0.0880267	0.09225	0.0900783	0.0880167	0.0922467	1.79877	1.79876	11.148	
11.0778	3	107	11.0778	3	107	10.2771	3	103	0	0	0	0.055088	0.0541533	0.0558567	0.0550874	0.0541467	0.0558533	0.0990448	0.0965533	0.101737	0.0990433	0.0965467	0.101733	1.79794	1.79793	11.1455	
11.1072	3	104	11.1072	3	104	10.306	3	100	0	0	0	0.0600776	0.0585933	0.0612533	0.0600773	0.05859	0.0612533	0.108018	0.105313	0.110653	0.108018	0.105297	0.110653	1.79797	1.79798	11.163	
11.1504	3	108	11.1504	3	108	10.3509	3	104	0	0	0	0.0651088	0.0641933	0.06608	0.0651081	0.06419	0.0660767	0.117103	0.115033	0.120723	0.117102	0.115037	0.120733	1.79857	1.79858	11.1885	
11.1406	3	109	11.1406	3	109	10.3597	3	105	0	0	0	0.0700993	0.0692433	0.0712167	0.0700992	0.0692467	0.0712133	0.126046	0.123663	0.128517	0.126047	0.123673	0.128537	1.79811	1.79813	11.1699	
11.1769	3	112	11.1769	3	112	10.3834	3	108	0	0	0	0.0750704	0.0737167	0.0760867	0.0750703	0.07372	0.0760833	0.134952	0.131797	0.13759	0.134952	0.1318	0.13759	1.79767	1.79767	11.1905	
11.1863	3	112	11.1863	3	112	10.3784	3	108	0	0	0	0.0800622	0.0788433	0.08149	0.0800621	0.07884	0.0814867	0.143966	0.141463	0.14713	0.143966	0.141477	0.147113	1.79817	1.79818	11.1843	
11.202	3	109	11.202	3	109	10.3991	3	106	0	0	0	0.0850492	0.0838967	0.0865433	0.0850492	0.0838967	0.0865467	0.152894	0.149913	0.155517	0.152893	0.149877	0.155517	1.79771	1.7977	11.1871	
11.2269	3	112	11.2269	3	112	10.4329	3	108	0	0	0	0.0900403	0.0881367	0.0912167	0.0900398	0.0881367	0.0912133	0.161919	0.158543	0.16451	0.161919	0.158537	0.16451	1.7983	1.7983	11.1952	
11.2421	3	115	11.2421	3	115	10.446	3	111	0	0	0	0.0950421	0.09396	0.0965867	0.0950421	0.0939533	0.0965867	0.170904	0.16843	0.17513	0.170903	0.168453	0.175127	1.79819	1.79818	11.1979	
11.2851	3	156	11.2851	3	156	10.4954	3	152	0	0	0	0.100014	0.0985767	0.101243	0.100014	0.0985867	0.10124	0.179775	0.176603	0.18299	0.179777	0.176613	0.18299	1.7975	1.79752	11.2229	
11.3001	3	116	11.3001	3	116	10.5078	3	114	0	0	0	0.105002	0.103807	0.106227	0.105002	0.103807	0.106227	0.188774	0.18556	0.191903	0.188774	0.185557	0.191893	1.79782	1.79781	11.2208	
11.3378	3	117	11.3378	3	117	10.5482	3	113	0	0	0	0.110025	0.108787	0.111333	0.110025	0.108787	0.111333	0.197877	0.1946	0.20158	0.197878	0.194613	0.201577	1.79847	1.79848	11.2402	
11.3715	3	116	11.3715	3	116	10.5799	3	113	0	0	0	0.115005	0.113727	0.116963	0.115005	0.113727	0.116973	0.206856	0.20342	0.21087	0.206857	0.20342	0.210893	1.79868	1.79868	11.2559	
11.3909	3	119	11.3909	3	119	10.5996	3	115	0	0	0	0.119998	0.118613	0.121213	0.119997	0.11861	0.12121	0.215819	0.211733	0.21892	0.21582	0.211743	0.21893	1.79853	1.79854	11.2571	
11.4243	3	118	11.4243	3	118	10.6319	3	116	0	0	0	0.124993	0.12335	0.12636	0.124993	0.123347	0.12636	0.224817	0.22087	0.228107	0.224818	0.220867	0.22812	1.79863	1.79864	11.2705	
11.4661	3	122	11.4661	3	122	10.6772	3	118	0	0	0	0.129989	0.128747	0.13121	0.129989	0.128743	0.13121	0.233857	0.230573	0.237133	0.233859	0.23057	0.237153	1.79906	1.79907	11.2924	
11.5034	3	120	11.5034	3	120	10.7143	3	116	0	0	0	0.134996	0.133797	0.136793	0.134996	0.1338	0.136793	0.242939	0.23918	0.246713	0.242938	0.239173	0.246713	1.7996	1.7996	11.3079	
11.5363	3	123	11.5363	3	123	10.7592	3	121	0	0	0	0.139994	0.1387	0.142043	0.139994	0.138693	0.142037	0.251935	0.248517	0.255967	0.251936	0.248527	0.255963	1.79962	1.79962	11.3198	
11.5825	3	125	11.5825	3	125	10.8011	3	121	0	0	0	0.14498	0.1435	0.146687	0.14498	0.1435	0.146693	0.260957	0.257767	0.264273	0.260958	0.257773	0.26428	1.79996	1.79996	11.3405	
11.6291	3	161	11.6291	3	161	10.8561	3	161	0	0	0	0.149981	0.14896	0.151417	0.149981	0.14896	0.15141	0.270074	0.265633	0.274083	0.270075	0.26564	0.274087	1.80072	1.80072	11.3617	
11.6744	3	171	11.6744	3	171	10.8995	3	167	0	0	0	0.154962	0.153983	0.15644	0.154963	0.15398	0.156443	0.279055	0.27535	0.282653	0.279058	0.27535	0.28267	1.80079	1.8008	11.384	
11.7147	3	171	11.7147	3	171	10.9368	3	167	0	0	0	0.159973	0.15789	0.16147	0.159974	0.157887	0.16147	0.288068	0.28388	0.291447	0.288068	0.283873	0.291447	1.80072	1.80072	11.3996	
11.7653	3	125	11.7652	3	125	10.9871	3	125	0	0	0	0.164998	0.16387	0.166513	0.164998	0.163867	0.166507	0.297156	0.29383	0.300683	0.297158	0.29385	0.300687	1.80097	1.80098	11.4236	
11.8183	3	162	11.8182	3	162	11.0503	3	162	0	0	0	0.170008	0.168587	0.171523	0.170008	0.168577	0.171523	0.306168	0.30249	0.30979	0.30617	0.302487	0.309797	1.80091	1.80092	11.4492	
11.8861	3	174	11.8861	3	174	11.1259	3	170	0	0	0	0.175015	0.17378	0.176443	0.175016	0.17378	0.176433	0.315161	0.309647	0.319467	0.315163	0.309687	0.319483	1.80077	1.80077	11.4798	
11.9417	3	167	11.9416	3	167	11.1941	3	163	0	0	0	0.180034	0.178163	0.18141	0.180036	0.178163	0.181403	0.324183	0.32065	0.327567	0.324184	0.32066	0.327573	1.80068	1.80066	11.505	
12.006	3	167	12.0059	3	167	11.2467	3	167	0	0	0	0.185041	0.1837	0.186537	0.185043	0.1837	0.186537	0.333238	0.329753	0.336673	0.33324	0.329763	0.33671	1.80089	1.80088	11.5378	
12.0754	3	171	12.0752	3	171	11.3233	3	171	0	0	0	0.190052	0.188987	0.191353	0.190054	0.188987	0.191357	0.342298	0.3384	0.345987	0.342301	0.3384	0.34599	1.80108	1.80107	11.571	
12.1425	3	171	12.1422	3	171	11.3915	3	171	0	0	0	0.195077	0.19343	0.196657	0.195078	0.193433	0.19667	0.351373	0.34831	0.3549	0.351371	0.348293	0.354913	1.8012	1.80119	11.5991	
12.2329	3	183	12.2325	3	183	11.4878	3	179	0	0	0	0.200077	0.198647	0.202083	0.200077	0.19864	0.20209	0.360248	0.356233	0.365297	0.360251	0.35624	0.365303	1.80055	1.80056	11.6473	
12.3168	3	178	12.3163	3	178	11.5792	3	174	0	0	0	0.20508	0.20363	0.206777	0.20508	0.203637	0.206773	0.369223	0.36587	0.372783	0.369223	0.365863	0.372797	1.80038	1.80038	11.6899	
12.4014	3	177	12.4007	3	177	11.6665	3	173	0	0	0	0.210069	0.208173	0.2115	0.210069	0.208177	0.21149	0.378256	0.37335	0.38255	0.378256	0.37334	0.38255	1.80062	1.80062	11.7337	
12.4942	3	183	12.4934	3	183	11.7642	3	182	0	0	0	0.215034	0.213277	0.21678	0.215034	0.213277	0.216777	0.387101	0.38325	0.39125	0.387102	0.383247	0.391243	1.80019	1.80019	11.7791	
12.6076	3	178	12.6065	3	178	11.8886	3	175	0	0	0	0.220028	0.217783	0.221743	0.220028	0.217773	0.221733	0.396088	0.390813	0.39951	0.396089	0.390807	0.3995	1.80017	1.80018	11.8365	
12.7104	3	222	12.7091	3	222	11.9884	3	218	0	0	0	0.225021	0.222313	0.226663	0.22502	0.222323	0.22666	0.405055	0.399957	0.409987	0.405054	0.399963	0.40999	1.80008	1.80008	11.8873	
12.8318	3	178	12.8302	3	178	12.1267	3	174	0	0	0	0.230021	0.227957	0.231717	0.230021	0.22794	0.231717	0.413976	0.409087	0.41777	0.413977	0.40911	0.417757	1.79973	1.79974	11.9492	
12.9661	3	233	12.9639	3	233	12.2661	3	229	0	0	0	0.235028	0.23363	0.236853	0.235029	0.23362	0.236853	0.423043	0.4198	0.42848	0.423046	0.41981	0.42848	1.79997	1.79997	12.0208	
13.1086	3	273	13.1058	3	273	12.4219	3	269	0	0	0	0.240019	0.238327	0.24225	0.240019	0.23833	0.242243	0.432012	0.427083	0.436387	0.432015	0.427087	0.436387	1.79991	1.79992	12.094	
13.2646	3	224	13.2608	3	224	12.5855	3	220	0	0	0	0.245024	0.24343	0.246467	0.245023	0.24341	0.246467	0.441096	0.435677	0.446587	0.441095	0.43569	0.446553	1.80021	1.80022	12.1712	
13.4389	3	222	13.434	3	222	12.7663	3	219	0	0	0	0.250034	0.2484	0.252393	0.250034	0.24841	0.2524	0.450065	0.44537	0.45447	0.450065	0.445363	0.454467	1.80002	1.80002	12.2606	
13.6635	3	213	13.6572	3	213	13.0073	3	209	0	0	0	0.255016	0.252767	0.25653	0.255015	0.252793	0.256527	0.459117	0.455247	0.46585	0.459116	0.455273	0.46585	1.80035	1.80035	12.3816	
13.8776	3	244	13.8692	3	244	13.2347	3	240	0	0	0	0.260024	0.258227	0.261787	0.260025	0.25824	0.26179	0.468142	0.463863	0.473947	0.468147	0.463873	0.473943	1.80038	1.80039	12.4996	
14.1635	3	207	14.1517	3	207	13.5243	3	203	0	0	0	0.265018	0.263463	0.267173	0.26502	0.263463	0.267193	0.477196	0.473417	0.482283	0.4772	0.473437	0.482267	1.80062	1.80062	12.6515	
14.4483	3	252	14.4326	3	252	13.8323	3	252	0	0	0	0.270019	0.268033	0.27192	0.270018	0.268023	0.271927	0.486187	0.48198	0.490517	0.486183	0.48197	0.49053	1.80056	1.80056	12.8083	
14.8194	3	238	14.7974	3	238	14.2214	3	234	0	0	0	0.275021	0.273083	0.27774	0.27502	0.273077	0.277747	0.495153	0.490253	0.501447	0.495153	0.490227	0.501453	1.80042	1.80043	13.0073	
15.298	3	246	15.2649	3	246	14.7233	3	243	0	0	0	0.280024	0.278493	0.281807	0.280025	0.2785	0.281803	0.504147	0.498907	0.508647	0.504151	0.498917	0.508667	1.80037	1.80038	13.2719	
15.8609	3	283	15.8107	3	283	15.2937	3	279	0	0	0	0.284984	0.283113	0.286417	0.284988	0.28312	0.286427	0.512982	0.508687	0.517117	0.512988	0.508683	0.517133	1.80004	1.80004	13.5828	
10795.3	3	439232	33.7304	3	582	35.4318	3	624	0	0	0	0.290006	0.2888	0.291596	0.283364	0.189456	0.291609	0.521905	0.517469	0.524927	0.509941	0.342629	0.524946	1.79963	1.7996	21.596	
