12.6623	2	56	12.6623	2	56	11.8502	2	53	0	0	0	0.00499391	0.00471	0.00536	0.00499396	0.00471	0.00536	0.00895208	0.00824333	0.00963	0.00895224	0.00824333	0.00963	1.7926	1.79261	12.8538	
12.6865	2	57	12.6865	2	57	11.864	2	56	0	0	0	0.0100062	0.00962333	0.01048	0.010006	0.00962333	0.01048	0.0180378	0.0172933	0.0192367	0.0180377	0.0172933	0.0192367	1.80265	1.80269	12.8519	
12.6946	2	60	12.6946	2	60	11.9028	2	56	0	0	0	0.0150311	0.0145233	0.0156967	0.015031	0.0145233	0.0157	0.02704	0.0259333	0.0284833	0.0270398	0.0259333	0.02848	1.79893	1.79893	12.8484	
12.7279	2	60	12.7279	2	60	11.9317	2	57	0	0	0	0.020063	0.0194867	0.0205667	0.0200628	0.0194867	0.0205667	0.0360579	0.0347767	0.0372567	0.0360581	0.0347767	0.0372533	1.79723	1.79727	12.8648	
12.7456	2	62	12.7456	2	62	11.9536	2	59	0	0	0	0.0250671	0.02449	0.0257333	0.0250666	0.0244867	0.0257333	0.0451318	0.0439833	0.0464533	0.045131	0.0439833	0.0464433	1.80044	1.80045	12.8625	
12.777	2	63	12.777	2	63	12.0116	2	62	0	0	0	0.0300682	0.02949	0.0307167	0.0300678	0.0294933	0.0307067	0.0541228	0.0526633	0.0563	0.0541219	0.0526667	0.0562967	1.8	1.8	12.8795	
12.7945	2	100	12.7945	2	100	11.9955	2	100	0	0	0	0.0350706	0.0342367	0.0362133	0.0350698	0.03423	0.0362133	0.0631154	0.0612733	0.06533	0.0631135	0.0612733	0.06533	1.79966	1.79965	12.8813	
12.8181	2	104	12.8181	2	104	12.0303	2	100	0	0	0	0.0400941	0.0389867	0.0411167	0.0400934	0.0389867	0.0411167	0.072177	0.0700667	0.0745967	0.0721765	0.0700667	0.0745967	1.80019	1.80021	12.8866	
12.8209	2	108	12.8209	2	108	12.0207	2	104	0	0	0	0.0450691	0.04441	0.0457233	0.0450685	0.0444167	0.0457233	0.0810798	0.07946	0.0826367	0.0810786	0.0794633	0.0826567	1.79901	1.79901	12.8742	
12.8469	2	115	12.8469	2	115	12.05	2	111	0	0	0	0.050078	0.04917	0.05091	0.0500778	0.0491633	0.05091	0.090079	0.0880267	0.09225	0.0900776	0.0880167	0.0922467	1.79877	1.79875	12.8837	
12.8488	2	108	12.8488	2	108	12.0524	2	104	0	0	0	0.055088	0.0541533	0.0558567	0.0550873	0.0541533	0.0558533	0.0990448	0.0965533	0.101737	0.0990435	0.0965533	0.101733	1.79794	1.79794	12.869	
12.8805	2	109	12.8805	2	109	12.0745	2	106	0	0	0	0.0600776	0.0585933	0.0612533	0.0600771	0.0585867	0.0612533	0.108018	0.105313	0.110653	0.108017	0.105293	0.110653	1.79797	1.79797	12.8844	
12.9287	2	108	12.9287	2	108	12.1301	2	107	0	0	0	0.0651088	0.0641933	0.06608	0.0651082	0.0641933	0.0660767	0.117103	0.115033	0.120723	0.117102	0.115047	0.120737	1.79857	1.79858	12.9128	
12.9234	2	112	12.9234	2	112	12.141	2	108	0	0	0	0.0700993	0.0692433	0.0712167	0.0700998	0.0692467	0.0712133	0.126046	0.123663	0.128517	0.126048	0.123673	0.12853	1.79811	1.79812	12.8902	
12.9492	2	110	12.9492	2	110	12.1644	2	106	0	0	0	0.0750704	0.0737167	0.0760867	0.07507	0.07372	0.0760833	0.134952	0.131797	0.13759	0.134952	0.1318	0.137593	1.79767	1.79768	12.8974	
12.97	2	112	12.97	2	112	12.1718	2	108	0	0	0	0.0800622	0.0788433	0.08149	0.0800618	0.07884	0.08149	0.143966	0.141463	0.14713	0.143965	0.14146	0.14713	1.79817	1.79817	12.8989	
13.0045	2	114	13.0045	2	114	12.2017	2	112	0	0	0	0.0850492	0.0838967	0.0865433	0.0850486	0.0838933	0.0865467	0.152894	0.149913	0.155517	0.152892	0.149883	0.15552	1.79771	1.7977	12.9116	
13.0312	2	112	13.0312	2	112	12.2365	2	108	0	0	0	0.0900403	0.0881367	0.0912167	0.0900394	0.0881367	0.0912233	0.161919	0.158543	0.16451	0.161919	0.158547	0.16451	1.7983	1.79832	12.9182	
13.0408	2	114	13.0408	2	114	12.2501	2	112	0	0	0	0.0950421	0.09396	0.0965867	0.095042	0.0939533	0.0965867	0.170904	0.16843	0.17513	0.170902	0.168453	0.17513	1.79819	1.79818	12.9072	
13.0916	2	113	13.0916	2	113	12.3092	2	109	0	0	0	0.100014	0.0985767	0.101243	0.100014	0.0985833	0.10124	0.179775	0.176603	0.18299	0.179778	0.17661	0.182987	1.7975	1.79753	12.9382	
13.1161	2	129	13.1161	2	129	12.328	2	125	0	0	0	0.105002	0.103807	0.106227	0.105002	0.10381	0.106227	0.188774	0.18556	0.191903	0.188772	0.18556	0.191887	1.79782	1.79781	12.939	
13.1632	2	161	13.1632	2	161	12.3847	2	159	0	0	0	0.110025	0.108787	0.111333	0.110025	0.10879	0.11133	0.197877	0.1946	0.20158	0.197878	0.194613	0.201577	1.79847	1.79848	12.9583	
13.1943	2	119	13.1943	2	119	12.4003	2	115	0	0	0	0.115005	0.113727	0.116963	0.115005	0.113727	0.116977	0.206856	0.20342	0.21087	0.206855	0.20342	0.210897	1.79868	1.79867	12.9681	
13.2358	2	179	13.2358	2	179	12.4408	2	175	0	0	0	0.119998	0.118613	0.121213	0.119998	0.118613	0.121213	0.215819	0.211733	0.21892	0.21582	0.211753	0.21892	1.79853	1.79854	12.9794	
13.2681	2	119	13.2681	2	119	12.4879	2	115	0	0	0	0.124993	0.12335	0.12636	0.124993	0.123347	0.12636	0.224817	0.22087	0.228107	0.224817	0.220867	0.228127	1.79863	1.79864	12.9888	
13.3384	2	119	13.3384	2	119	12.5563	2	117	0	0	0	0.129989	0.128747	0.13121	0.129989	0.128747	0.131213	0.233857	0.230573	0.237133	0.233858	0.23057	0.23714	1.79906	1.79907	13.0264	
13.3855	2	210	13.3854	2	210	12.5988	2	210	0	0	0	0.134996	0.133797	0.136793	0.134996	0.133797	0.136793	0.242939	0.23918	0.246713	0.242938	0.23917	0.246713	1.7996	1.79959	13.0394	
13.4469	2	120	13.4468	2	120	12.6736	2	116	0	0	0	0.139994	0.1387	0.142043	0.139993	0.138673	0.142047	0.251935	0.248517	0.255967	0.251933	0.248533	0.255963	1.79962	1.79961	13.0701	
13.5227	2	127	13.5226	2	127	12.7445	2	123	0	0	0	0.14498	0.1435	0.146687	0.144979	0.1435	0.146697	0.260957	0.257767	0.264273	0.260957	0.257773	0.264283	1.79996	1.79996	13.1041	
13.5851	2	160	13.5849	2	160	12.8179	2	156	0	0	0	0.149981	0.14896	0.151417	0.149982	0.148957	0.151417	0.270074	0.265633	0.274083	0.270074	0.265637	0.27408	1.80072	1.80071	13.132	
13.6736	2	130	13.6733	2	130	12.9031	2	130	0	0	0	0.154962	0.153983	0.15644	0.154963	0.15398	0.156443	0.279055	0.27535	0.282653	0.279057	0.275337	0.28267	1.80079	1.8008	13.1726	
13.748	2	166	13.7477	2	166	12.9904	2	162	0	0	0	0.159973	0.15789	0.16147	0.159974	0.157887	0.16147	0.288068	0.28388	0.291447	0.288067	0.283873	0.291443	1.80072	1.80071	13.2102	
13.8501	2	164	13.8496	2	164	13.0893	2	161	0	0	0	0.164998	0.16387	0.166513	0.164998	0.163867	0.166507	0.297156	0.29383	0.300683	0.297157	0.29388	0.30069	1.80097	1.80097	13.2658	
13.9637	2	168	13.9631	2	168	13.2072	2	165	0	0	0	0.170008	0.168587	0.171523	0.170007	0.168577	0.171513	0.306168	0.30249	0.30979	0.30617	0.30249	0.30979	1.80091	1.80092	13.3262	
14.0733	2	172	14.0724	2	172	13.333	2	168	0	0	0	0.175015	0.17378	0.176443	0.175016	0.17378	0.176437	0.315161	0.309647	0.319467	0.315163	0.30969	0.319473	1.80077	1.80076	13.3784	
14.2017	2	172	14.2005	2	172	13.4735	2	168	0	0	0	0.180034	0.178163	0.18141	0.180036	0.178163	0.18141	0.324183	0.32065	0.327567	0.324185	0.320663	0.32758	1.80068	1.80067	13.4451	
14.3395	2	220	14.3379	2	220	13.6087	2	216	0	0	0	0.185041	0.1837	0.186537	0.185043	0.183703	0.18654	0.333238	0.329753	0.336673	0.333241	0.329763	0.336717	1.80089	1.80088	13.5235	
14.4973	2	178	14.495	2	178	13.7732	2	174	0	0	0	0.190052	0.188987	0.191353	0.190054	0.18899	0.191357	0.342298	0.3384	0.345987	0.342302	0.338403	0.345997	1.80108	1.80108	13.608	
14.6647	2	188	14.6619	2	188	13.9484	2	188	0	0	0	0.195077	0.19343	0.196657	0.195077	0.193433	0.196667	0.351373	0.34831	0.3549	0.35137	0.348307	0.354903	1.8012	1.80119	13.7021	
14.8473	2	198	14.8434	2	198	14.1453	2	194	0	0	0	0.200077	0.198647	0.202083	0.200077	0.198643	0.202083	0.360248	0.356233	0.365297	0.360251	0.356243	0.365297	1.80055	1.80056	13.8084	
15.056	2	200	15.0508	2	200	14.3552	2	200	0	0	0	0.20508	0.20363	0.206777	0.205079	0.203633	0.206773	0.369223	0.36587	0.372783	0.369223	0.365863	0.372793	1.80038	1.80039	13.9297	
15.2941	2	220	15.2869	2	220	14.6035	2	220	0	0	0	0.210069	0.208173	0.2115	0.210068	0.20817	0.211493	0.378256	0.37335	0.38255	0.378254	0.373347	0.382543	1.80062	1.80062	14.0692	
15.5531	2	233	15.5433	2	233	14.8713	2	229	0	0	0	0.215034	0.213277	0.21678	0.215035	0.213277	0.216777	0.387101	0.38325	0.39125	0.387103	0.383217	0.391247	1.80019	1.80019	14.2153	
15.8603	2	287	15.8463	2	287	15.199	2	283	0	0	0	0.220028	0.217783	0.221743	0.220028	0.21778	0.221733	0.396088	0.390813	0.39951	0.39609	0.390807	0.399507	1.80017	1.80018	14.4065	
16.1763	2	253	16.1567	2	253	15.516	2	253	0	0	0	0.225021	0.222313	0.226663	0.225022	0.222317	0.226667	0.405055	0.399957	0.409987	0.405055	0.39995	0.409997	1.80008	1.80007	14.5942	
16.5922	2	240	16.5632	2	240	15.9443	2	240	0	0	0	0.230021	0.227957	0.231717	0.23002	0.227937	0.231723	0.413976	0.409087	0.41777	0.413975	0.409087	0.417763	1.79973	1.79973	14.8456	
17.0829	2	229	17.0405	2	229	16.4478	2	225	0	0	0	0.235028	0.23363	0.236853	0.235026	0.23362	0.236847	0.423043	0.4198	0.42848	0.42304	0.41981	0.428477	1.79997	1.79997	15.1502	
17.6424	2	280	17.5763	2	280	16.9993	2	276	0	0	0	0.240019	0.238327	0.24225	0.240018	0.23833	0.242227	0.432012	0.427083	0.436387	0.432016	0.427087	0.43637	1.79991	1.79993	15.4839	
18.3567	2	266	18.2468	2	266	17.7047	2	266	0	0	0	0.245024	0.24343	0.246467	0.245023	0.243393	0.246467	0.441096	0.435677	0.446587	0.441094	0.435683	0.446557	1.80021	1.80021	15.9063	
19.1818	2	259	19.0024	2	258	18.4829	2	254	0	0	0	0.250034	0.2484	0.252393	0.250035	0.248407	0.2524	0.450065	0.44537	0.45447	0.450068	0.445363	0.454467	1.80002	1.80002	16.3659	
20.268	2	292	19.9636	2	285	19.4802	2	281	0	0	0	0.255016	0.252767	0.25653	0.255012	0.252783	0.256523	0.459117	0.455247	0.46585	0.459113	0.45526	0.465843	1.80035	1.80036	16.9427	
21.7267	2	326	21.114	2	326	20.6599	2	322	0	0	0	0.260024	0.258227	0.261787	0.260023	0.258243	0.2618	0.468142	0.463863	0.473947	0.468145	0.4639	0.473943	1.80038	1.8004	17.5813	
23.7176	2	456	22.3837	2	371	21.9429	2	371	0	0	0	0.265018	0.263463	0.267173	0.265016	0.263463	0.267177	0.477196	0.473417	0.482283	0.477193	0.473417	0.482243	1.80062	1.80062	18.2307	
26.9633	2	609	23.7691	2	348	23.3536	2	348	0	0	0	0.270019	0.268033	0.27192	0.270015	0.268023	0.271937	0.486187	0.48198	0.490517	0.486178	0.48197	0.49053	1.80056	1.80056	18.861	
45.3637	2	2243	24.8533	2	365	24.4634	2	365	0	0	0	0.275043	0.273875	0.276975	0.27504	0.273872	0.276973	0.495116	0.492032	0.499875	0.495106	0.492027	0.49984	1.80014	1.80012	19.2201	
5097.63	2	138203	26.1532	2	394	26.1938	2	407	0	0	0	0.280003	0.278731	0.281537	0.278018	0.24504	0.281531	0.503954	0.501574	0.506829	0.50042	0.441646	0.50684	1.79981	1.79996	19.7185	
