7.66542	1	68	7.66542	1	68	6.87869	1	64	0	0	0	0.00499391	0.00471	0.00536	0.00499396	0.00470333	0.00528333	0.00895208	0.00824333	0.00963	0.00895229	0.00825	0.00979	1.7926	1.79262	7.85503	
7.69458	1	65	7.69458	1	65	6.91363	1	61	0	0	0	0.0100062	0.00962333	0.01048	0.0100061	0.00947333	0.0105233	0.0180378	0.0172933	0.0192367	0.0180376	0.01706	0.0190833	1.80265	1.80266	7.85551	
7.73121	1	68	7.73121	1	68	6.95833	1	64	0	0	0	0.0150311	0.0145233	0.0156967	0.015031	0.0144667	0.0156933	0.02704	0.0259333	0.0284833	0.0270399	0.02496	0.0285367	1.79893	1.79895	7.87699	
7.75729	1	69	7.75729	1	69	6.99442	1	65	0	0	0	0.020063	0.0194867	0.0205667	0.0200628	0.0194767	0.0207033	0.0360579	0.0347767	0.0372567	0.036058	0.0339367	0.03749	1.79723	1.79725	7.8844	
7.81183	1	72	7.81183	1	72	7.0482	1	72	0	0	0	0.0250671	0.02449	0.0257333	0.0250667	0.0244167	0.02571	0.0451318	0.0439833	0.0464533	0.0451315	0.0435933	0.04701	1.80044	1.80046	7.913	
7.8393	1	69	7.8393	1	69	7.07549	1	65	0	0	0	0.0300682	0.02949	0.0307167	0.0300681	0.0293267	0.03087	0.0541228	0.0526633	0.0563	0.054122	0.0526167	0.0564733	1.8	1.79998	7.92377	
7.88854	1	74	7.88854	1	74	7.15543	1	70	0	0	0	0.0350706	0.0342367	0.0362133	0.0350702	0.03431	0.0358933	0.0631154	0.0612733	0.06533	0.0631148	0.0615967	0.06488	1.79966	1.79967	7.95112	
7.91906	1	76	7.91906	1	76	7.17295	1	72	0	0	0	0.0400941	0.0389867	0.0411167	0.0400935	0.0393067	0.0407833	0.072177	0.0700667	0.0745967	0.0721761	0.0700933	0.0740367	1.80019	1.80019	7.96042	
7.96348	1	117	7.96348	1	117	7.2384	1	113	0	0	0	0.0450691	0.04441	0.0457233	0.0450681	0.04412	0.04579	0.0810798	0.07946	0.0826367	0.081078	0.0792533	0.0831967	1.79901	1.79901	7.98236	
8.00901	1	115	8.00901	1	115	7.29103	1	111	0	0	0	0.050078	0.04917	0.05091	0.0500775	0.04873	0.0508767	0.090079	0.0880267	0.09225	0.0900783	0.08719	0.0923833	1.79877	1.79878	8.00393	
8.05181	1	114	8.05181	1	114	7.36164	1	110	0	0	0	0.055088	0.0541533	0.0558567	0.0550869	0.0537733	0.0558933	0.0990448	0.0965533	0.101737	0.0990427	0.0960333	0.101443	1.79794	1.79794	8.0255	
8.08441	1	115	8.08441	1	115	7.3952	1	111	0	0	0	0.0600776	0.0585933	0.0612533	0.0600776	0.0590967	0.0612433	0.108018	0.105313	0.110653	0.108017	0.105353	0.110423	1.79797	1.79795	8.03302	
8.14092	1	114	8.14092	1	114	7.47231	1	110	0	0	0	0.0651088	0.0641933	0.06608	0.0651084	0.0640133	0.0660567	0.117103	0.115033	0.120723	0.117102	0.1141	0.119353	1.79857	1.79857	8.06558	
8.18977	1	118	8.18977	1	118	7.52809	1	114	0	0	0	0.0700993	0.0692433	0.0712167	0.0700987	0.0689767	0.0712333	0.126046	0.123663	0.128517	0.126045	0.12324	0.128343	1.79811	1.79811	8.0878	
8.2365	1	123	8.2365	1	123	7.57748	1	119	0	0	0	0.0750704	0.0737167	0.0760867	0.0750699	0.07403	0.0762267	0.134952	0.131797	0.13759	0.134952	0.132287	0.13744	1.79767	1.79768	8.10974	
8.28745	1	123	8.28745	1	123	7.64386	1	119	0	0	0	0.0800622	0.0788433	0.08149	0.0800621	0.0789067	0.08127	0.143966	0.141463	0.14713	0.143966	0.141	0.146377	1.79817	1.79818	8.13473	
8.33389	1	117	8.33388	1	117	7.70548	1	113	0	0	0	0.0850492	0.0838967	0.0865433	0.0850494	0.08406	0.08615	0.152894	0.149913	0.155517	0.152893	0.15029	0.155323	1.79771	1.7977	8.15531	
8.39074	1	125	8.39074	1	125	7.77707	1	121	0	0	0	0.0900403	0.0881367	0.0912167	0.0900405	0.0889333	0.0910133	0.161919	0.158543	0.16451	0.16192	0.159523	0.164213	1.7983	1.7983	8.18334	
8.45325	1	118	8.45325	1	118	7.85412	1	114	0	0	0	0.0950421	0.09396	0.0965867	0.0950416	0.09382	0.09619	0.170904	0.16843	0.17513	0.170902	0.167647	0.17353	1.79819	1.79818	8.2163	
8.5089	1	127	8.50889	1	127	7.93385	1	123	0	0	0	0.100014	0.0985767	0.101243	0.100013	0.09878	0.10123	0.179775	0.176603	0.18299	0.179775	0.175887	0.18243	1.7975	1.79751	8.24182	
8.57605	1	122	8.57604	1	122	8.01167	1	118	0	0	0	0.105002	0.103807	0.106227	0.105002	0.10361	0.106097	0.188774	0.18556	0.191903	0.188774	0.185313	0.191203	1.79782	1.79782	8.27727	
8.64173	1	120	8.64173	1	120	8.0957	1	116	0	0	0	0.110025	0.108787	0.111333	0.110025	0.109007	0.11106	0.197877	0.1946	0.20158	0.197877	0.194667	0.2004	1.79847	1.79847	8.31147	
8.70076	1	122	8.70076	1	122	8.16969	1	118	0	0	0	0.115005	0.113727	0.116963	0.115005	0.113763	0.115997	0.206856	0.20342	0.21087	0.206858	0.20265	0.20909	1.79868	1.79869	8.33725	
8.76768	1	125	8.76768	1	125	8.26429	1	121	0	0	0	0.119998	0.118613	0.121213	0.119998	0.11871	0.121087	0.215819	0.211733	0.21892	0.21582	0.21236	0.218507	1.79853	1.79853	8.37	
8.84487	1	130	8.84486	1	130	8.3464	1	126	0	0	0	0.124993	0.12335	0.12636	0.124993	0.123623	0.126163	0.224817	0.22087	0.228107	0.224818	0.221013	0.227703	1.79863	1.79864	8.41241	
8.9136	1	127	8.91358	1	127	8.44356	1	123	0	0	0	0.129989	0.128747	0.13121	0.12999	0.128333	0.131403	0.233857	0.230573	0.237133	0.233859	0.230017	0.236807	1.79906	1.79906	8.44285	
8.99943	1	172	8.9994	1	172	8.55138	1	168	0	0	0	0.134996	0.133797	0.136793	0.134996	0.133163	0.136407	0.242939	0.23918	0.246713	0.242939	0.238587	0.24574	1.7996	1.7996	8.49097	
9.0729	1	124	9.07288	1	124	8.64354	1	120	0	0	0	0.139994	0.1387	0.142043	0.139994	0.138507	0.141273	0.251935	0.248517	0.255967	0.251933	0.2472	0.255127	1.79962	1.79961	8.52609	
9.16583	1	128	9.16581	1	128	8.76267	1	124	0	0	0	0.14498	0.1435	0.146687	0.144979	0.143493	0.14626	0.260957	0.257767	0.264273	0.260956	0.255497	0.26431	1.79996	1.79996	8.57764	
9.2518	1	129	9.25176	1	129	8.86872	1	125	0	0	0	0.149981	0.14896	0.151417	0.149981	0.148437	0.151693	0.270074	0.265633	0.274083	0.270075	0.264877	0.27395	1.80072	1.80072	8.62131	
9.34812	1	132	9.34807	1	132	8.98998	1	128	0	0	0	0.154962	0.153983	0.15644	0.154963	0.153447	0.156763	0.279055	0.27535	0.282653	0.279057	0.272983	0.282683	1.80079	1.8008	8.67238	
9.44783	1	166	9.44779	1	166	9.11918	1	162	0	0	0	0.159973	0.15789	0.16147	0.159973	0.158473	0.161843	0.288068	0.28388	0.291447	0.288065	0.282817	0.2924	1.80072	1.80071	8.72738	
9.54938	1	171	9.54931	1	171	9.24206	1	167	0	0	0	0.164998	0.16387	0.166513	0.164998	0.163283	0.16688	0.297156	0.29383	0.300683	0.297156	0.2923	0.301613	1.80097	1.80097	8.78118	
9.661	1	178	9.66092	1	178	9.38631	1	174	0	0	0	0.170008	0.168587	0.171523	0.170009	0.16832	0.171587	0.306168	0.30249	0.30979	0.306173	0.302157	0.310367	1.80091	1.80092	8.84651	
9.75661	1	143	9.75653	1	143	9.49413	1	139	0	0	0	0.175015	0.17378	0.176443	0.175016	0.17332	0.17631	0.315161	0.309647	0.319467	0.315163	0.310637	0.318893	1.80077	1.80077	8.89097	
9.88146	1	179	9.88134	1	179	9.66125	1	175	0	0	0	0.180034	0.178163	0.18141	0.180035	0.178343	0.18137	0.324183	0.32065	0.327567	0.324185	0.31987	0.328877	1.80068	1.80068	8.96366	
10.0086	1	172	10.0084	1	172	9.80611	1	168	0	0	0	0.185041	0.1837	0.186537	0.185043	0.183423	0.186803	0.333238	0.329753	0.336673	0.33324	0.328533	0.338417	1.80089	1.80088	9.03584	
10.1302	1	175	10.13	1	175	9.94927	1	171	0	0	0	0.190052	0.188987	0.191353	0.190053	0.188587	0.191777	0.342298	0.3384	0.345987	0.342299	0.33831	0.347417	1.80108	1.80108	9.09956	
10.2746	1	176	10.2743	1	176	10.131	1	172	0	0	0	0.195077	0.19343	0.196657	0.195078	0.193573	0.19687	0.351373	0.34831	0.3549	0.351374	0.347387	0.357257	1.8012	1.80119	9.18129	
10.4081	1	173	10.4078	1	173	10.289	1	169	0	0	0	0.200077	0.198647	0.202083	0.200077	0.198153	0.202033	0.360248	0.356233	0.365297	0.360251	0.355683	0.3665	1.80055	1.80056	9.25615	
10.5719	1	175	10.5716	1	175	10.4855	1	171	0	0	0	0.20508	0.20363	0.206777	0.205079	0.20307	0.20714	0.369223	0.36587	0.372783	0.369222	0.364603	0.37602	1.80038	1.80038	9.35029	
10.7395	1	178	10.7391	1	178	10.687	1	174	0	0	0	0.210069	0.208173	0.2115	0.210069	0.208123	0.212343	0.378256	0.37335	0.38255	0.378255	0.373977	0.385957	1.80062	1.80062	9.44969	
10.9104	1	174	10.9098	1	174	10.8871	1	174	0	0	0	0.215034	0.213277	0.21678	0.215033	0.213497	0.21717	0.387101	0.38325	0.39125	0.387099	0.383437	0.394223	1.80019	1.80019	9.5474	
11.1055	1	196	11.1049	1	196	11.1267	1	192	0	0	0	0.220028	0.217783	0.221743	0.220028	0.218273	0.222343	0.396088	0.390813	0.39951	0.39609	0.392087	0.404103	1.80017	1.80018	9.66291	
11.2994	1	181	11.2985	1	181	11.3462	1	177	0	0	0	0.225021	0.222313	0.226663	0.225019	0.223223	0.227293	0.405055	0.399957	0.409987	0.405051	0.40093	0.413137	1.80008	1.80007	9.77376	
11.5339	1	186	11.5329	1	186	11.6121	1	182	0	0	0	0.230021	0.227957	0.231717	0.23002	0.22814	0.23222	0.413976	0.409087	0.41777	0.413975	0.409337	0.42202	1.79973	1.79973	9.91837	
11.7632	1	200	11.7618	1	200	11.8765	1	196	0	0	0	0.235028	0.23363	0.236853	0.235028	0.233303	0.237057	0.423043	0.4198	0.42848	0.423046	0.41758	0.430937	1.79997	1.79998	10.0514	
12.0352	1	187	12.0334	1	187	12.188	1	183	0	0	0	0.240019	0.238327	0.24225	0.240019	0.238423	0.242147	0.432012	0.427083	0.436387	0.432016	0.42664	0.440063	1.79991	1.79992	10.2166	
12.3216	1	199	12.3193	1	199	12.5002	1	195	0	0	0	0.245024	0.24343	0.246467	0.245025	0.24303	0.247563	0.441096	0.435677	0.446587	0.4411	0.435803	0.450497	1.80021	1.80022	10.3911	
12.6407	1	214	12.6377	1	214	12.8518	1	210	0	0	0	0.250034	0.2484	0.252393	0.250034	0.24771	0.252547	0.450065	0.44537	0.45447	0.450067	0.445263	0.45908	1.80002	1.80002	10.5868	
12.9807	1	203	12.9768	1	203	13.2189	1	199	0	0	0	0.255016	0.252767	0.25653	0.255016	0.252837	0.25776	0.459117	0.455247	0.46585	0.459117	0.453697	0.467773	1.80035	1.80034	10.7925	
13.3716	1	212	13.3662	1	212	13.6364	1	208	0	0	0	0.260024	0.258227	0.261787	0.260025	0.25802	0.262507	0.468142	0.463863	0.473947	0.468144	0.463123	0.477287	1.80038	1.80038	11.0322	
13.8902	1	269	13.8824	1	269	14.2005	1	265	0	0	0	0.265018	0.263463	0.267173	0.265017	0.262837	0.26773	0.477196	0.473417	0.482283	0.477194	0.473043	0.486047	1.80062	1.80062	11.3579	
14.4525	1	222	14.4417	1	222	14.7835	1	218	0	0	0	0.270019	0.268033	0.27192	0.270017	0.267973	0.272777	0.486187	0.48198	0.490517	0.486182	0.481487	0.494367	1.80056	1.80056	11.7083	
15.1066	1	215	15.0901	1	214	15.4582	1	214	0	0	0	0.275021	0.273083	0.27774	0.275023	0.27332	0.277633	0.495153	0.490253	0.501447	0.495158	0.49098	0.50296	1.80042	1.80042	12.1179	
15.8906	1	261	15.8653	1	261	16.2363	1	261	0	0	0	0.280024	0.278493	0.281807	0.280028	0.278247	0.282423	0.504147	0.498907	0.508647	0.504156	0.499573	0.511933	1.80037	1.80038	12.597	
17.0848	1	263	17.029	1	263	17.4034	1	261	0	0	0	0.284984	0.283113	0.286417	0.284983	0.283213	0.28749	0.512982	0.508687	0.517117	0.512981	0.50842	0.521107	1.80004	1.80004	13.3138	
24600.8	1	177910	47.4399	1	982	45.5709	1	982	0	0	0	0.290006	0.2888	0.291596	0.274697	0.273463	0.27662	0.521905	0.517469	0.524927	0.494391	0.490903	0.497886	1.79963	1.79977	24.2025	
