6.71082	1	26	6.71081	1	26	5.92323	1	24	0	0	0	0.00499391	0.00471	0.00536	0.00499396	0.00470333	0.00528333	0.00895208	0.00824333	0.00963	0.0089524	0.00825	0.00979	1.7926	1.79265	6.91432	
6.73389	1	27	6.73381	1	27	5.93624	1	25	0	0	0	0.0100062	0.00962333	0.01048	0.0100061	0.00947333	0.0105233	0.0180378	0.0172933	0.0192367	0.0180376	0.01706	0.0190833	1.80265	1.80266	6.92438	
6.75223	1	28	6.75211	1	28	5.96412	1	25	0	0	0	0.0150311	0.0145233	0.0156967	0.015031	0.0144667	0.0156933	0.02704	0.0259333	0.0284833	0.02704	0.02496	0.0285367	1.79893	1.79894	6.94219	
6.76526	1	29	6.76505	1	29	5.97464	1	26	0	0	0	0.020063	0.0194867	0.0205667	0.0200629	0.0194767	0.0207	0.0360579	0.0347767	0.0372567	0.0360581	0.0339367	0.0374867	1.79723	1.79725	6.95328	
6.78544	1	28	6.78516	1	28	5.98418	1	24	0	0	0	0.0250671	0.02449	0.0257333	0.0250667	0.0244167	0.02571	0.0451318	0.0439833	0.0464533	0.0451312	0.0435933	0.04701	1.80044	1.80045	6.96619	
6.80431	1	34	6.80394	1	34	6.00113	1	30	0	0	0	0.0300682	0.02949	0.0307167	0.0300681	0.0293267	0.03087	0.0541228	0.0526633	0.0563	0.0541222	0.0526167	0.0564733	1.8	1.79999	6.98122	
6.82254	1	30	6.82196	1	30	6.029	1	26	0	0	0	0.0350706	0.0342367	0.0362133	0.0350702	0.03431	0.0358933	0.0631154	0.0612733	0.06533	0.0631151	0.0615967	0.06488	1.79966	1.79968	6.9958	
6.83621	1	30	6.83554	1	30	6.03909	1	28	0	0	0	0.0400941	0.0389867	0.0411167	0.0400937	0.0393067	0.0407833	0.072177	0.0700667	0.0745967	0.0721764	0.0700933	0.0740367	1.80019	1.80019	7.00432	
6.85205	1	33	6.85108	1	33	6.05855	1	29	0	0	0	0.0450691	0.04441	0.0457233	0.0450685	0.0441233	0.04579	0.0810798	0.07946	0.0826367	0.0810786	0.0792533	0.0831967	1.79901	1.79901	7.01645	
6.86817	1	33	6.86702	1	33	6.07272	1	29	0	0	0	0.050078	0.04917	0.05091	0.0500771	0.0487267	0.0508767	0.090079	0.0880267	0.09225	0.090078	0.08719	0.0923833	1.79877	1.79878	7.02815	
6.88392	1	34	6.88238	1	34	6.09165	1	30	0	0	0	0.055088	0.0541533	0.0558567	0.0550872	0.0537767	0.0558967	0.0990448	0.0965533	0.101737	0.0990434	0.0960333	0.101443	1.79794	1.79794	7.03975	
6.89791	1	32	6.89605	1	32	6.10884	1	28	0	0	0	0.0600776	0.0585933	0.0612533	0.0600775	0.0590967	0.0612433	0.108018	0.105313	0.110653	0.108017	0.105353	0.110423	1.79797	1.79796	7.04898	
6.91915	1	43	6.91695	1	43	6.13159	1	39	0	0	0	0.0651088	0.0641933	0.06608	0.0651081	0.0640133	0.0660567	0.117103	0.115033	0.120723	0.117102	0.114093	0.119353	1.79857	1.79857	7.06454	
6.93423	1	39	6.93156	1	39	6.14439	1	35	0	0	0	0.0700993	0.0692433	0.0712167	0.0700987	0.06898	0.0712367	0.126046	0.123663	0.128517	0.126045	0.123237	0.128347	1.79811	1.79811	7.07453	
6.95008	1	38	6.94698	1	38	6.15688	1	34	0	0	0	0.0750704	0.0737167	0.0760867	0.0750699	0.07403	0.0762233	0.134952	0.131797	0.13759	0.134952	0.132293	0.137437	1.79767	1.79768	7.08521	
6.97347	1	39	6.96985	1	39	6.18291	1	35	0	0	0	0.0800622	0.0788433	0.08149	0.0800622	0.07891	0.08127	0.143966	0.141463	0.14713	0.143966	0.141007	0.146377	1.79817	1.79818	7.10236	
6.98776	1	43	6.98374	1	43	6.19308	1	39	0	0	0	0.0850492	0.0838967	0.0865433	0.0850491	0.08406	0.08615	0.152894	0.149913	0.155517	0.152893	0.150287	0.15532	1.79771	1.7977	7.11146	
7.00671	1	38	7.00189	1	38	6.21343	1	34	0	0	0	0.0900403	0.0881367	0.0912167	0.0900405	0.0889333	0.0910133	0.161919	0.158543	0.16451	0.16192	0.159527	0.164213	1.7983	1.7983	7.12354	
7.03153	1	51	7.02611	1	51	6.23569	1	47	0	0	0	0.0950421	0.09396	0.0965867	0.0950418	0.0938233	0.09619	0.170904	0.16843	0.17513	0.170902	0.167647	0.17353	1.79819	1.79818	7.14242	
7.04435	1	41	7.03828	1	41	6.25399	1	37	0	0	0	0.100014	0.0985767	0.101243	0.100014	0.0987833	0.10123	0.179775	0.176603	0.18299	0.179776	0.175887	0.18243	1.7975	1.79751	7.14948	
7.06594	1	46	7.05888	1	46	6.27168	1	42	0	0	0	0.105002	0.103807	0.106227	0.105002	0.10361	0.106097	0.188774	0.18556	0.191903	0.188774	0.185313	0.191207	1.79782	1.79781	7.16297	
7.08629	1	44	7.07818	1	44	6.29134	1	40	0	0	0	0.110025	0.108787	0.111333	0.110025	0.109003	0.111057	0.197877	0.1946	0.20158	0.197877	0.194667	0.2004	1.79847	1.79848	7.1759	
7.10328	1	40	7.09463	1	40	6.31136	1	36	0	0	0	0.115005	0.113727	0.116963	0.115005	0.113767	0.115997	0.206856	0.20342	0.21087	0.206858	0.20265	0.209093	1.79868	1.79868	7.18709	
7.12351	1	44	7.11328	1	44	6.33436	1	40	0	0	0	0.119998	0.118613	0.121213	0.119998	0.118713	0.121087	0.215819	0.211733	0.21892	0.215821	0.21236	0.218507	1.79853	1.79853	7.19891	
7.15114	1	44	7.13975	1	44	6.3557	1	40	0	0	0	0.124993	0.12335	0.12636	0.124993	0.123623	0.126163	0.224817	0.22087	0.228107	0.224818	0.221003	0.227697	1.79863	1.79864	7.21842	
7.16112	1	44	7.149	1	44	6.36467	1	40	0	0	0	0.129989	0.128747	0.13121	0.12999	0.128337	0.131407	0.233857	0.230573	0.237133	0.233859	0.230013	0.236807	1.79906	1.79906	7.22084	
7.18604	1	42	7.17216	1	42	6.38979	1	38	0	0	0	0.134996	0.133797	0.136793	0.134996	0.133163	0.13641	0.242939	0.23918	0.246713	0.242939	0.23858	0.245743	1.7996	1.7996	7.23716	
7.2061	1	49	7.19108	1	49	6.40996	1	45	0	0	0	0.139994	0.1387	0.142043	0.139993	0.138507	0.141273	0.251935	0.248517	0.255967	0.251934	0.2472	0.255127	1.79962	1.79962	7.24913	
7.22663	1	47	7.20946	1	47	6.4273	1	43	0	0	0	0.14498	0.1435	0.146687	0.144979	0.143503	0.146263	0.260957	0.257767	0.264273	0.260957	0.2555	0.26431	1.79996	1.79996	7.25895	
7.2537	1	43	7.2347	1	43	6.45494	1	39	0	0	0	0.149981	0.14896	0.151417	0.149981	0.148433	0.151697	0.270074	0.265633	0.274083	0.270075	0.264877	0.273947	1.80072	1.80072	7.27699	
7.27465	1	44	7.25352	1	44	6.47453	1	42	0	0	0	0.154962	0.153983	0.15644	0.154962	0.153443	0.156753	0.279055	0.27535	0.282653	0.279056	0.272983	0.282677	1.80079	1.80081	7.28711	
7.29436	1	43	7.27174	1	43	6.49217	1	40	0	0	0	0.159973	0.15789	0.16147	0.159973	0.15847	0.16185	0.288068	0.28388	0.291447	0.288068	0.282807	0.29241	1.80072	1.80072	7.29842	
7.31736	1	51	7.29187	1	51	6.51162	1	47	0	0	0	0.164998	0.16387	0.166513	0.164998	0.163283	0.16688	0.297156	0.29383	0.300683	0.297157	0.2923	0.301613	1.80097	1.80098	7.31033	
7.34057	1	47	7.31341	1	47	6.53342	1	43	0	0	0	0.170008	0.168587	0.171523	0.170008	0.168313	0.171587	0.306168	0.30249	0.30979	0.306171	0.30214	0.310363	1.80091	1.80092	7.3239	
7.35973	1	47	7.33011	1	47	6.55184	1	43	0	0	0	0.175015	0.17378	0.176443	0.175016	0.173323	0.176307	0.315161	0.309647	0.319467	0.315163	0.310633	0.318893	1.80077	1.80076	7.33367	
7.38149	1	56	7.34864	1	56	6.57283	1	52	0	0	0	0.180034	0.178163	0.18141	0.180035	0.178347	0.18137	0.324183	0.32065	0.327567	0.324184	0.31987	0.328877	1.80068	1.80067	7.34325	
7.40765	1	48	7.37197	1	48	6.59381	1	44	0	0	0	0.185041	0.1837	0.186537	0.185043	0.183427	0.1868	0.333238	0.329753	0.336673	0.333241	0.32853	0.338413	1.80089	1.80089	7.35852	
7.43364	1	50	7.39438	1	50	6.61783	1	46	0	0	0	0.190052	0.188987	0.191353	0.190053	0.188587	0.191777	0.342298	0.3384	0.345987	0.3423	0.33832	0.347417	1.80108	1.80108	7.37152	
7.45882	1	51	7.4154	1	51	6.63841	1	47	0	0	0	0.195077	0.19343	0.196657	0.195078	0.19357	0.196873	0.351373	0.34831	0.3549	0.351374	0.347383	0.357257	1.8012	1.80119	7.38324	
7.48209	1	47	7.43475	1	47	6.66414	1	46	0	0	0	0.200077	0.198647	0.202083	0.200078	0.198147	0.202037	0.360248	0.356233	0.365297	0.360251	0.355667	0.366517	1.80055	1.80055	7.39465	
7.50706	1	52	7.45656	1	52	6.6851	1	48	0	0	0	0.20508	0.20363	0.206777	0.20508	0.203077	0.207137	0.369223	0.36587	0.372783	0.369223	0.3646	0.376023	1.80038	1.80038	7.40697	
7.54027	1	52	7.48402	1	52	6.71395	1	48	0	0	0	0.210069	0.208173	0.2115	0.210069	0.208127	0.212347	0.378256	0.37335	0.38255	0.378257	0.37398	0.38596	1.80062	1.80063	7.42378	
7.56109	1	55	7.50099	1	55	6.72993	1	51	0	0	0	0.215034	0.213277	0.21678	0.215033	0.213493	0.217167	0.387101	0.38325	0.39125	0.3871	0.383437	0.39422	1.80019	1.80019	7.43198	
7.58857	1	55	7.52246	1	55	6.75444	1	51	0	0	0	0.220028	0.217783	0.221743	0.220026	0.218263	0.222343	0.396088	0.390813	0.39951	0.396088	0.392093	0.404103	1.80017	1.80018	7.44457	
7.61546	1	51	7.54346	1	51	6.77332	1	47	0	0	0	0.225021	0.222313	0.226663	0.22502	0.223223	0.2273	0.405055	0.399957	0.409987	0.405054	0.40092	0.413153	1.80008	1.80008	7.4555	
7.64628	1	55	7.56931	1	55	6.80189	1	51	0	0	0	0.230021	0.227957	0.231717	0.23002	0.228143	0.23222	0.413976	0.409087	0.41777	0.413976	0.409333	0.42202	1.79973	1.79974	7.47051	
7.67413	1	54	7.59119	1	54	6.82442	1	50	0	0	0	0.235028	0.23363	0.236853	0.235027	0.233303	0.23706	0.423043	0.4198	0.42848	0.423043	0.417567	0.43094	1.79997	1.79997	7.48117	
7.70111	1	55	7.61104	1	55	6.84617	1	51	0	0	0	0.240019	0.238327	0.24225	0.240019	0.238423	0.24215	0.432012	0.427083	0.436387	0.432014	0.426617	0.440067	1.79991	1.79992	7.4907	
7.73827	1	54	7.63757	1	54	6.87147	1	52	0	0	0	0.245024	0.24343	0.246467	0.245024	0.243023	0.247563	0.441096	0.435677	0.446587	0.441096	0.43581	0.450493	1.80021	1.80022	7.50524	
7.76534	1	58	7.65845	1	58	6.89575	1	58	0	0	0	0.250034	0.2484	0.252393	0.250033	0.247707	0.252537	0.450065	0.44537	0.45447	0.450064	0.44525	0.459083	1.80002	1.80002	7.51632	
7.80468	1	54	7.68667	1	54	6.92028	1	52	0	0	0	0.255016	0.252767	0.25653	0.255016	0.252837	0.25776	0.459117	0.455247	0.46585	0.459117	0.453697	0.46777	1.80035	1.80035	7.53114	
7.83364	1	61	7.70651	1	59	6.94474	1	55	0	0	0	0.260024	0.258227	0.261787	0.260024	0.25802	0.262507	0.468142	0.463863	0.473947	0.468143	0.46312	0.477263	1.80038	1.80038	7.53851	
7.87501	1	55	7.73679	1	55	6.97568	1	51	0	0	0	0.265018	0.263463	0.267173	0.265017	0.26284	0.267733	0.477196	0.473417	0.482283	0.477196	0.47303	0.48607	1.80062	1.80062	7.55713	
7.91622	1	57	7.76464	1	56	7.00554	1	52	0	0	0	0.270019	0.268033	0.27192	0.270018	0.26798	0.272777	0.486187	0.48198	0.490517	0.486185	0.481483	0.494383	1.80056	1.80056	7.57008	
7.95444	1	59	7.78907	1	59	7.03192	1	55	0	0	0	0.275021	0.273083	0.27774	0.275021	0.273327	0.27763	0.495153	0.490253	0.501447	0.495153	0.490973	0.502953	1.80042	1.80042	7.58147	
7.99082	1	66	7.81093	1	62	7.05571	1	58	0	0	0	0.280024	0.278493	0.281807	0.280025	0.27825	0.28242	0.504147	0.498907	0.508647	0.504152	0.49959	0.51194	1.80037	1.80038	7.59084	
8.03171	1	67	7.83825	1	66	7.08306	1	62	0	0	0	0.284984	0.283113	0.286417	0.284985	0.28321	0.287497	0.512982	0.508687	0.517117	0.512984	0.50843	0.52113	1.80004	1.80004	7.60512	
8.07087	1	61	7.86001	1	60	7.10221	1	56	0	0	0	0.290004	0.288393	0.29219	0.290005	0.288243	0.292603	0.522023	0.51754	0.527343	0.522024	0.517793	0.529603	1.80006	1.80005	7.61416	
8.11977	1	65	7.89079	1	65	7.14009	1	61	0	0	0	0.295023	0.292727	0.297447	0.295023	0.292903	0.29737	0.531037	0.526157	0.53707	0.531036	0.52666	0.53863	1.79998	1.79998	7.62963	
8.17078	1	61	7.92048	1	60	7.17292	1	57	0	0	0	0.300016	0.298187	0.30217	0.300015	0.29791	0.302463	0.539984	0.534897	0.546377	0.539985	0.53508	0.547803	1.79985	1.79986	7.64445	
8.21939	1	66	7.94551	1	61	7.1977	1	57	0	0	0	0.305011	0.303417	0.306747	0.305011	0.302713	0.307613	0.548951	0.54423	0.55472	0.548953	0.54456	0.557867	1.79978	1.79978	7.65476	
8.27445	1	61	7.9746	1	61	7.22948	1	57	0	0	0	0.310018	0.308087	0.31225	0.310017	0.307813	0.312637	0.558012	0.551307	0.562693	0.558013	0.55312	0.565813	1.79993	1.79994	7.6669	
8.32989	1	64	8.00499	1	63	7.26275	1	59	0	0	0	0.314986	0.31259	0.316787	0.314985	0.31275	0.317453	0.566954	0.561673	0.571847	0.566952	0.562197	0.574343	1.79993	1.79993	7.6818	
8.38457	1	66	8.02934	1	65	7.28748	1	61	0	0	0	0.319995	0.318023	0.322527	0.319994	0.31756	0.322543	0.576011	0.571463	0.580487	0.576013	0.570437	0.5834	1.80006	1.80007	7.69158	
8.45394	1	65	8.06205	1	62	7.32147	1	58	0	0	0	0.325005	0.32234	0.327087	0.325005	0.322283	0.327763	0.58503	0.57918	0.589687	0.58503	0.578777	0.59265	1.80006	1.80007	7.70497	
8.52305	1	69	8.09442	1	69	7.35251	1	65	0	0	0	0.329995	0.327633	0.33163	0.329994	0.32749	0.332567	0.594009	0.59063	0.5987	0.594009	0.587667	0.60215	1.80006	1.80006	7.7202	
8.58573	1	69	8.12052	1	62	7.38404	1	61	0	0	0	0.334995	0.333063	0.33667	0.334995	0.33272	0.33773	0.602957	0.599197	0.607163	0.602957	0.596787	0.611923	1.79989	1.7999	7.73066	
8.67878	1	68	8.15789	1	68	7.42294	1	64	0	0	0	0.340001	0.33833	0.342227	0.340001	0.337937	0.342517	0.611983	0.607157	0.61927	0.611984	0.60517	0.62065	1.79994	1.79995	7.749	
8.76714	1	77	8.1894	1	77	7.45445	1	73	0	0	0	0.344977	0.342573	0.347463	0.344976	0.3429	0.347453	0.620963	0.61545	0.626817	0.62096	0.614513	0.628947	1.80001	1.80001	7.76022	
8.84322	1	78	8.21845	1	72	7.48871	1	68	0	0	0	0.349964	0.348607	0.351533	0.349965	0.34775	0.352577	0.629929	0.622623	0.634953	0.629926	0.623597	0.637317	1.79998	1.79997	7.77138	
8.94135	1	76	8.24857	1	75	7.51719	1	71	0	0	0	0.354962	0.353397	0.35679	0.354963	0.352783	0.357477	0.638926	0.634163	0.645653	0.638927	0.632647	0.645677	1.79999	1.79998	7.78318	
9.041	1	83	8.28263	1	64	7.55525	1	60	0	0	0	0.359946	0.357967	0.36165	0.359946	0.35761	0.362623	0.647918	0.643797	0.651623	0.647916	0.64145	0.654073	1.80004	1.80004	7.79656	
9.14776	1	74	8.31292	1	70	7.585	1	66	0	0	0	0.364962	0.362823	0.366807	0.364963	0.362543	0.367837	0.656911	0.649707	0.663153	0.656917	0.650763	0.663753	1.79995	1.79996	7.80726	
9.29594	1	77	8.35211	1	75	7.62862	1	71	0	0	0	0.369962	0.367013	0.37188	0.369961	0.367683	0.37276	0.66591	0.660913	0.67044	0.665908	0.65964	0.671783	1.79994	1.79994	7.82418	
9.41773	1	79	8.38247	1	76	7.6603	1	72	0	0	0	0.374958	0.372863	0.376897	0.374958	0.37258	0.37785	0.674943	0.669617	0.680467	0.674947	0.668697	0.680397	1.80005	1.80006	7.83382	
9.596	1	80	8.42573	1	72	7.70715	1	69	0	0	0	0.379938	0.377803	0.381443	0.379939	0.377433	0.382853	0.68388	0.678997	0.687763	0.683883	0.678137	0.68904	1.79998	1.79998	7.85298	
9.75704	1	121	8.45788	1	69	7.74311	1	65	0	0	0	0.384946	0.382957	0.38665	0.384947	0.382427	0.388153	0.692851	0.6873	0.69774	0.692859	0.68685	0.69822	1.79987	1.79988	7.86341	
9.95623	1	94	8.49297	1	70	7.78006	1	66	0	0	0	0.389928	0.3881	0.392663	0.389931	0.387453	0.392773	0.701841	0.696713	0.707977	0.701845	0.695533	0.707967	1.79992	1.79992	7.87497	
10.1499	1	95	8.52737	1	80	7.8141	1	76	0	0	0	0.394923	0.393063	0.396633	0.394923	0.39236	0.397793	0.71079	0.706627	0.714927	0.710789	0.70366	0.716413	1.79982	1.79982	7.88764	
10.4389	1	108	8.57291	1	80	7.86333	1	76	0	0	0	0.399943	0.39808	0.401523	0.399944	0.39766	0.402657	0.719912	0.714797	0.72428	0.719914	0.712223	0.72554	1.80004	1.80004	7.90406	
10.7506	1	107	8.61322	1	85	7.90369	1	85	0	0	0	0.404935	0.40322	0.407447	0.404936	0.402247	0.407897	0.728953	0.722363	0.73446	0.728956	0.72093	0.73431	1.80017	1.80018	7.91944	
11.0909	1	120	8.65379	1	77	7.94977	1	73	0	0	0	0.409932	0.40796	0.412237	0.409936	0.40708	0.4127	0.737941	0.733407	0.743457	0.737947	0.73043	0.74355	1.80015	1.80015	7.93408	
11.4526	1	147	8.69101	1	77	7.98841	1	73	0	0	0	0.414947	0.41267	0.417267	0.414951	0.41213	0.417753	0.746908	0.73945	0.751657	0.746915	0.73948	0.75305	1.80001	1.80001	7.94478	
12.0301	1	131	8.74212	1	83	8.04172	1	79	0	0	0	0.419967	0.417693	0.422397	0.419975	0.417487	0.42265	0.755947	0.750753	0.760893	0.755958	0.748337	0.761837	1.80002	1.80001	7.96427	
12.6926	1	167	8.79024	1	79	8.09239	1	79	0	0	0	0.424932	0.423007	0.426393	0.424935	0.422393	0.427633	0.764952	0.759193	0.769507	0.764957	0.75773	0.770473	1.80017	1.80017	7.98162	
13.3946	1	232	8.83187	1	86	8.13963	1	86	0	0	0	0.429916	0.428097	0.43226	0.429924	0.42713	0.432683	0.773938	0.76854	0.78056	0.77395	0.766117	0.780583	1.80021	1.8002	7.99402	
14.5619	1	263	8.88646	1	89	8.19603	1	89	0	0	0	0.4349	0.432367	0.43767	0.434902	0.4321	0.437783	0.782912	0.777217	0.79087	0.782919	0.77495	0.789133	1.80021	1.80022	8.01482	
15.975	1	332	8.93489	1	101	8.24603	1	97	0	0	0	0.439918	0.43779	0.441507	0.439923	0.437187	0.442587	0.791922	0.786257	0.7961	0.791927	0.784357	0.797993	1.80016	1.80015	8.03136	
18.7222	1	449	8.98266	1	92	8.29747	1	92	0	0	0	0.444944	0.442847	0.447563	0.444949	0.44222	0.447223	0.800997	0.79611	0.807007	0.801003	0.793367	0.806907	1.80022	1.80021	8.04512	
22.9783	1	584	9.02775	1	100	8.3483	1	96	0	0	0	0.450056	0.448494	0.451334	0.450059	0.448078	0.451978	0.809883	0.805514	0.815132	0.80989	0.804952	0.81409	1.79951	1.79952	8.05828	
73.6294	1	3173	9.08286	1	102	8.4035	1	98	0	0	0	0.455059	0.453622	0.45624	0.455024	0.453168	0.456898	0.818883	0.813988	0.823038	0.818816	0.813512	0.822948	1.79951	1.7995	8.07695	
684.977	1	18561	9.13978	1	109	8.46179	1	109	0	0	0	0.460027	0.458437	0.461367	0.459551	0.457656	0.461559	0.827841	0.8233	0.831289	0.826984	0.82264	0.830794	1.79955	1.79955	8.09692	
