6.05487	1	37	6.05487	1	37	5.26555	1	33	0	0	0	0.00499391	0.00471	0.00536	0.00499396	0	0.08047	0.00895208	0.00824333	0.00963	0.0089524	0	0.14487	1.7926	1.79265	6.24497	
6.15217	1	39	6.15212	1	39	5.34372	1	35	0	0	0	0.0100062	0.00962333	0.01048	0.010006	0	0.160497	0.0180378	0.0172933	0.0192367	0.0180374	0	0.29003	1.80265	1.80266	6.3002	
6.24545	1	38	6.24538	1	38	5.45915	1	34	0	0	0	0.0150311	0.0145233	0.0156967	0.015031	0	0.242397	0.02704	0.0259333	0.0284833	0.0270398	0	0.434877	1.79893	1.79894	6.34682	
6.36263	1	44	6.36246	1	44	5.57999	1	40	0	0	0	0.020063	0.0194867	0.0205667	0.020063	0	0.32277	0.0360579	0.0347767	0.0372567	0.0360581	0	0.58038	1.79723	1.79725	6.39786	
6.52402	1	44	6.52365	1	44	5.763	1	40	0	0	0	0.0250671	0.02449	0.0257333	0.0250669	0	0.402533	0.0451318	0.0439833	0.0464533	0.0451319	0	0.7273	1.80044	1.80046	6.45848	
6.71866	1	57	6.71798	1	57	5.97438	1	53	0	0	0	0.0300682	0.02949	0.0307167	0.0300673	0	0.48323	0.0541228	0.0526633	0.0563	0.0541212	0	0.870827	1.8	1.8	6.52662	
6.97246	1	50	6.9715	1	50	6.26973	1	50	0	0	0	0.0350706	0.0342367	0.0362133	0.0347218	0	0.558183	0.0631154	0.0612733	0.06533	0.0625	0	1	1.79966	1.80002	6.61489	
7.31849	1	57	7.31671	1	57	6.68319	1	53	0	0	0	0.0400941	0.0389867	0.0411167	0.0347231	0	0.55816	0.072177	0.0700667	0.0745967	0.0625	0	1	1.80019	1.79995	6.73985	
7.75691	1	72	7.75411	1	72	7.2211	1	71	0	0	0	0.0450691	0.04441	0.0457233	0.0347232	0	0.558167	0.0810798	0.07946	0.0826367	0.0625	0	1	1.79901	1.79995	6.87779	
8.42654	1	76	8.42219	1	76	8.04295	1	72	0	0	0	0.050078	0.04917	0.05091	0.0347233	0	0.55816	0.090079	0.0880267	0.09225	0.0625	0	1	1.79877	1.79995	7.10991	
9.52129	1	96	9.51245	1	96	9.38966	1	100	0	0	0	0.055088	0.0541533	0.0558567	0.0347234	0	0.558173	0.0990448	0.0965533	0.101737	0.0625	0	1	1.79794	1.79994	7.52018	
11.6848	1	136	11.6635	1	133	12.0008	1	139	0	0	0	0.0600776	0.0585933	0.0612533	0.0347229	0	0.558147	0.108018	0.105313	0.110653	0.0625	0	1	1.79797	1.79997	8.40435	
19.3392	1	199	19.1853	1	199	19.9273	1	212	0	0	0	0.0651088	0.0641933	0.06608	0.0347232	0	0.558153	0.117103	0.115033	0.120723	0.0625	0	1	1.79857	1.79995	12.0661	
11347	1	319686	66.5462	1	473	67.5786	1	560	0	0	0	0.0700993	0.0692433	0.0712167	0.0347369	0	0.5582	0.126046	0.123663	0.128517	0.0625	0	1	1.79811	1.79924	38.8992	
