6.5658	1	24	6.5658	1	24	5.76067	1	24	0	0	0	0.00499391	0.00471	0.00536	0.00499396	0	0.0405033	0.00895208	0.00824333	0.00963	0.00895198	0	0.07301	1.7926	1.79256	6.76757	
6.6147	1	28	6.61469	1	28	5.81014	1	28	0	0	0	0.0100062	0.00962333	0.01048	0.0100062	0	0.0807033	0.0180378	0.0172933	0.0192367	0.0180377	0	0.14581	1.80265	1.80265	6.79691	
6.63157	1	33	6.63152	1	33	5.84279	1	29	0	0	0	0.0150311	0.0145233	0.0156967	0.015031	0	0.12143	0.02704	0.0259333	0.0284833	0.0270399	0	0.219003	1.79893	1.79895	6.80425	
6.65705	1	43	6.65694	1	43	5.86143	1	39	0	0	0	0.020063	0.0194867	0.0205667	0.0200631	0	0.162197	0.0360579	0.0347767	0.0372567	0.0360582	0	0.291183	1.79723	1.79724	6.81519	
6.71217	1	44	6.71195	1	44	5.92039	1	40	0	0	0	0.0250671	0.02449	0.0257333	0.0250668	0	0.20188	0.0451318	0.0439833	0.0464533	0.0451311	0	0.364077	1.80044	1.80044	6.84548	
6.74079	1	41	6.74054	1	41	5.94647	1	37	0	0	0	0.0300682	0.02949	0.0307167	0.0300679	0	0.242557	0.0541228	0.0526633	0.0563	0.0541223	0	0.43723	1.8	1.8	6.84843	
6.78751	1	44	6.78714	1	44	5.99726	1	40	0	0	0	0.0350706	0.0342367	0.0362133	0.0350699	0	0.282003	0.0631154	0.0612733	0.06533	0.0631144	0	0.50941	1.79966	1.79967	6.86712	
6.84128	1	47	6.8407	1	47	6.06138	1	43	0	0	0	0.0400941	0.0389867	0.0411167	0.0400936	0	0.322673	0.072177	0.0700667	0.0745967	0.072177	0	0.582803	1.80019	1.80021	6.88179	
6.89535	1	44	6.89469	1	44	6.12286	1	43	0	0	0	0.0450691	0.04441	0.0457233	0.0450684	0	0.362447	0.0810798	0.07946	0.0826367	0.0810784	0	0.653767	1.79901	1.79901	6.89527	
6.96526	1	50	6.96442	1	50	6.20414	1	46	0	0	0	0.050078	0.04917	0.05091	0.050077	0	0.402503	0.090079	0.0880267	0.09225	0.0900775	0	0.726183	1.79877	1.79878	6.91755	
7.04117	1	58	7.04001	1	58	6.28954	1	54	0	0	0	0.055088	0.0541533	0.0558567	0.0550864	0	0.443123	0.0990448	0.0965533	0.101737	0.0990415	0	0.7972	1.79794	1.79793	6.93886	
7.1247	1	50	7.12326	1	50	6.39038	1	46	0	0	0	0.0600776	0.0585933	0.0612533	0.0600763	0	0.483317	0.108018	0.105313	0.110653	0.108015	0	0.869483	1.79797	1.79796	6.95588	
7.23259	1	66	7.23082	1	66	6.51462	1	62	0	0	0	0.0651088	0.0641933	0.06608	0.0651115	0	0.523463	0.117103	0.115033	0.120723	0.117107	0	0.94005	1.79857	1.79855	6.99095	
7.34099	1	57	7.33877	1	57	6.65031	1	53	0	0	0	0.0700993	0.0692433	0.0712167	0.0695097	0	0.557463	0.126046	0.123663	0.128517	0.125	0	1	1.79811	1.79831	7.0158	
7.47467	1	60	7.47189	1	60	6.81772	1	56	0	0	0	0.0750704	0.0737167	0.0760867	0.0695114	0	0.55739	0.134952	0.131797	0.13759	0.125	0	1	1.79767	1.79827	7.05363	
7.63306	1	67	7.62981	1	67	7.01979	1	63	0	0	0	0.0800622	0.0788433	0.08149	0.0695129	0	0.557397	0.143966	0.141463	0.14713	0.125	0	1	1.79817	1.79823	7.10076	
7.81786	1	66	7.81386	1	66	7.25693	1	63	0	0	0	0.0850492	0.0838967	0.0865433	0.0695128	0	0.5574	0.152894	0.149913	0.155517	0.125	0	1	1.79771	1.79823	7.1564	
8.04106	1	98	8.0358	1	98	7.53829	1	94	0	0	0	0.0900403	0.0881367	0.0912167	0.0695125	0	0.557393	0.161919	0.158543	0.16451	0.125	0	1	1.7983	1.79824	7.22465	
8.31541	1	79	8.30916	1	79	7.89244	1	79	0	0	0	0.0950421	0.09396	0.0965867	0.0695126	0	0.55738	0.170904	0.16843	0.17513	0.125	0	1	1.79819	1.79824	7.31075	
8.64473	1	85	8.63596	1	85	8.33993	1	81	0	0	0	0.100014	0.0985767	0.101243	0.0695124	0	0.557377	0.179775	0.176603	0.18299	0.125	0	1	1.7975	1.79824	7.42455	
9.07154	1	97	9.06048	1	97	8.89692	1	93	0	0	0	0.105002	0.103807	0.106227	0.0695119	0	0.55737	0.188774	0.18556	0.191903	0.125	0	1	1.79782	1.79825	7.57782	
9.66339	1	112	9.64772	1	112	9.63666	1	112	0	0	0	0.110025	0.108787	0.111333	0.0695117	0	0.557367	0.197877	0.1946	0.20158	0.125	0	1	1.79847	1.79826	7.80412	
10.4701	1	122	10.4475	1	122	10.644	1	122	0	0	0	0.115005	0.113727	0.116963	0.0695122	0	0.55737	0.206856	0.20342	0.21087	0.125	0	1	1.79868	1.79824	8.13342	
11.7166	1	136	11.6786	1	136	12.1446	1	167	0	0	0	0.119998	0.118613	0.121213	0.0695114	0	0.557387	0.215819	0.211733	0.21892	0.125	0	1	1.79853	1.79827	8.67451	
13.9433	1	307	13.8442	1	160	14.62	1	179	0	0	0	0.124993	0.12335	0.12636	0.0695115	0	0.557367	0.224817	0.22087	0.228107	0.125	0	1	1.79863	1.79826	9.69784	
19.0227	1	1862	18.5314	1	256	19.6763	1	256	0	0	0	0.129989	0.128747	0.13121	0.0695118	0	0.55739	0.233857	0.230573	0.237133	0.125	0	1	1.79906	1.79826	12.1425	
47.2511	1	3612	35.2806	1	305	36.6217	1	346	0	0	0	0.134996	0.133797	0.136793	0.0695126	0	0.557383	0.242939	0.23918	0.246713	0.125	0	1	1.7996	1.79824	22.1163	
14471.5	1	531146	73.3173	1	695	73.6959	1	1090	0	0	0	0.139994	0.1387	0.142043	0.0695261	0	0.557373	0.251935	0.248517	0.255967	0.125	0	1	1.79962	1.79788	46.5777	
