8.34242	3	28	8.34242	3	28	7.54025	3	24	0	0	0	0.00499391	0.00471	0.00536	0.00499401	0.00471	0.00536	0.00895208	0.00824333	0.00963	0.00895229	0.00824333	0.00963	1.7926	1.79261	8.54556	
8.38431	3	28	8.38429	3	28	7.56597	3	24	0	0	0	0.0100062	0.00962333	0.01048	0.0100061	0.00962333	0.01048	0.0180378	0.0172933	0.0192367	0.0180376	0.0172933	0.0192367	1.80265	1.80266	8.57334	
8.38486	3	28	8.38483	3	28	7.58818	3	26	0	0	0	0.0150311	0.0145233	0.0156967	0.0150311	0.0145233	0.0156967	0.02704	0.0259333	0.0284833	0.0270398	0.0259333	0.0284833	1.79893	1.79893	8.57358	
8.396	3	28	8.39587	3	28	7.59537	3	24	0	0	0	0.020063	0.0194867	0.0205667	0.0200628	0.0194867	0.0205667	0.0360579	0.0347767	0.0372567	0.0360582	0.0347767	0.0372567	1.79723	1.79727	8.58181	
8.4093	3	30	8.40914	3	30	7.61074	3	26	0	0	0	0.0250671	0.02449	0.0257333	0.0250668	0.0244867	0.0257367	0.0451318	0.0439833	0.0464533	0.0451316	0.0439833	0.0464567	1.80044	1.80045	8.58768	
8.42707	3	30	8.42684	3	30	7.6404	3	26	0	0	0	0.0300682	0.02949	0.0307167	0.0300678	0.02949	0.0307067	0.0541228	0.0526633	0.0563	0.0541219	0.0526633	0.0563	1.8	1.8	8.60121	
8.42021	3	30	8.41988	3	30	7.62338	3	26	0	0	0	0.0350706	0.0342367	0.0362133	0.03507	0.0342333	0.0362133	0.0631154	0.0612733	0.06533	0.0631144	0.0612733	0.06533	1.79966	1.79967	8.58998	
8.43427	3	30	8.43383	3	30	7.63156	3	28	0	0	0	0.0400941	0.0389867	0.0411167	0.0400936	0.0389867	0.04112	0.072177	0.0700667	0.0745967	0.0721766	0.0700667	0.0746	1.80019	1.8002	8.59929	
8.43892	3	33	8.43828	3	33	7.63662	3	29	0	0	0	0.0450691	0.04441	0.0457233	0.0450684	0.0444167	0.0457233	0.0810798	0.07946	0.0826367	0.0810783	0.0794633	0.08265	1.79901	1.79901	8.59975	
8.44981	3	30	8.44899	3	30	7.65505	3	27	0	0	0	0.050078	0.04917	0.05091	0.0500778	0.04916	0.05091	0.090079	0.0880267	0.09225	0.0900781	0.0880167	0.0922467	1.79877	1.79876	8.60661	
8.45633	3	33	8.45535	3	33	7.65565	3	29	0	0	0	0.055088	0.0541533	0.0558567	0.0550873	0.05415	0.0558533	0.0990448	0.0965533	0.101737	0.0990434	0.09655	0.101733	1.79794	1.79793	8.60889	
8.47461	3	34	8.47344	3	34	7.677	3	30	0	0	0	0.0600776	0.0585933	0.0612533	0.0600772	0.05859	0.0612533	0.108018	0.105313	0.110653	0.108017	0.105297	0.110653	1.79797	1.79797	8.6219	
8.49603	3	33	8.49468	3	33	7.69394	3	30	0	0	0	0.0651088	0.0641933	0.06608	0.0651085	0.0641933	0.0660767	0.117103	0.115033	0.120723	0.117103	0.115037	0.120737	1.79857	1.79858	8.63719	
8.49302	3	33	8.49127	3	33	7.70136	3	30	0	0	0	0.0700993	0.0692433	0.0712167	0.0700989	0.0692467	0.0712133	0.126046	0.123663	0.128517	0.126046	0.123673	0.128537	1.79811	1.79812	8.62994	
8.50623	3	32	8.50419	3	32	7.70927	3	30	0	0	0	0.0750704	0.0737167	0.0760867	0.0750704	0.07372	0.07609	0.134952	0.131797	0.13759	0.134952	0.1318	0.13759	1.79767	1.79767	8.63826	
8.51622	3	34	8.5139	3	34	7.71576	3	30	0	0	0	0.0800622	0.0788433	0.08149	0.0800624	0.07884	0.08149	0.143966	0.141463	0.14713	0.143967	0.14147	0.14713	1.79817	1.79818	8.64212	
8.52931	3	34	8.52645	3	34	7.72707	3	30	0	0	0	0.0850492	0.0838967	0.0865433	0.0850489	0.0838967	0.08654	0.152894	0.149913	0.155517	0.152893	0.149897	0.155517	1.79771	1.79771	8.6508	
8.54009	3	34	8.53712	3	34	7.7444	3	30	0	0	0	0.0900403	0.0881367	0.0912167	0.0900401	0.0881367	0.0912133	0.161919	0.158543	0.16451	0.161919	0.158537	0.16451	1.7983	1.7983	8.65487	
8.54232	3	34	8.53889	3	34	7.74251	3	30	0	0	0	0.0950421	0.09396	0.0965867	0.0950425	0.0939533	0.0965867	0.170904	0.16843	0.17513	0.170903	0.168453	0.175127	1.79819	1.79818	8.65279	
8.55803	3	34	8.55395	3	34	7.76255	3	30	0	0	0	0.100014	0.0985767	0.101243	0.100014	0.0985867	0.10124	0.179775	0.176603	0.18299	0.179776	0.176613	0.182983	1.7975	1.79751	8.66365	
8.56796	3	34	8.56337	3	34	7.76599	3	30	0	0	0	0.105002	0.103807	0.106227	0.105002	0.103803	0.106237	0.188774	0.18556	0.191903	0.188774	0.18556	0.191893	1.79782	1.79782	8.6655	
8.58676	3	34	8.58167	3	34	7.78619	3	30	0	0	0	0.110025	0.108787	0.111333	0.110025	0.108787	0.111333	0.197877	0.1946	0.20158	0.197878	0.194613	0.201577	1.79847	1.79848	8.67767	
8.60134	3	34	8.59556	3	34	7.8002	3	30	0	0	0	0.115005	0.113727	0.116963	0.115005	0.113727	0.116977	0.206856	0.20342	0.21087	0.206857	0.20342	0.210897	1.79868	1.79868	8.68505	
8.60597	3	34	8.59959	3	34	7.80305	3	31	0	0	0	0.119998	0.118613	0.121213	0.119998	0.118613	0.12121	0.215819	0.211733	0.21892	0.215822	0.211747	0.21893	1.79853	1.79855	8.68472	
8.62493	3	34	8.61757	3	34	7.82473	3	32	0	0	0	0.124993	0.12335	0.12636	0.124993	0.123347	0.12636	0.224817	0.22087	0.228107	0.224818	0.220867	0.22812	1.79863	1.79864	8.69609	
8.64234	3	36	8.63398	3	36	7.83718	3	32	0	0	0	0.129989	0.128747	0.13121	0.129989	0.128743	0.131213	0.233857	0.230573	0.237133	0.233859	0.23057	0.237153	1.79906	1.79906	8.70499	
8.65013	3	34	8.64138	3	34	7.84486	3	30	0	0	0	0.134996	0.133797	0.136793	0.134996	0.1338	0.136793	0.242939	0.23918	0.246713	0.242939	0.239173	0.246713	1.7996	1.79961	8.70678	
8.66329	3	34	8.65347	3	34	7.86411	3	30	0	0	0	0.139994	0.1387	0.142043	0.139994	0.13869	0.142037	0.251935	0.248517	0.255967	0.251935	0.248527	0.255963	1.79962	1.79962	8.71256	
8.67995	3	36	8.66892	3	36	7.87338	3	32	0	0	0	0.14498	0.1435	0.146687	0.14498	0.1435	0.146693	0.260957	0.257767	0.264273	0.260957	0.257777	0.26428	1.79996	1.79995	8.72054	
8.69466	3	37	8.68239	3	37	7.89108	3	33	0	0	0	0.149981	0.14896	0.151417	0.149981	0.148957	0.151413	0.270074	0.265633	0.274083	0.270076	0.265643	0.27409	1.80072	1.80073	8.72802	
8.71105	3	37	8.69714	3	37	7.90692	3	33	0	0	0	0.154962	0.153983	0.15644	0.154963	0.153983	0.15644	0.279055	0.27535	0.282653	0.279056	0.275353	0.282667	1.80079	1.80079	8.73538	
8.72423	3	36	8.70887	3	36	7.91647	3	32	0	0	0	0.159973	0.15789	0.16147	0.159974	0.157887	0.16147	0.288068	0.28388	0.291447	0.288067	0.283873	0.291447	1.80072	1.80072	8.7397	
8.738	3	42	8.72123	3	42	7.93043	3	42	0	0	0	0.164998	0.16387	0.166513	0.164998	0.163867	0.166507	0.297156	0.29383	0.300683	0.297158	0.293843	0.300687	1.80097	1.80097	8.74485	
8.75573	3	36	8.7373	3	36	7.94895	3	32	0	0	0	0.170008	0.168587	0.171523	0.170008	0.168577	0.171527	0.306168	0.30249	0.30979	0.30617	0.302487	0.309793	1.80091	1.80092	8.75432	
8.77185	3	48	8.7513	3	48	7.95985	3	44	0	0	0	0.175015	0.17378	0.176443	0.175016	0.17378	0.176433	0.315161	0.309647	0.319467	0.315163	0.309673	0.319483	1.80077	1.80076	8.7604	
8.7822	3	37	8.76037	3	37	7.97833	3	33	0	0	0	0.180034	0.178163	0.18141	0.180035	0.178163	0.18141	0.324183	0.32065	0.327567	0.324183	0.320657	0.327573	1.80068	1.80067	8.76323	
8.80537	3	37	8.78036	3	37	7.98959	3	34	0	0	0	0.185041	0.1837	0.186537	0.185043	0.1837	0.18654	0.333238	0.329753	0.336673	0.333242	0.329763	0.336717	1.80089	1.80089	8.77585	
8.81903	3	44	8.79171	3	44	8.00548	3	40	0	0	0	0.190052	0.188987	0.191353	0.190054	0.18899	0.191353	0.342298	0.3384	0.345987	0.342301	0.338403	0.34597	1.80108	1.80108	8.77875	
8.83512	3	38	8.80568	3	38	8.01912	3	37	0	0	0	0.195077	0.19343	0.196657	0.195077	0.193433	0.19667	0.351373	0.34831	0.3549	0.351372	0.34833	0.3549	1.8012	1.80119	8.78438	
8.85042	3	45	8.81819	3	45	8.03296	3	41	0	0	0	0.200077	0.198647	0.202083	0.200076	0.198637	0.202093	0.360248	0.356233	0.365297	0.360249	0.356237	0.365307	1.80055	1.80056	8.79006	
8.87109	3	52	8.83566	3	52	8.05014	3	48	0	0	0	0.20508	0.20363	0.206777	0.20508	0.203637	0.206773	0.369223	0.36587	0.372783	0.369224	0.365867	0.372793	1.80038	1.80039	8.80038	
8.89045	3	44	8.85111	3	44	8.06672	3	44	0	0	0	0.210069	0.208173	0.2115	0.21007	0.208177	0.211497	0.378256	0.37335	0.38255	0.378258	0.373347	0.38255	1.80062	1.80063	8.80432	
8.90843	3	49	8.86609	3	49	8.08584	3	49	0	0	0	0.215034	0.213277	0.21678	0.215034	0.213277	0.216783	0.387101	0.38325	0.39125	0.387101	0.383237	0.391243	1.80019	1.80019	8.8131	
8.92735	3	54	8.88079	3	40	8.09883	3	38	0	0	0	0.220028	0.217783	0.221743	0.220028	0.217777	0.221733	0.396088	0.390813	0.39951	0.396089	0.390807	0.399497	1.80017	1.80018	8.8193	
8.95029	3	46	8.89933	3	46	8.11324	3	42	0	0	0	0.225021	0.222313	0.226663	0.22502	0.22232	0.226667	0.405055	0.399957	0.409987	0.405054	0.399953	0.409993	1.80008	1.80008	8.82613	
8.96978	3	49	8.91424	3	47	8.13648	3	43	0	0	0	0.230021	0.227957	0.231717	0.230021	0.227943	0.231717	0.413976	0.409087	0.41777	0.413975	0.409093	0.417753	1.79973	1.79973	8.83384	
8.99844	3	53	8.93551	3	53	8.15634	3	49	0	0	0	0.235028	0.23363	0.236853	0.235028	0.233627	0.23685	0.423043	0.4198	0.42848	0.423044	0.419807	0.428477	1.79997	1.79997	8.84492	
9.01575	3	58	8.94794	3	58	8.17316	3	54	0	0	0	0.240019	0.238327	0.24225	0.240018	0.238327	0.24224	0.432012	0.427083	0.436387	0.432013	0.427087	0.436373	1.79991	1.79992	8.84816	
9.04251	3	62	8.96442	3	62	8.19189	3	58	0	0	0	0.245024	0.24343	0.246467	0.245024	0.243413	0.246473	0.441096	0.435677	0.446587	0.441097	0.435693	0.446553	1.80021	1.80022	8.85337	
9.06645	3	65	8.98226	3	49	8.20861	3	45	0	0	0	0.250034	0.2484	0.252393	0.250034	0.2484	0.252407	0.450065	0.44537	0.45447	0.450066	0.445363	0.454467	1.80002	1.80002	8.86318	
9.09259	3	63	9.00047	3	54	8.22579	3	50	0	0	0	0.255016	0.252767	0.25653	0.255015	0.252773	0.256523	0.459117	0.455247	0.46585	0.459115	0.45524	0.465853	1.80035	1.80034	8.87068	
9.12738	3	74	9.0226	3	50	8.25103	3	50	0	0	0	0.260024	0.258227	0.261787	0.260023	0.258223	0.26179	0.468142	0.463863	0.473947	0.468143	0.46388	0.473943	1.80038	1.80039	8.88198	
9.16047	3	86	9.04651	3	59	8.27574	3	55	0	0	0	0.265018	0.263463	0.267173	0.265018	0.26346	0.267183	0.477196	0.473417	0.482283	0.477195	0.473413	0.482273	1.80062	1.80062	8.89203	
9.19325	3	89	9.06173	3	62	8.29376	3	58	0	0	0	0.270019	0.268033	0.27192	0.270017	0.268023	0.271927	0.486187	0.48198	0.490517	0.486185	0.48197	0.49053	1.80056	1.80057	8.89702	
9.22508	3	109	9.07657	3	64	8.31136	3	60	0	0	0	0.275021	0.273083	0.27774	0.275021	0.273073	0.277747	0.495153	0.490253	0.501447	0.495153	0.490247	0.501453	1.80042	1.80042	8.90127	
9.26739	3	84	9.10524	3	75	8.34218	3	71	0	0	0	0.280024	0.278493	0.281807	0.280024	0.2785	0.281803	0.504147	0.498907	0.508647	0.504148	0.49892	0.508667	1.80037	1.80038	8.91528	
9.29979	3	94	9.12477	3	54	8.36346	3	50	0	0	0	0.284984	0.283113	0.286417	0.284985	0.28312	0.286417	0.512982	0.508687	0.517117	0.512983	0.50868	0.51713	1.80004	1.80004	8.92364	
9.35497	3	120	9.15264	3	61	8.39168	3	59	0	0	0	0.290004	0.288393	0.29219	0.290004	0.2884	0.292197	0.522023	0.51754	0.527343	0.522025	0.51754	0.52736	1.80006	1.80006	8.93719	
9.40122	3	119	9.17113	3	59	8.41138	3	56	0	0	0	0.295023	0.292727	0.297447	0.295023	0.292727	0.297443	0.531037	0.526157	0.53707	0.531037	0.526133	0.537073	1.79998	1.79998	8.94443	
9.44044	3	110	9.19126	3	64	8.43819	3	60	0	0	0	0.300016	0.298187	0.30217	0.300015	0.29818	0.302167	0.539984	0.534897	0.546377	0.539985	0.534917	0.54638	1.79985	1.79986	8.95298	
9.5186	3	108	9.21271	3	66	8.45747	3	62	0	0	0	0.305011	0.303417	0.306747	0.305011	0.303417	0.306753	0.548951	0.54423	0.55472	0.548954	0.544227	0.55474	1.79978	1.79978	8.96061	
9.59879	3	155	9.24165	3	62	8.4872	3	58	0	0	0	0.310018	0.308087	0.31225	0.310017	0.308083	0.312237	0.558012	0.551307	0.562693	0.558013	0.551297	0.56267	1.79993	1.79994	8.97461	
9.66519	3	139	9.26725	3	64	8.51517	3	60	0	0	0	0.314986	0.31259	0.316787	0.314985	0.312597	0.316787	0.566954	0.561673	0.571847	0.566953	0.5617	0.57183	1.79993	1.79994	8.98286	
9.76872	3	187	9.29692	3	64	8.54458	3	60	0	0	0	0.319995	0.318023	0.322527	0.319995	0.318033	0.32254	0.576011	0.571463	0.580487	0.576015	0.57148	0.580513	1.80006	1.80007	8.9979	
9.90045	3	263	9.32161	3	64	8.57501	3	60	0	0	0	0.325005	0.32234	0.327087	0.325005	0.322353	0.327077	0.58503	0.57918	0.589687	0.585032	0.579203	0.589697	1.80006	1.80007	9.00637	
10.04	3	202	9.3527	3	68	8.60836	3	64	0	0	0	0.329995	0.327633	0.33163	0.329995	0.32763	0.331623	0.594009	0.59063	0.5987	0.59401	0.590637	0.598697	1.80006	1.80006	9.01937	
10.2304	3	225	9.37706	3	67	8.6326	3	63	0	0	0	0.334995	0.333063	0.33667	0.334995	0.333073	0.33667	0.602957	0.599197	0.607163	0.602957	0.599207	0.607177	1.79989	1.7999	9.02921	
10.4746	3	237	9.41034	3	69	8.66807	3	65	0	0	0	0.340001	0.33833	0.342227	0.34	0.33833	0.342237	0.611983	0.607157	0.61927	0.61198	0.60716	0.619273	1.79994	1.79994	9.04389	
10.787	3	315	9.44243	3	67	8.70561	3	63	0	0	0	0.344977	0.342573	0.347463	0.34498	0.342567	0.34747	0.620963	0.61545	0.626817	0.620967	0.61547	0.62679	1.80001	1.80001	9.05605	
11.6166	3	494	9.47692	3	74	8.74679	3	70	0	0	0	0.349964	0.348607	0.351533	0.349965	0.34861	0.351553	0.629929	0.622623	0.634953	0.629926	0.622617	0.63494	1.79998	1.79997	9.07019	
14.4113	3	926	9.50279	3	87	8.7692	3	87	0	0	0	0.355027	0.353762	0.356978	0.355029	0.353772	0.356995	0.638974	0.634795	0.645092	0.638977	0.634807	0.645095	1.79979	1.79979	9.08052	
26.0707	3	2413	9.53743	3	73	8.80475	3	69	0	0	0	0.360017	0.35876	0.361481	0.36003	0.358757	0.361926	0.647789	0.644913	0.650841	0.647812	0.645023	0.652	1.79933	1.79933	9.09448	
379.106	3	19160	9.57276	3	71	8.84323	3	70	0	0	0	0.365013	0.363859	0.366114	0.364814	0.357311	0.366114	0.656762	0.653089	0.659961	0.656406	0.641534	0.659963	1.79928	1.79929	9.10934	
