8.22405	2	28	8.22405	2	28	7.41885	2	24	0	0	0	0.00499391	0.00471	0.00536	0.00499401	0.00471	0.00536	0.00895208	0.00824333	0.00963	0.00895229	0.00824333	0.00963	1.7926	1.79261	8.42893	
8.24261	2	28	8.24261	2	28	7.41492	2	26	0	0	0	0.0100062	0.00962333	0.01048	0.0100061	0.00962333	0.01048	0.0180378	0.0172933	0.0192367	0.0180376	0.0172933	0.0192367	1.80265	1.80265	8.4358	
8.2246	2	30	8.2246	2	30	7.43046	2	26	0	0	0	0.0150311	0.0145233	0.0156967	0.0150309	0.0145233	0.0157	0.02704	0.0259333	0.0284833	0.0270397	0.0259333	0.0284833	1.79893	1.79894	8.41849	
8.23823	2	30	8.23823	2	30	7.44245	2	26	0	0	0	0.020063	0.0194867	0.0205667	0.0200631	0.0194867	0.0205667	0.0360579	0.0347767	0.0372567	0.0360585	0.0347767	0.0372567	1.79723	1.79725	8.43168	
8.24183	2	30	8.24183	2	30	7.44663	2	26	0	0	0	0.0250671	0.02449	0.0257333	0.0250668	0.0244867	0.0257367	0.0451318	0.0439833	0.0464533	0.0451318	0.0439833	0.0464567	1.80044	1.80046	8.42998	
8.24526	2	30	8.24526	2	30	7.45828	2	28	0	0	0	0.0300682	0.02949	0.0307167	0.030068	0.0294933	0.0307133	0.0541228	0.0526633	0.0563	0.0541221	0.0526667	0.0563	1.8	1.79999	8.43136	
8.25809	2	30	8.25809	2	30	7.46203	2	30	0	0	0	0.0350706	0.0342367	0.0362133	0.03507	0.0342333	0.0362133	0.0631154	0.0612733	0.06533	0.0631143	0.0612733	0.06533	1.79966	1.79967	8.44194	
8.256	2	30	8.256	2	30	7.46096	2	28	0	0	0	0.0400941	0.0389867	0.0411167	0.0400935	0.0389867	0.04112	0.072177	0.0700667	0.0745967	0.0721768	0.0700667	0.0746	1.80019	1.80021	8.43691	
8.25703	2	32	8.25703	2	32	7.4603	2	29	0	0	0	0.0450691	0.04441	0.0457233	0.0450686	0.0444167	0.0457233	0.0810798	0.07946	0.0826367	0.0810788	0.0794633	0.0826567	1.79901	1.79901	8.43682	
8.25657	2	31	8.25657	2	31	7.46161	2	28	0	0	0	0.050078	0.04917	0.05091	0.0500777	0.0491633	0.05091	0.090079	0.0880267	0.09225	0.0900778	0.0880167	0.0922467	1.79877	1.79876	8.43393	
8.26041	2	33	8.26041	2	33	7.46086	2	30	0	0	0	0.055088	0.0541533	0.0558567	0.0550876	0.0541533	0.0558533	0.0990448	0.0965533	0.101737	0.0990437	0.0965533	0.101733	1.79794	1.79793	8.43535	
8.26561	2	34	8.26561	2	34	7.46474	2	30	0	0	0	0.0600776	0.0585933	0.0612533	0.0600772	0.05859	0.0612533	0.108018	0.105313	0.110653	0.108018	0.105297	0.110653	1.79797	1.79798	8.43763	
8.27789	2	34	8.27789	2	34	7.47719	2	30	0	0	0	0.0651088	0.0641933	0.06608	0.0651084	0.0641933	0.0660767	0.117103	0.115033	0.120723	0.117102	0.115037	0.120737	1.79857	1.79858	8.44693	
8.26985	2	34	8.26985	2	34	7.47386	2	30	0	0	0	0.0700993	0.0692433	0.0712167	0.0700991	0.0692467	0.0712133	0.126046	0.123663	0.128517	0.126046	0.123673	0.12853	1.79811	1.79811	8.43586	
8.27957	2	34	8.27957	2	34	7.48399	2	30	0	0	0	0.0750704	0.0737167	0.0760867	0.0750701	0.07372	0.07609	0.134952	0.131797	0.13759	0.134951	0.1318	0.13759	1.79767	1.79767	8.44384	
8.27816	2	33	8.27816	2	33	7.4805	2	30	0	0	0	0.0800622	0.0788433	0.08149	0.0800623	0.07884	0.08149	0.143966	0.141463	0.14713	0.143966	0.14146	0.14713	1.79817	1.79817	8.43864	
8.28838	2	34	8.28838	2	34	7.48338	2	30	0	0	0	0.0850492	0.0838967	0.0865433	0.085049	0.0838933	0.0865467	0.152894	0.149913	0.155517	0.152893	0.149897	0.155517	1.79771	1.79771	8.44615	
8.29417	2	34	8.29417	2	34	7.50006	2	30	0	0	0	0.0900403	0.0881367	0.0912167	0.0900399	0.0881367	0.09121	0.161919	0.158543	0.16451	0.16192	0.158537	0.16451	1.7983	1.79831	8.44708	
8.29145	2	34	8.29145	2	34	7.49558	2	30	0	0	0	0.0950421	0.09396	0.0965867	0.0950421	0.0939533	0.0965867	0.170904	0.16843	0.17513	0.170903	0.168453	0.175127	1.79819	1.79819	8.44231	
8.29548	2	34	8.29548	2	34	7.50079	2	30	0	0	0	0.100014	0.0985767	0.101243	0.100014	0.0985833	0.10124	0.179775	0.176603	0.18299	0.179777	0.17661	0.182987	1.7975	1.79752	8.44361	
8.30073	2	34	8.30073	2	34	7.50444	2	30	0	0	0	0.105002	0.103807	0.106227	0.105002	0.10381	0.106237	0.188774	0.18556	0.191903	0.188773	0.185563	0.191893	1.79782	1.79781	8.44526	
8.30657	2	34	8.30657	2	34	7.51565	2	30	0	0	0	0.110025	0.108787	0.111333	0.110025	0.10879	0.111333	0.197877	0.1946	0.20158	0.197878	0.194613	0.201577	1.79847	1.79848	8.44666	
8.31119	2	35	8.31119	2	35	7.51534	2	31	0	0	0	0.115005	0.113727	0.116963	0.115005	0.113727	0.11697	0.206856	0.20342	0.21087	0.206857	0.20342	0.210877	1.79868	1.79868	8.44687	
8.31323	2	34	8.31323	2	34	7.51582	2	30	0	0	0	0.119998	0.118613	0.121213	0.119998	0.118613	0.121213	0.215819	0.211733	0.21892	0.21582	0.211737	0.21892	1.79853	1.79853	8.44553	
8.31837	2	34	8.31837	2	34	7.52565	2	30	0	0	0	0.124993	0.12335	0.12636	0.124993	0.123347	0.12636	0.224817	0.22087	0.228107	0.224817	0.220867	0.22812	1.79863	1.79863	8.44638	
8.32651	2	34	8.32651	2	34	7.5315	2	30	0	0	0	0.129989	0.128747	0.13121	0.129989	0.128747	0.131213	0.233857	0.230573	0.237133	0.233859	0.23057	0.23714	1.79906	1.79907	8.45057	
8.3273	2	36	8.3273	2	36	7.53102	2	32	0	0	0	0.134996	0.133797	0.136793	0.134996	0.133797	0.136793	0.242939	0.23918	0.246713	0.242939	0.23917	0.246713	1.7996	1.7996	8.44608	
8.33483	2	34	8.33483	2	34	7.54628	2	32	0	0	0	0.139994	0.1387	0.142043	0.139993	0.138683	0.142037	0.251935	0.248517	0.255967	0.251934	0.248533	0.255963	1.79962	1.79961	8.44958	
8.34289	2	36	8.34289	2	36	7.54609	2	32	0	0	0	0.14498	0.1435	0.146687	0.144979	0.1435	0.146697	0.260957	0.257767	0.264273	0.260956	0.257777	0.264283	1.79996	1.79995	8.45378	
8.35119	2	34	8.35119	2	34	7.56002	2	32	0	0	0	0.149981	0.14896	0.151417	0.149982	0.148957	0.151417	0.270074	0.265633	0.274083	0.270075	0.265637	0.274077	1.80072	1.80072	8.45619	
8.35729	2	34	8.35728	2	34	7.56022	2	30	0	0	0	0.154962	0.153983	0.15644	0.154963	0.15398	0.15644	0.279055	0.27535	0.282653	0.279056	0.27535	0.282667	1.80079	1.8008	8.45875	
8.36141	2	44	8.3614	2	44	7.56861	2	40	0	0	0	0.159973	0.15789	0.16147	0.159974	0.157887	0.16147	0.288068	0.28388	0.291447	0.288066	0.283873	0.291443	1.80072	1.80071	8.45633	
8.3699	2	36	8.3699	2	36	7.57338	2	32	0	0	0	0.164998	0.16387	0.166513	0.164998	0.163863	0.166507	0.297156	0.29383	0.300683	0.297157	0.293863	0.300687	1.80097	1.80097	8.46098	
8.37966	2	36	8.37965	2	36	7.5841	2	32	0	0	0	0.170008	0.168587	0.171523	0.170008	0.168577	0.17152	0.306168	0.30249	0.30979	0.30617	0.30249	0.30979	1.80091	1.80092	8.46587	
8.38317	2	35	8.38317	2	35	7.59396	2	34	0	0	0	0.175015	0.17378	0.176443	0.175016	0.17378	0.176437	0.315161	0.309647	0.319467	0.315162	0.309683	0.319473	1.80077	1.80076	8.46381	
8.3864	2	37	8.38639	2	37	7.60003	2	33	0	0	0	0.180034	0.178163	0.18141	0.180035	0.178163	0.181407	0.324183	0.32065	0.327567	0.324183	0.320657	0.327573	1.80068	1.80067	8.46238	
8.39874	2	43	8.39873	2	43	7.61027	2	39	0	0	0	0.185041	0.1837	0.186537	0.185043	0.183703	0.18654	0.333238	0.329753	0.336673	0.333241	0.329757	0.336683	1.80089	1.80089	8.46908	
8.4049	2	40	8.40489	2	40	7.61564	2	40	0	0	0	0.190052	0.188987	0.191353	0.190053	0.188983	0.191353	0.342298	0.3384	0.345987	0.342301	0.338397	0.34597	1.80108	1.80108	8.46932	
8.41275	2	38	8.41272	2	38	7.6239	2	34	0	0	0	0.195077	0.19343	0.196657	0.195077	0.193433	0.19667	0.351373	0.34831	0.3549	0.351373	0.348333	0.3549	1.8012	1.8012	8.47132	
8.41546	2	38	8.41543	2	38	7.62641	2	34	0	0	0	0.200077	0.198647	0.202083	0.200076	0.198637	0.202083	0.360248	0.356233	0.365297	0.360248	0.356237	0.365297	1.80055	1.80055	8.4698	
8.42741	2	42	8.42738	2	42	7.64091	2	42	0	0	0	0.20508	0.20363	0.206777	0.20508	0.203633	0.206773	0.369223	0.36587	0.372783	0.369224	0.365863	0.372793	1.80038	1.80039	8.47643	
8.43319	2	40	8.43316	2	40	7.64768	2	40	0	0	0	0.210069	0.208173	0.2115	0.210069	0.208173	0.211497	0.378256	0.37335	0.38255	0.378256	0.373347	0.38255	1.80062	1.80063	8.47552	
8.44036	2	56	8.44032	2	56	7.6567	2	56	0	0	0	0.215034	0.213277	0.21678	0.215034	0.213277	0.216777	0.387101	0.38325	0.39125	0.387102	0.38324	0.391247	1.80019	1.80019	8.47679	
8.44921	2	51	8.44914	2	51	7.66674	2	47	0	0	0	0.220028	0.217783	0.221743	0.220027	0.21778	0.221733	0.396088	0.390813	0.39951	0.396089	0.390807	0.399493	1.80017	1.80018	8.4793	
8.45803	2	44	8.45794	2	44	7.67201	2	40	0	0	0	0.225021	0.222313	0.226663	0.22502	0.22232	0.226667	0.405055	0.399957	0.409987	0.405054	0.39996	0.409997	1.80008	1.80008	8.48065	
8.47031	2	49	8.47022	2	49	7.68983	2	45	0	0	0	0.230021	0.227957	0.231717	0.23002	0.22795	0.231723	0.413976	0.409087	0.41777	0.413975	0.409087	0.417763	1.79973	1.79974	8.48638	
8.48409	2	57	8.48399	2	57	7.7035	2	53	0	0	0	0.235028	0.23363	0.236853	0.235027	0.233627	0.236853	0.423043	0.4198	0.42848	0.423044	0.41981	0.42848	1.79997	1.79998	8.49198	
8.49269	2	56	8.49253	2	56	7.71251	2	52	0	0	0	0.240019	0.238327	0.24225	0.240018	0.238327	0.242237	0.432012	0.427083	0.436387	0.432014	0.427087	0.436377	1.79991	1.79992	8.49282	
8.49968	2	48	8.49945	2	48	7.72299	2	48	0	0	0	0.245024	0.24343	0.246467	0.245024	0.243417	0.24647	0.441096	0.435677	0.446587	0.441096	0.435683	0.446553	1.80021	1.80022	8.493	
8.5134	2	71	8.51319	2	71	7.73685	2	67	0	0	0	0.250034	0.2484	0.252393	0.250034	0.2484	0.252397	0.450065	0.44537	0.45447	0.450064	0.44535	0.454467	1.80002	1.80001	8.49864	
8.5265	2	52	8.52617	2	52	7.74974	2	48	0	0	0	0.255016	0.252767	0.25653	0.255015	0.252773	0.256523	0.459117	0.455247	0.46585	0.459116	0.45524	0.46585	1.80035	1.80035	8.5035	
8.53586	2	48	8.53545	2	48	7.762	2	44	0	0	0	0.260024	0.258227	0.261787	0.260024	0.258223	0.26179	0.468142	0.463863	0.473947	0.468144	0.463877	0.473943	1.80038	1.80039	8.50611	
8.55127	2	56	8.55076	2	56	7.77779	2	56	0	0	0	0.265018	0.263463	0.267173	0.265018	0.26347	0.267177	0.477196	0.473417	0.482283	0.477195	0.473407	0.482273	1.80062	1.80062	8.51112	
8.56646	2	55	8.56586	2	55	7.79215	2	51	0	0	0	0.270019	0.268033	0.27192	0.270018	0.26802	0.27192	0.486187	0.48198	0.490517	0.486186	0.481967	0.490527	1.80056	1.80057	8.51774	
8.57642	2	64	8.57568	2	64	7.81124	2	60	0	0	0	0.275021	0.273083	0.27774	0.275021	0.273077	0.27775	0.495153	0.490253	0.501447	0.495153	0.490253	0.501457	1.80042	1.80042	8.51911	
8.58952	2	56	8.58853	2	56	7.82095	2	52	0	0	0	0.280024	0.278493	0.281807	0.280024	0.2785	0.281803	0.504147	0.498907	0.508647	0.504148	0.49892	0.50865	1.80037	1.80037	8.5233	
8.60396	2	52	8.60287	2	52	7.83721	2	48	0	0	0	0.284984	0.283113	0.286417	0.284984	0.28312	0.286417	0.512982	0.508687	0.517117	0.512982	0.508687	0.51712	1.80004	1.80004	8.52809	
8.62182	2	67	8.62041	2	67	7.85447	2	63	0	0	0	0.290004	0.288393	0.29219	0.290003	0.288403	0.292197	0.522023	0.51754	0.527343	0.522023	0.51754	0.52736	1.80006	1.80006	8.53411	
8.63825	2	63	8.63653	2	63	7.87227	2	59	0	0	0	0.295023	0.292727	0.297447	0.295023	0.29273	0.29745	0.531037	0.526157	0.53707	0.531035	0.52614	0.537077	1.79998	1.79998	8.53984	
8.65474	2	72	8.65249	2	72	7.89226	2	72	0	0	0	0.300016	0.298187	0.30217	0.300015	0.298183	0.302173	0.539984	0.534897	0.546377	0.539986	0.534913	0.54638	1.79985	1.79986	8.54547	
8.6692	2	60	8.66655	2	60	7.90616	2	56	0	0	0	0.305011	0.303417	0.306747	0.305011	0.303423	0.30675	0.548951	0.54423	0.55472	0.548952	0.544233	0.55473	1.79978	1.79978	8.54879	
8.69002	2	70	8.68669	2	70	7.9246	2	66	0	0	0	0.310018	0.308087	0.31225	0.310017	0.308087	0.312237	0.558012	0.551307	0.562693	0.558013	0.5513	0.56268	1.79993	1.79994	8.55656	
8.71081	2	64	8.7069	2	64	7.95074	2	60	0	0	0	0.314986	0.31259	0.316787	0.314985	0.312597	0.31678	0.566954	0.561673	0.571847	0.566953	0.5617	0.571833	1.79993	1.79994	8.56406	
8.73318	2	65	8.72825	2	65	7.96904	2	61	0	0	0	0.319995	0.318023	0.322527	0.319996	0.31802	0.322537	0.576011	0.571463	0.580487	0.576016	0.571477	0.580517	1.80006	1.80007	8.57445	
8.75013	2	64	8.74427	2	64	7.99199	2	60	0	0	0	0.325005	0.32234	0.327087	0.325006	0.322353	0.327083	0.58503	0.57918	0.589687	0.585031	0.579197	0.589697	1.80006	1.80006	8.57788	
8.77229	2	66	8.76486	2	66	8.01403	2	62	0	0	0	0.329995	0.327633	0.33163	0.329995	0.327627	0.331623	0.594009	0.59063	0.5987	0.59401	0.59062	0.598707	1.80006	1.80006	8.5876	
8.79491	2	81	8.78643	2	81	8.0362	2	77	0	0	0	0.334995	0.333063	0.33667	0.334995	0.33307	0.336667	0.602957	0.599197	0.607163	0.602957	0.599203	0.60717	1.79989	1.7999	8.59359	
8.82126	2	66	8.81042	2	66	8.06024	2	66	0	0	0	0.340001	0.33833	0.342227	0.340002	0.338327	0.34223	0.611983	0.607157	0.61927	0.611985	0.607157	0.61927	1.79994	1.79995	8.60427	
8.8472	2	70	8.83426	2	70	8.08747	2	70	0	0	0	0.344977	0.342573	0.347463	0.344977	0.342567	0.34747	0.620963	0.61545	0.626817	0.620961	0.615467	0.626787	1.80001	1.80001	8.61264	
8.87532	2	73	8.85982	2	73	8.11648	2	69	0	0	0	0.349964	0.348607	0.351533	0.349965	0.34861	0.351547	0.629929	0.622623	0.634953	0.629926	0.622613	0.63494	1.79998	1.79997	8.62171	
8.89792	2	75	8.87901	2	75	8.13677	2	71	0	0	0	0.354962	0.353397	0.35679	0.354962	0.353403	0.356793	0.638926	0.634163	0.645653	0.638926	0.634173	0.64565	1.79999	1.79998	8.62967	
8.93088	2	68	8.90771	2	68	8.16894	2	64	0	0	0	0.359946	0.357967	0.36165	0.359944	0.357967	0.361647	0.647918	0.643797	0.651623	0.647915	0.643783	0.651623	1.80004	1.80004	8.63893	
8.96994	2	73	8.94038	2	73	8.2024	2	69	0	0	0	0.364962	0.362823	0.366807	0.36496	0.362833	0.36682	0.656911	0.649707	0.663153	0.656913	0.649713	0.663167	1.79995	1.79996	8.65447	
9.00726	2	87	8.9735	2	87	8.23608	2	83	0	0	0	0.369962	0.367013	0.37188	0.369962	0.367017	0.37188	0.66591	0.660913	0.67044	0.665911	0.660917	0.67045	1.79994	1.79994	8.66583	
9.04401	2	69	9.00292	2	69	8.26954	2	69	0	0	0	0.374958	0.372863	0.376897	0.37496	0.372863	0.376897	0.674943	0.669617	0.680467	0.674948	0.669617	0.68048	1.80005	1.80006	8.67712	
9.08317	2	80	9.03375	2	80	8.29922	2	76	0	0	0	0.379938	0.377803	0.381443	0.379939	0.377787	0.381443	0.68388	0.678997	0.687763	0.683883	0.679013	0.68776	1.79998	1.79998	8.68993	
9.13458	2	89	9.07142	2	89	8.33861	2	85	0	0	0	0.384946	0.382957	0.38665	0.384945	0.382957	0.386647	0.692851	0.6873	0.69774	0.692852	0.687327	0.69774	1.79987	1.79987	8.70333	
9.16863	2	87	9.09588	2	87	8.36594	2	83	0	0	0	0.389928	0.3881	0.392663	0.389931	0.38812	0.392647	0.701841	0.696713	0.707977	0.701845	0.696707	0.707953	1.79992	1.79992	8.71039	
9.21885	2	78	9.12808	2	78	8.39576	2	74	0	0	0	0.394923	0.393063	0.396633	0.394923	0.39306	0.39665	0.71079	0.706627	0.714927	0.710791	0.70661	0.714933	1.79982	1.79982	8.72386	
9.28823	2	99	9.17184	2	74	8.45061	2	73	0	0	0	0.399943	0.39808	0.401523	0.399943	0.39808	0.401533	0.719912	0.714797	0.72428	0.719912	0.71476	0.72429	1.80004	1.80004	8.74017	
9.34287	2	99	9.20634	2	99	8.48659	2	95	0	0	0	0.404935	0.40322	0.407447	0.404936	0.403217	0.407447	0.728953	0.722363	0.73446	0.728956	0.722363	0.734473	1.80017	1.80017	8.75108	
9.42287	2	85	9.24637	2	85	8.525	2	81	0	0	0	0.409932	0.40796	0.412237	0.409933	0.407963	0.41223	0.737941	0.733407	0.743457	0.737943	0.73341	0.743477	1.80015	1.80015	8.76735	
9.49945	2	97	9.28491	2	94	8.56973	2	90	0	0	0	0.414947	0.41267	0.417267	0.414947	0.41267	0.417247	0.746908	0.73945	0.751657	0.746909	0.739457	0.751707	1.80001	1.80001	8.77983	
9.62033	2	116	9.3307	2	105	8.61586	2	101	0	0	0	0.419967	0.417693	0.422397	0.419967	0.417693	0.422403	0.755947	0.750753	0.760893	0.755948	0.750757	0.7609	1.80002	1.80002	8.79451	
9.71689	2	118	9.37693	2	107	8.66298	2	103	0	0	0	0.424932	0.423007	0.426393	0.424932	0.423013	0.4264	0.764952	0.759193	0.769507	0.764953	0.759203	0.769493	1.80017	1.80018	8.80969	
9.88286	2	166	9.41521	2	89	8.7006	2	89	0	0	0	0.429916	0.428097	0.43226	0.429917	0.428097	0.43225	0.773938	0.76854	0.78056	0.773937	0.76855	0.780563	1.80021	1.8002	8.81889	
10.0176	2	161	9.46365	2	106	8.75206	2	102	0	0	0	0.4349	0.432367	0.43767	0.434899	0.43236	0.43766	0.782912	0.777217	0.79087	0.782916	0.777217	0.790873	1.80021	1.80022	8.8381	
10.3712	2	215	9.51507	2	86	8.80658	2	82	0	0	0	0.439918	0.43779	0.441507	0.439919	0.437793	0.441507	0.791922	0.786257	0.7961	0.791922	0.78626	0.79609	1.80016	1.80015	8.85183	
11.0252	2	343	9.57323	2	89	8.86979	2	87	0	0	0	0.444944	0.442847	0.447563	0.444942	0.442837	0.447543	0.800997	0.79611	0.807007	0.800993	0.796087	0.806983	1.80022	1.80022	8.87025	
12.6995	2	527	9.62322	2	136	8.92116	2	132	0	0	0	0.450041	0.448468	0.45154	0.450043	0.44847	0.45155	0.809974	0.804832	0.816327	0.809977	0.804825	0.816355	1.79978	1.79978	8.88451	
20.3717	2	1576	9.6686	2	150	8.96441	2	146	0	0	0	0.455021	0.453636	0.456363	0.455014	0.453641	0.45636	0.818796	0.815573	0.823741	0.818783	0.81558	0.823741	1.79947	1.79947	8.89383	
376.821	2	22284	9.72444	2	115	9.02248	2	111	0	0	0	0.460027	0.458437	0.461367	0.45974	0.450314	0.461367	0.827841	0.8233	0.831289	0.82733	0.810229	0.831287	1.79955	1.79956	8.90978	
