6.58367	1	39	6.58367	1	39	5.77902	1	36	0	0	0	0.00499391	0.00471	0.00536	0.00499396	0	0.0405033	0.00895208	0.00824333	0.00963	0.00895198	0	0.07301	1.7926	1.79256	6.78709	
6.69106	1	44	6.69102	1	44	5.88366	1	44	0	0	0	0.0100062	0.00962333	0.01048	0.0100062	0	0.0807033	0.0180378	0.0172933	0.0192367	0.0180377	0	0.14581	1.80265	1.80265	6.88063	
6.78389	1	64	6.78377	1	64	5.98945	1	60	0	0	0	0.0150311	0.0145233	0.0156967	0.015031	0	0.12143	0.02704	0.0259333	0.0284833	0.0270399	0	0.219003	1.79893	1.79895	6.972	
6.91805	1	51	6.9179	1	51	6.11867	1	51	0	0	0	0.020063	0.0194867	0.0205667	0.020063	0	0.162193	0.0360579	0.0347767	0.0372567	0.0360581	0	0.29118	1.79723	1.79724	7.10354	
7.1155	1	64	7.11516	1	64	6.31551	1	61	0	0	0	0.0250671	0.02449	0.0257333	0.0250667	0	0.20188	0.0451318	0.0439833	0.0464533	0.0451311	0	0.364077	1.80044	1.80044	7.29247	
7.31589	1	72	7.31546	1	72	6.51248	1	72	0	0	0	0.0300682	0.02949	0.0307167	0.0300679	0	0.242557	0.0541228	0.0526633	0.0563	0.0541223	0	0.43723	1.8	1.8	7.48791	
7.558	1	98	7.55734	1	98	6.75202	1	98	0	0	0	0.0350706	0.0342367	0.0362133	0.0350698	0	0.282	0.0631154	0.0612733	0.06533	0.0631143	0	0.509407	1.79966	1.79968	7.72564	
7.84917	1	97	7.84809	1	97	7.04924	1	97	0	0	0	0.0400941	0.0389867	0.0411167	0.0400935	0	0.32267	0.072177	0.0700667	0.0745967	0.0721767	0	0.5828	1.80019	1.80021	8.00876	
8.16834	1	99	8.16699	1	99	7.37496	1	95	0	0	0	0.0450691	0.04441	0.0457233	0.0450685	0	0.362447	0.0810798	0.07946	0.0826367	0.0810786	0	0.653783	1.79901	1.79901	8.32142	
8.52742	1	106	8.52556	1	106	7.72524	1	106	0	0	0	0.050078	0.04917	0.05091	0.0500773	0	0.402503	0.090079	0.0880267	0.09225	0.0900776	0	0.726183	1.79877	1.79877	8.67258	
8.93522	1	111	8.93257	1	111	8.12989	1	111	0	0	0	0.055088	0.0541533	0.0558567	0.0550865	0	0.44312	0.0990448	0.0965533	0.101737	0.0990416	0	0.797197	1.79794	1.79793	9.0716	
9.39649	1	98	9.3929	1	98	8.59957	1	98	0	0	0	0.0600776	0.0585933	0.0612533	0.060076	0	0.483317	0.108018	0.105313	0.110653	0.108015	0	0.869483	1.79797	1.79797	9.5229	
9.94762	1	113	9.94296	1	113	9.13723	1	113	0	0	0	0.0651088	0.0641933	0.06608	0.0651113	0	0.523473	0.117103	0.115033	0.120723	0.117107	0	0.94005	1.79857	1.79856	10.0598	
10.5186	1	128	10.5122	1	128	9.71068	1	126	0	0	0	0.0700993	0.0692433	0.0712167	0.0695094	0	0.557467	0.126046	0.123663	0.128517	0.125	0	1	1.79811	1.79832	10.6182	
11.1948	1	120	11.1864	1	120	10.3933	1	130	0	0	0	0.0750704	0.0737167	0.0760867	0.0695115	0	0.55739	0.134952	0.131797	0.13759	0.125	0	1	1.79767	1.79826	11.2777	
11.9539	1	152	11.9426	1	152	11.1415	1	152	0	0	0	0.0800622	0.0788433	0.08149	0.0695122	0	0.557407	0.143966	0.141463	0.14713	0.125	0	1	1.79817	1.79824	12.016	
12.8377	1	145	12.8224	1	145	12.0448	1	153	0	0	0	0.0850492	0.0838967	0.0865433	0.0695124	0	0.557393	0.152894	0.149913	0.155517	0.125	0	1	1.79771	1.79824	12.8761	
13.8545	1	175	13.8337	1	175	13.0348	1	175	0	0	0	0.0900403	0.0881367	0.0912167	0.0695125	0	0.55739	0.161919	0.158543	0.16451	0.125	0	1	1.7983	1.79824	13.8643	
15.0369	1	153	15.0085	1	153	14.2253	1	153	0	0	0	0.0950421	0.09396	0.0965867	0.0695118	0	0.557387	0.170904	0.16843	0.17513	0.125	0	1	1.79819	1.79826	15.0091	
16.4031	1	203	16.3641	1	203	15.6262	1	203	0	0	0	0.100014	0.0985767	0.101243	0.0695131	0	0.557373	0.179775	0.176603	0.18299	0.125	0	1	1.7975	1.79822	16.3306	
18.0357	1	170	17.9808	1	170	17.2517	1	188	0	0	0	0.105002	0.103807	0.106227	0.069512	0	0.557393	0.188774	0.18556	0.191903	0.125	0	1	1.79782	1.79825	17.9009	
20.1093	1	188	20.0278	1	186	19.285	1	204	0	0	0	0.110025	0.108787	0.111333	0.0695117	0	0.557397	0.197877	0.1946	0.20158	0.125	0	1	1.79847	1.79826	19.8825	
22.6541	1	187	22.5284	1	187	21.8056	1	221	0	0	0	0.115005	0.113727	0.116963	0.0695123	0	0.5574	0.206856	0.20342	0.21087	0.125	0	1	1.79868	1.79824	22.2919	
26.041	1	212	25.8278	1	212	25.1114	1	225	0	0	0	0.119998	0.118613	0.121213	0.0695124	0	0.557403	0.215819	0.211733	0.21892	0.125	0	1	1.79853	1.79824	25.4483	
30.9985	1	492	30.5249	1	220	29.824	1	279	0	0	0	0.124993	0.12335	0.12636	0.069512	0	0.557387	0.224817	0.22087	0.228107	0.125	0	1	1.79863	1.79825	29.8727	
40.6088	1	1794	38.5176	1	239	37.6901	1	298	0	0	0	0.129989	0.128747	0.13121	0.0695122	0	0.557387	0.233857	0.230573	0.237133	0.125	0	1	1.79906	1.79825	37.1601	
355.962	1	15811	56.4049	1	360	55.8901	1	397	0	0	0	0.134996	0.133797	0.136793	0.0695132	0	0.55729	0.242939	0.23918	0.246713	0.125	0	1	1.7996	1.79822	52.3092	
