8.34246	3	28	8.34246	3	28	7.54027	3	24	0	0	0	0.00499391	0.00471	0.00536	0.00499401	0.00471	0.00536	0.00895208	0.00824333	0.00963	0.00895229	0.00824333	0.00963	1.7926	1.79261	8.5456	
8.38434	3	28	8.38432	3	28	7.56599	3	24	0	0	0	0.0100062	0.00962333	0.01048	0.0100061	0.00962333	0.01048	0.0180378	0.0172933	0.0192367	0.0180376	0.0172933	0.0192367	1.80265	1.80266	8.57339	
8.38504	3	28	8.38496	3	28	7.58827	3	26	0	0	0	0.0150311	0.0145233	0.0156967	0.0150311	0.0145233	0.0156967	0.02704	0.0259333	0.0284833	0.0270398	0.0259333	0.0284833	1.79893	1.79893	8.57375	
8.3962	3	30	8.39599	3	30	7.59554	3	26	0	0	0	0.020063	0.0194867	0.0205667	0.0200628	0.0194867	0.0205667	0.0360579	0.0347767	0.0372567	0.0360582	0.0347767	0.0372567	1.79723	1.79727	8.58207	
8.40961	3	30	8.40933	3	30	7.61081	3	26	0	0	0	0.0250671	0.02449	0.0257333	0.0250668	0.0244867	0.0257367	0.0451318	0.0439833	0.0464533	0.0451316	0.0439833	0.0464567	1.80044	1.80045	8.58797	
8.42745	3	30	8.42701	3	30	7.64053	3	26	0	0	0	0.0300682	0.02949	0.0307167	0.0300678	0.02949	0.0307067	0.0541228	0.0526633	0.0563	0.0541219	0.0526633	0.0563	1.8	1.8	8.60152	
8.42121	3	30	8.42059	3	30	7.62379	3	30	0	0	0	0.0350706	0.0342367	0.0362133	0.03507	0.0342333	0.0362133	0.0631154	0.0612733	0.06533	0.0631144	0.0612733	0.06533	1.79966	1.79967	8.59089	
8.43535	3	34	8.43457	3	34	7.63212	3	30	0	0	0	0.0400941	0.0389867	0.0411167	0.0400936	0.0389867	0.04112	0.072177	0.0700667	0.0745967	0.0721766	0.0700667	0.0746	1.80019	1.8002	8.60034	
8.44047	3	33	8.43931	3	33	7.63724	3	29	0	0	0	0.0450691	0.04441	0.0457233	0.0450684	0.0444167	0.0457233	0.0810798	0.07946	0.0826367	0.0810783	0.0794633	0.08265	1.79901	1.79901	8.60098	
8.45188	3	30	8.45045	3	30	7.65598	3	29	0	0	0	0.050078	0.04917	0.05091	0.0500778	0.04916	0.05091	0.090079	0.0880267	0.09225	0.0900781	0.0880167	0.0922467	1.79877	1.79876	8.60847	
8.45873	3	33	8.45696	3	33	7.65649	3	30	0	0	0	0.055088	0.0541533	0.0558567	0.0550873	0.05415	0.0558533	0.0990448	0.0965533	0.101737	0.0990434	0.09655	0.101733	1.79794	1.79793	8.61092	
8.47756	3	31	8.47537	3	31	7.67822	3	30	0	0	0	0.0600776	0.0585933	0.0612533	0.0600772	0.05859	0.0612533	0.108018	0.105313	0.110653	0.108017	0.105297	0.110653	1.79797	1.79797	8.62438	
8.4993	3	37	8.49679	3	37	7.69507	3	37	0	0	0	0.0651088	0.0641933	0.06608	0.0651085	0.0641933	0.0660767	0.117103	0.115033	0.120723	0.117103	0.115037	0.120737	1.79857	1.79858	8.64	
8.49752	3	34	8.49425	3	34	7.70283	3	32	0	0	0	0.0700993	0.0692433	0.0712167	0.0700989	0.0692467	0.0712133	0.126046	0.123663	0.128517	0.126046	0.123673	0.128537	1.79811	1.79812	8.63376	
8.51099	3	32	8.50718	3	32	7.71083	3	30	0	0	0	0.0750704	0.0737167	0.0760867	0.0750704	0.07372	0.07609	0.134952	0.131797	0.13759	0.134952	0.1318	0.13759	1.79767	1.79767	8.64195	
8.52168	3	36	8.51729	3	36	7.71772	3	32	0	0	0	0.0800622	0.0788433	0.08149	0.0800624	0.07884	0.08149	0.143966	0.141463	0.14713	0.143967	0.14147	0.14713	1.79817	1.79818	8.6463	
8.53513	3	34	8.52996	3	34	7.72919	3	32	0	0	0	0.0850492	0.0838967	0.0865433	0.0850489	0.0838967	0.08654	0.152894	0.149913	0.155517	0.152893	0.149897	0.155517	1.79771	1.79771	8.65526	
8.54709	3	36	8.54128	3	36	7.74662	3	36	0	0	0	0.0900403	0.0881367	0.0912167	0.0900401	0.0881367	0.0912133	0.161919	0.158543	0.16451	0.161919	0.158537	0.16451	1.7983	1.7983	8.66028	
8.55004	3	38	8.54353	3	38	7.74508	3	38	0	0	0	0.0950421	0.09396	0.0965867	0.0950425	0.0939533	0.0965867	0.170904	0.16843	0.17513	0.170903	0.168453	0.175127	1.79819	1.79818	8.65878	
8.56786	3	36	8.56021	3	36	7.76602	3	36	0	0	0	0.100014	0.0985767	0.101243	0.100014	0.0985867	0.10124	0.179775	0.176603	0.18299	0.179776	0.176613	0.182983	1.7975	1.79751	8.67092	
8.57872	3	40	8.57	3	40	7.76973	3	40	0	0	0	0.105002	0.103807	0.106227	0.105002	0.103803	0.106237	0.188774	0.18556	0.191903	0.188774	0.18556	0.191893	1.79782	1.79782	8.67332	
8.59876	3	52	8.58897	3	52	7.79035	3	52	0	0	0	0.110025	0.108787	0.111333	0.110025	0.108787	0.111333	0.197877	0.1946	0.20158	0.197878	0.194613	0.201577	1.79847	1.79848	8.68624	
8.61449	3	40	8.60334	3	40	7.80427	3	40	0	0	0	0.115005	0.113727	0.116963	0.115005	0.113727	0.116977	0.206856	0.20342	0.21087	0.206857	0.20342	0.210897	1.79868	1.79868	8.69413	
8.62064	3	59	8.60792	3	59	7.80781	3	55	0	0	0	0.119998	0.118613	0.121213	0.119998	0.118613	0.12121	0.215819	0.211733	0.21892	0.215822	0.211747	0.21893	1.79853	1.79855	8.69451	
8.64192	3	52	8.6277	3	52	7.83056	3	52	0	0	0	0.124993	0.12335	0.12636	0.124993	0.123347	0.12636	0.224817	0.22087	0.228107	0.224818	0.220867	0.22812	1.79863	1.79864	8.70751	
8.65948	3	52	8.64363	3	52	7.84229	3	52	0	0	0	0.129989	0.128747	0.13121	0.129989	0.128743	0.131213	0.233857	0.230573	0.237133	0.233859	0.23057	0.237147	1.79906	1.79906	8.71666	
8.67009	3	53	8.65251	3	53	7.85098	3	53	0	0	0	0.134996	0.133797	0.136793	0.134996	0.1338	0.136793	0.242939	0.23918	0.246713	0.242939	0.239173	0.246713	1.7996	1.79961	8.71932	
8.68511	3	52	8.66559	3	52	7.87042	3	52	0	0	0	0.139994	0.1387	0.142043	0.139994	0.13869	0.142037	0.251935	0.248517	0.255967	0.251935	0.248527	0.255963	1.79962	1.79961	8.72679	
8.70334	3	60	8.68156	3	60	7.87965	3	56	0	0	0	0.14498	0.1435	0.146687	0.14498	0.1435	0.146693	0.260957	0.257767	0.264273	0.260957	0.257777	0.26428	1.79996	1.79996	8.73556	
8.72057	3	47	8.69604	3	44	7.8982	3	44	0	0	0	0.149981	0.14896	0.151417	0.149981	0.148957	0.151413	0.270074	0.265633	0.274083	0.270076	0.265643	0.27409	1.80072	1.80073	8.74393	
8.73927	3	48	8.7113	3	48	7.91398	3	48	0	0	0	0.154962	0.153983	0.15644	0.154963	0.153983	0.15644	0.279055	0.27535	0.282653	0.279056	0.275353	0.282667	1.80079	1.80079	8.75189	
8.75457	3	54	8.72443	3	54	7.92353	3	54	0	0	0	0.159973	0.15789	0.16147	0.159974	0.157887	0.16147	0.288068	0.28388	0.291447	0.288067	0.283873	0.291447	1.80072	1.80072	8.75814	
8.77258	3	60	8.73848	3	60	7.93919	3	56	0	0	0	0.164998	0.16387	0.166513	0.164998	0.163867	0.166507	0.297156	0.29383	0.300683	0.297158	0.293843	0.300687	1.80097	1.80097	8.76422	
8.79063	3	53	8.75403	3	53	7.95713	3	53	0	0	0	0.170008	0.168587	0.171523	0.170008	0.168577	0.171527	0.306168	0.30249	0.30979	0.30617	0.302487	0.309793	1.80091	1.80092	8.77481	
8.81246	3	57	8.77037	3	57	7.9693	3	57	0	0	0	0.175015	0.17378	0.176443	0.175016	0.17378	0.176433	0.315161	0.309647	0.319467	0.315163	0.309673	0.319483	1.80077	1.80076	8.7823	
8.82582	3	58	8.78039	3	58	7.98813	3	58	0	0	0	0.180034	0.178163	0.18141	0.180035	0.178163	0.18141	0.324183	0.32065	0.327567	0.324183	0.320657	0.327573	1.80068	1.80067	8.78596	
8.85228	3	56	8.80109	3	56	7.99963	3	56	0	0	0	0.185041	0.1837	0.186537	0.185043	0.1837	0.18654	0.333238	0.329753	0.336673	0.333243	0.329763	0.336717	1.80089	1.80089	8.79951	
8.87024	3	56	8.81397	3	56	8.01615	3	56	0	0	0	0.190052	0.188987	0.191353	0.190054	0.18899	0.191353	0.342298	0.3384	0.345987	0.342301	0.338403	0.345967	1.80108	1.80108	8.80401	
8.89133	3	62	8.83082	3	61	8.03156	3	61	0	0	0	0.195077	0.19343	0.196657	0.195077	0.193433	0.19667	0.351373	0.34831	0.3549	0.351372	0.348327	0.3549	1.8012	1.80119	8.81236	
8.91061	3	58	8.84275	3	58	8.04428	3	58	0	0	0	0.200077	0.198647	0.202083	0.200077	0.198637	0.202097	0.360248	0.356233	0.365297	0.360249	0.356237	0.36531	1.80055	1.80056	8.81832	
8.93644	3	59	8.8619	3	59	8.06272	3	56	0	0	0	0.20508	0.20363	0.206777	0.20508	0.203637	0.206773	0.369223	0.36587	0.372783	0.369223	0.365867	0.372793	1.80038	1.80039	8.83041	
8.96198	3	66	8.87927	3	66	8.07969	3	66	0	0	0	0.210069	0.208173	0.2115	0.21007	0.208177	0.211497	0.378256	0.37335	0.38255	0.378258	0.373347	0.38255	1.80062	1.80063	8.8365	
8.9863	3	61	8.89658	3	56	8.10076	3	56	0	0	0	0.215034	0.213277	0.21678	0.215034	0.213277	0.216783	0.387101	0.38325	0.39125	0.387101	0.383237	0.391243	1.80019	1.80019	8.84762	
9.01258	3	63	8.91227	3	63	8.11336	3	63	0	0	0	0.220028	0.217783	0.221743	0.220028	0.217777	0.221733	0.396088	0.390813	0.39951	0.396089	0.390807	0.399497	1.80017	1.80018	8.85412	
9.04261	3	69	8.93246	3	69	8.12983	3	69	0	0	0	0.225021	0.222313	0.226663	0.22502	0.22232	0.226667	0.405055	0.399957	0.409987	0.405055	0.399953	0.409993	1.80008	1.80008	8.86466	
9.07193	3	73	8.94929	3	66	8.15257	3	66	0	0	0	0.230021	0.227957	0.231717	0.230021	0.227943	0.231717	0.413976	0.409087	0.41777	0.413975	0.409093	0.417753	1.79973	1.79973	8.87327	
9.11059	3	84	8.97213	3	84	8.17357	3	84	0	0	0	0.235028	0.23363	0.236853	0.235028	0.233627	0.23685	0.423043	0.4198	0.42848	0.423044	0.419807	0.428477	1.79997	1.79998	8.88622	
9.13661	3	71	8.98725	3	56	8.19241	3	56	0	0	0	0.240019	0.238327	0.24225	0.240018	0.238327	0.24224	0.432012	0.427083	0.436387	0.432014	0.427087	0.436373	1.79991	1.79992	8.89215	
9.17768	3	80	9.0054	3	63	8.21127	3	60	0	0	0	0.245024	0.24343	0.246467	0.245024	0.243417	0.246473	0.441096	0.435677	0.446587	0.441097	0.435693	0.446553	1.80021	1.80022	8.89872	
9.2161	3	73	9.02592	3	62	8.22863	3	62	0	0	0	0.250034	0.2484	0.252393	0.250035	0.2484	0.252407	0.450065	0.44537	0.45447	0.450066	0.445363	0.454467	1.80002	1.80002	8.91174	
9.26092	3	82	9.04635	3	82	8.24699	3	82	0	0	0	0.255016	0.252767	0.25653	0.255015	0.25277	0.256523	0.459117	0.455247	0.46585	0.459115	0.455237	0.465853	1.80035	1.80035	8.92192	
9.30611	3	90	9.06916	3	76	8.27123	3	72	0	0	0	0.260024	0.258227	0.261787	0.260024	0.258223	0.26179	0.468142	0.463863	0.473947	0.468144	0.46388	0.473943	1.80038	1.80039	8.9351	
9.3629	3	106	9.0963	3	69	8.29833	3	69	0	0	0	0.265018	0.263463	0.267173	0.265018	0.26346	0.267183	0.477196	0.473417	0.482283	0.477195	0.473413	0.482263	1.80062	1.80062	8.94837	
9.42341	3	110	9.11512	3	88	8.31726	3	84	0	0	0	0.270019	0.268033	0.27192	0.270017	0.268023	0.271927	0.486187	0.48198	0.490517	0.486184	0.481977	0.49053	1.80056	1.80057	8.95702	
9.49612	3	135	9.13111	3	74	8.33525	3	74	0	0	0	0.275021	0.273083	0.27774	0.275021	0.273073	0.277747	0.495153	0.490253	0.501447	0.495154	0.490247	0.501453	1.80042	1.80042	8.96199	
9.56713	3	153	9.16213	3	95	8.36589	3	91	0	0	0	0.280024	0.278493	0.281807	0.280024	0.2785	0.281803	0.504147	0.498907	0.508647	0.504148	0.49892	0.50866	1.80037	1.80038	8.97987	
9.64514	3	121	9.18379	3	79	8.38811	3	79	0	0	0	0.284984	0.283113	0.286417	0.284985	0.28312	0.286417	0.512982	0.508687	0.517117	0.512983	0.508683	0.51713	1.80004	1.80004	8.99078	
9.76257	3	155	9.21626	3	87	8.41878	3	87	0	0	0	0.290004	0.288393	0.29219	0.290004	0.2884	0.2922	0.522023	0.51754	0.527343	0.522025	0.51754	0.527343	1.80006	1.80006	9.00853	
9.88594	3	171	9.23771	3	80	8.43871	3	80	0	0	0	0.295023	0.292727	0.297447	0.295024	0.292727	0.29744	0.531037	0.526157	0.53707	0.531037	0.526127	0.53707	1.79998	1.79998	9.01882	
10.0102	3	149	9.26225	3	85	8.46785	3	85	0	0	0	0.300016	0.298187	0.30217	0.300017	0.29818	0.302187	0.539984	0.534897	0.546377	0.539989	0.534917	0.54638	1.79985	1.79986	9.03061	
10.2399	3	251	9.28368	3	84	8.48617	3	84	0	0	0	0.305011	0.303417	0.306747	0.305011	0.30342	0.306753	0.548951	0.54423	0.55472	0.548954	0.544227	0.55474	1.79978	1.79978	9.04119	
10.5389	3	249	9.3201	3	84	8.52213	3	84	0	0	0	0.310018	0.308087	0.31225	0.310019	0.308083	0.312237	0.558012	0.551307	0.562693	0.558016	0.551297	0.56267	1.79993	1.79994	9.06128	
10.9677	3	281	9.34326	3	85	8.54465	3	85	0	0	0	0.314986	0.31259	0.316787	0.314986	0.312597	0.316783	0.566954	0.561673	0.571847	0.566954	0.5617	0.57183	1.79993	1.79993	9.07012	
11.9247	3	470	9.38209	3	92	8.58046	3	88	0	0	0	0.319995	0.318023	0.322527	0.319999	0.31806	0.32254	0.576011	0.571463	0.580487	0.576023	0.57148	0.58063	1.80006	1.80008	9.09328	
15.1154	3	690	9.40808	3	95	8.60913	3	95	0	0	0	0.325063	0.32277	0.326543	0.325057	0.322775	0.326545	0.585093	0.5793	0.58868	0.585085	0.579313	0.588688	1.79994	1.79994	9.10374	
281.539	3	12861	9.44109	3	88	8.63916	3	88	0	0	0	0.33003	0.328776	0.331266	0.329932	0.326347	0.331264	0.593902	0.59075	0.596189	0.593725	0.587193	0.596184	1.79954	1.79954	9.12243	
