8.22405	2	28	8.22405	2	28	7.41885	2	24	0	0	0	0.00499391	0.00471	0.00536	0.00499401	0.00471	0.00536	0.00895208	0.00824333	0.00963	0.00895229	0.00824333	0.00963	1.7926	1.79261	8.42893	
8.24265	2	28	8.24265	2	28	7.41498	2	26	0	0	0	0.0100062	0.00962333	0.01048	0.0100061	0.00962333	0.01048	0.0180378	0.0172933	0.0192367	0.0180376	0.0172933	0.0192367	1.80265	1.80265	8.43582	
8.22464	2	30	8.22464	2	30	7.43051	2	26	0	0	0	0.0150311	0.0145233	0.0156967	0.0150309	0.0145233	0.0157	0.02704	0.0259333	0.0284833	0.0270397	0.0259333	0.0284833	1.79893	1.79894	8.41856	
8.23838	2	28	8.23838	2	28	7.4425	2	26	0	0	0	0.020063	0.0194867	0.0205667	0.0200631	0.0194867	0.0205667	0.0360579	0.0347767	0.0372567	0.0360585	0.0347767	0.0372567	1.79723	1.79725	8.43179	
8.24213	2	30	8.24213	2	30	7.44692	2	26	0	0	0	0.0250671	0.02449	0.0257333	0.0250668	0.0244867	0.0257367	0.0451318	0.0439833	0.0464533	0.0451318	0.0439833	0.0464567	1.80044	1.80046	8.43027	
8.24532	2	30	8.24532	2	30	7.45839	2	27	0	0	0	0.0300682	0.02949	0.0307167	0.030068	0.0294933	0.0307133	0.0541228	0.0526633	0.0563	0.0541221	0.0526667	0.0563	1.8	1.79999	8.43158	
8.25828	2	30	8.25828	2	30	7.46211	2	30	0	0	0	0.0350706	0.0342367	0.0362133	0.03507	0.0342333	0.0362133	0.0631154	0.0612733	0.06533	0.0631143	0.0612733	0.06533	1.79966	1.79967	8.44232	
8.25653	2	30	8.25653	2	30	7.46122	2	28	0	0	0	0.0400941	0.0389867	0.0411167	0.0400935	0.0389867	0.04112	0.072177	0.0700667	0.0745967	0.0721768	0.0700667	0.0746	1.80019	1.80021	8.4377	
8.25791	2	32	8.25791	2	32	7.46084	2	29	0	0	0	0.0450691	0.04441	0.0457233	0.0450686	0.0444167	0.0457233	0.0810798	0.07946	0.0826367	0.0810788	0.0794633	0.0826567	1.79901	1.79901	8.43786	
8.25735	2	31	8.25735	2	31	7.46209	2	28	0	0	0	0.050078	0.04917	0.05091	0.0500777	0.0491633	0.05091	0.090079	0.0880267	0.09225	0.0900778	0.0880167	0.0922467	1.79877	1.79876	8.43512	
8.26149	2	33	8.26149	2	33	7.46152	2	30	0	0	0	0.055088	0.0541533	0.0558567	0.0550876	0.0541533	0.0558533	0.0990448	0.0965533	0.101737	0.0990437	0.0965533	0.101733	1.79794	1.79793	8.4369	
8.26699	2	34	8.26698	2	34	7.46563	2	30	0	0	0	0.0600776	0.0585933	0.0612533	0.0600772	0.05859	0.0612533	0.108018	0.105313	0.110653	0.108018	0.105297	0.110653	1.79797	1.79798	8.43942	
8.27961	2	34	8.2796	2	34	7.47846	2	30	0	0	0	0.0651088	0.0641933	0.06608	0.0651084	0.0641933	0.0660767	0.117103	0.115033	0.120723	0.117102	0.115037	0.120737	1.79857	1.79858	8.4491	
8.27201	2	34	8.27199	2	34	7.47527	2	30	0	0	0	0.0700993	0.0692433	0.0712167	0.0700991	0.0692467	0.0712133	0.126046	0.123663	0.128517	0.126046	0.123673	0.12853	1.79811	1.79811	8.43847	
8.2825	2	37	8.28248	2	37	7.48577	2	37	0	0	0	0.0750704	0.0737167	0.0760867	0.0750701	0.07372	0.07609	0.134952	0.131797	0.13759	0.134951	0.1318	0.13759	1.79767	1.79767	8.44709	
8.28114	2	34	8.28111	2	34	7.48229	2	32	0	0	0	0.0800622	0.0788433	0.08149	0.0800623	0.07884	0.08149	0.143966	0.141463	0.14713	0.143966	0.14146	0.14713	1.79817	1.79817	8.44227	
8.29125	2	38	8.29122	2	38	7.48494	2	38	0	0	0	0.0850492	0.0838967	0.0865433	0.085049	0.0838933	0.0865467	0.152894	0.149913	0.155517	0.152893	0.149897	0.155517	1.79771	1.79771	8.44988	
8.29794	2	36	8.29789	2	36	7.50221	2	36	0	0	0	0.0900403	0.0881367	0.0912167	0.0900399	0.0881367	0.09121	0.161919	0.158543	0.16451	0.16192	0.158537	0.16451	1.7983	1.79831	8.45167	
8.29598	2	37	8.29593	2	36	7.49841	2	36	0	0	0	0.0950421	0.09396	0.0965867	0.095042	0.0939533	0.0965867	0.170904	0.16843	0.17513	0.170903	0.168453	0.175127	1.79819	1.79819	8.4477	
8.30041	2	36	8.30033	2	36	7.50361	2	36	0	0	0	0.100014	0.0985767	0.101243	0.100014	0.0985833	0.10124	0.179775	0.176603	0.18299	0.179777	0.17661	0.182987	1.7975	1.79752	8.44947	
8.30641	2	40	8.3063	2	40	7.50762	2	40	0	0	0	0.105002	0.103807	0.106227	0.105002	0.10381	0.106237	0.188774	0.18556	0.191903	0.188773	0.185563	0.191893	1.79782	1.79781	8.45202	
8.31317	2	52	8.31304	2	52	7.51946	2	52	0	0	0	0.110025	0.108787	0.111333	0.110025	0.10879	0.111333	0.197877	0.1946	0.20158	0.197878	0.194613	0.201577	1.79847	1.79848	8.45431	
8.31826	2	43	8.31809	2	43	7.51893	2	43	0	0	0	0.115005	0.113727	0.116963	0.115005	0.113727	0.11697	0.206856	0.20342	0.21087	0.206857	0.20342	0.210877	1.79868	1.79868	8.45481	
8.32088	2	56	8.3207	2	56	7.5202	2	56	0	0	0	0.119998	0.118613	0.121213	0.119998	0.118613	0.121213	0.215819	0.211733	0.21892	0.21582	0.211737	0.21892	1.79853	1.79853	8.45448	
8.32725	2	44	8.32701	2	44	7.53061	2	44	0	0	0	0.124993	0.12335	0.12636	0.124993	0.123347	0.12636	0.224817	0.22087	0.228107	0.224817	0.220867	0.22812	1.79863	1.79863	8.4563	
8.33583	2	52	8.33554	2	52	7.53681	2	52	0	0	0	0.129989	0.128747	0.13121	0.129989	0.128747	0.131213	0.233857	0.230573	0.237133	0.233859	0.23057	0.23714	1.79906	1.79907	8.46112	
8.33735	2	48	8.33694	2	45	7.53648	2	45	0	0	0	0.134996	0.133797	0.136793	0.134996	0.133797	0.136793	0.242939	0.23918	0.246713	0.242939	0.23917	0.246713	1.7996	1.7996	8.4574	
8.34582	2	56	8.34527	2	56	7.55219	2	52	0	0	0	0.139994	0.1387	0.142043	0.139993	0.138683	0.142037	0.251935	0.248517	0.255967	0.251934	0.248533	0.255963	1.79962	1.79961	8.46228	
8.35458	2	61	8.35404	2	61	7.55223	2	57	0	0	0	0.14498	0.1435	0.146687	0.144979	0.1435	0.146697	0.260957	0.257767	0.264273	0.260956	0.257777	0.264283	1.79996	1.79995	8.46713	
8.36454	2	48	8.36389	2	48	7.5673	2	48	0	0	0	0.149981	0.14896	0.151417	0.149982	0.148957	0.151417	0.270074	0.265633	0.274083	0.270075	0.265637	0.274077	1.80072	1.80072	8.47084	
8.37228	2	53	8.37134	2	53	7.56823	2	53	0	0	0	0.154962	0.153983	0.15644	0.154963	0.15398	0.15644	0.279055	0.27535	0.282653	0.279056	0.27535	0.282667	1.80079	1.80079	8.47487	
8.37671	2	52	8.37557	2	52	7.57614	2	52	0	0	0	0.159973	0.15789	0.16147	0.159974	0.157887	0.16147	0.288068	0.28388	0.291447	0.288066	0.283873	0.291443	1.80072	1.80071	8.47296	
8.38738	2	52	8.38606	2	52	7.58237	2	52	0	0	0	0.164998	0.16387	0.166513	0.164998	0.163863	0.166507	0.297156	0.29383	0.300683	0.297157	0.293863	0.300687	1.80097	1.80097	8.47916	
8.39776	2	54	8.39642	2	54	7.5931	2	54	0	0	0	0.170008	0.168587	0.171523	0.170008	0.168577	0.17152	0.306168	0.30249	0.30979	0.30617	0.30249	0.30979	1.80091	1.80092	8.48534	
8.40298	2	54	8.40088	2	54	7.60371	2	54	0	0	0	0.175015	0.17378	0.176443	0.175016	0.17378	0.176437	0.315161	0.309647	0.319467	0.315162	0.309683	0.319473	1.80077	1.80076	8.48469	
8.40771	2	54	8.40536	2	54	7.61054	2	54	0	0	0	0.180034	0.178163	0.18141	0.180035	0.178163	0.181407	0.324183	0.32065	0.327567	0.324184	0.320657	0.327573	1.80068	1.80067	8.4844	
8.42226	2	60	8.41958	2	60	7.62154	2	60	0	0	0	0.185041	0.1837	0.186537	0.185043	0.183703	0.18654	0.333238	0.329753	0.336673	0.333241	0.329757	0.336683	1.80089	1.80089	8.49308	
8.43016	2	64	8.42703	2	62	7.6284	2	58	0	0	0	0.190052	0.188987	0.191353	0.190053	0.188983	0.191353	0.342298	0.3384	0.345987	0.342301	0.338397	0.345967	1.80108	1.80108	8.49501	
8.44058	2	59	8.43643	2	59	7.63696	2	55	0	0	0	0.195077	0.19343	0.196657	0.195077	0.193433	0.19667	0.351373	0.34831	0.3549	0.351373	0.348327	0.3549	1.8012	1.8012	8.49834	
8.444	2	57	8.43928	2	57	7.63912	2	54	0	0	0	0.200077	0.198647	0.202083	0.200076	0.198637	0.202083	0.360248	0.356233	0.365297	0.360248	0.356237	0.365297	1.80055	1.80055	8.49772	
8.45884	2	57	8.45337	2	57	7.65498	2	55	0	0	0	0.20508	0.20363	0.206777	0.20508	0.203633	0.206773	0.369223	0.36587	0.372783	0.369224	0.365863	0.372793	1.80038	1.80039	8.50619	
8.46964	2	61	8.46214	2	61	7.664	2	57	0	0	0	0.210069	0.208173	0.2115	0.210069	0.208173	0.211497	0.378256	0.37335	0.38255	0.378256	0.373347	0.38255	1.80062	1.80063	8.5075	
8.47857	2	58	8.4704	2	58	7.67333	2	58	0	0	0	0.215034	0.213277	0.21678	0.215034	0.213277	0.216777	0.387101	0.38325	0.39125	0.387102	0.38324	0.391247	1.80019	1.80019	8.51077	
8.48972	2	69	8.48057	2	68	7.68372	2	64	0	0	0	0.220028	0.217783	0.221743	0.220027	0.21778	0.221733	0.396088	0.390813	0.39951	0.396089	0.390807	0.399493	1.80017	1.80018	8.51502	
8.50193	2	83	8.49104	2	83	7.69041	2	83	0	0	0	0.225021	0.222313	0.226663	0.225021	0.22232	0.226667	0.405055	0.399957	0.409987	0.405054	0.39996	0.409997	1.80008	1.80007	8.51817	
8.51985	2	76	8.50624	2	63	7.70993	2	59	0	0	0	0.230021	0.227957	0.231717	0.23002	0.22795	0.231723	0.413976	0.409087	0.41777	0.413975	0.409087	0.417763	1.79973	1.79974	8.52666	
8.53634	2	82	8.52072	2	82	7.72339	2	82	0	0	0	0.235028	0.23363	0.236853	0.235027	0.233627	0.236853	0.423043	0.4198	0.42848	0.423044	0.41981	0.42848	1.79997	1.79998	8.53468	
8.54992	2	87	8.53099	2	86	7.73359	2	82	0	0	0	0.240019	0.238327	0.24225	0.240018	0.238327	0.242237	0.432012	0.427083	0.436387	0.432014	0.427087	0.436377	1.79991	1.79992	8.537	
8.56266	2	77	8.54149	2	67	7.74577	2	67	0	0	0	0.245024	0.24343	0.246467	0.245024	0.243413	0.24647	0.441096	0.435677	0.446587	0.441096	0.435683	0.446553	1.80021	1.80022	8.53989	
8.58399	2	75	8.55717	2	66	7.76179	2	66	0	0	0	0.250034	0.2484	0.252393	0.250034	0.2484	0.252397	0.450065	0.44537	0.45447	0.450065	0.44536	0.454467	1.80002	1.80001	8.54777	
8.60421	2	81	8.57328	2	81	7.77683	2	81	0	0	0	0.255016	0.252767	0.25653	0.255015	0.252773	0.256523	0.459117	0.455247	0.46585	0.459116	0.45524	0.46585	1.80035	1.80035	8.55545	
8.62024	2	82	8.58549	2	78	7.7896	2	78	0	0	0	0.260024	0.258227	0.261787	0.260023	0.258223	0.26179	0.468142	0.463863	0.473947	0.468144	0.463877	0.473943	1.80038	1.80039	8.56164	
8.64507	2	87	8.60257	2	87	7.80578	2	87	0	0	0	0.265018	0.263463	0.267173	0.265018	0.26347	0.267177	0.477196	0.473417	0.482283	0.477195	0.473407	0.482273	1.80062	1.80062	8.56947	
8.66606	2	83	8.62012	2	83	7.82109	2	83	0	0	0	0.270019	0.268033	0.27192	0.270018	0.268027	0.27192	0.486187	0.48198	0.490517	0.486185	0.481973	0.490527	1.80056	1.80057	8.57918	
8.69274	2	134	8.63391	2	70	7.8425	2	68	0	0	0	0.275021	0.273083	0.27774	0.275021	0.273077	0.27775	0.495153	0.490253	0.501447	0.495153	0.490253	0.501457	1.80042	1.80042	8.58339	
8.71364	2	100	8.64749	2	82	7.85194	2	82	0	0	0	0.280024	0.278493	0.281807	0.280024	0.2785	0.281803	0.504147	0.498907	0.508647	0.504148	0.49892	0.50865	1.80037	1.80037	8.58929	
8.74296	2	117	8.66582	2	82	7.86923	2	82	0	0	0	0.284984	0.283113	0.286417	0.284985	0.28312	0.286417	0.512982	0.508687	0.517117	0.512983	0.508687	0.51712	1.80004	1.80004	8.59811	
8.78577	2	124	8.68681	2	102	7.89048	2	102	0	0	0	0.290004	0.288393	0.29219	0.290003	0.2884	0.292193	0.522023	0.51754	0.527343	0.522023	0.51754	0.527363	1.80006	1.80006	8.60835	
8.81741	2	143	8.70535	2	81	7.90875	2	81	0	0	0	0.295023	0.292727	0.297447	0.295023	0.29273	0.29745	0.531037	0.526157	0.53707	0.531036	0.52614	0.537077	1.79998	1.79998	8.61672	
8.86232	2	139	8.72566	2	90	7.93221	2	86	0	0	0	0.300016	0.298187	0.30217	0.300017	0.298183	0.302173	0.539984	0.534897	0.546377	0.539987	0.534913	0.54638	1.79985	1.79986	8.62653	
8.88755	2	128	8.74116	2	73	7.94425	2	73	0	0	0	0.305011	0.303417	0.306747	0.30501	0.30342	0.30675	0.548951	0.54423	0.55472	0.548952	0.544233	0.55473	1.79978	1.79978	8.63315	
8.94742	2	143	8.76573	2	88	7.9652	2	84	0	0	0	0.310018	0.308087	0.31225	0.310018	0.308087	0.31224	0.558012	0.551307	0.562693	0.558016	0.5513	0.56268	1.79993	1.79994	8.64615	
9.00969	2	143	8.79061	2	88	7.99492	2	84	0	0	0	0.314986	0.31259	0.316787	0.314985	0.312597	0.31678	0.566954	0.561673	0.571847	0.566953	0.5617	0.571833	1.79993	1.79993	8.65794	
9.07658	2	149	8.81693	2	118	8.0152	2	118	0	0	0	0.319995	0.318023	0.322527	0.319996	0.31802	0.322537	0.576011	0.571463	0.580487	0.576015	0.571477	0.580517	1.80006	1.80007	8.67318	
9.16696	2	195	8.8374	2	89	8.04164	2	89	0	0	0	0.325005	0.32234	0.327087	0.325005	0.322353	0.327083	0.58503	0.57918	0.589687	0.58503	0.579197	0.589697	1.80006	1.80006	8.68079	
9.2389	2	178	8.86407	2	94	8.06816	2	90	0	0	0	0.329995	0.327633	0.33163	0.329995	0.327627	0.331627	0.594009	0.59063	0.5987	0.594009	0.590627	0.598707	1.80006	1.80005	8.69498	
9.37863	2	272	8.88833	2	94	8.09073	2	94	0	0	0	0.334995	0.333063	0.33667	0.334995	0.33307	0.336667	0.602957	0.599197	0.607163	0.602957	0.599203	0.60717	1.79989	1.7999	8.70502	
9.50058	2	247	8.91779	2	92	8.11624	2	92	0	0	0	0.340001	0.33833	0.342227	0.340002	0.338333	0.34223	0.611983	0.607157	0.61927	0.611984	0.607157	0.61927	1.79994	1.79995	8.72157	
9.709	2	330	8.94764	2	94	8.14742	2	94	0	0	0	0.344977	0.342573	0.347463	0.344979	0.342567	0.34747	0.620963	0.61545	0.626817	0.620967	0.61548	0.626787	1.80001	1.80001	8.73616	
9.94199	2	318	8.97624	2	102	8.17739	2	98	0	0	0	0.349964	0.348607	0.351533	0.349965	0.34861	0.351547	0.629929	0.622623	0.634953	0.629924	0.622613	0.63492	1.79998	1.79997	8.75124	
10.1773	2	320	9.00237	2	99	8.201	2	99	0	0	0	0.354962	0.353397	0.35679	0.354961	0.353407	0.35679	0.638926	0.634163	0.645653	0.638925	0.634173	0.645643	1.79999	1.79998	8.76381	
10.9881	2	461	9.03854	2	99	8.23992	2	99	0	0	0	0.359946	0.357967	0.36165	0.359944	0.357967	0.361647	0.647918	0.643797	0.651623	0.647914	0.643763	0.651627	1.80004	1.80004	8.77892	
12.0972	2	761	9.07465	2	114	8.27104	2	114	0	0	0	0.364962	0.362823	0.366807	0.36495	0.362833	0.366823	0.656911	0.649707	0.663153	0.656893	0.649723	0.663167	1.79995	1.79995	8.79985	
16.7973	2	1740	9.1134	2	97	8.3089	2	97	0	0	0	0.37002	0.368446	0.37106	0.370014	0.368446	0.371061	0.665775	0.662861	0.669591	0.665765	0.662836	0.669593	1.79929	1.79929	8.81828	
59.0486	2	4322	9.14721	2	106	8.34073	2	106	0	0	0	0.375019	0.373704	0.3763	0.375016	0.3737	0.37645	0.674784	0.671496	0.67808	0.674783	0.671496	0.678079	1.79933	1.79934	8.83541	
643.934	2	32597	9.17226	2	107	8.36296	2	107	0	0	0	0.380016	0.379039	0.381191	0.379648	0.367774	0.38119	0.683785	0.679784	0.687144	0.683126	0.661107	0.687144	1.79936	1.79937	8.84587	
