6.12213	1	38	6.12213	1	38	5.33592	1	36	0	0	0	0.00499391	0.00471	0.00536	0.00499396	0	0.08047	0.00895208	0.00824333	0.00963	0.0089524	0	0.14487	1.7926	1.79265	6.31983	
6.39435	1	54	6.39429	1	54	5.58497	1	54	0	0	0	0.0100062	0.00962333	0.01048	0.010006	0	0.160497	0.0180378	0.0172933	0.0192367	0.0180374	0	0.29003	1.80265	1.80266	6.57124	
6.77998	1	74	6.77984	1	74	5.97994	1	74	0	0	0	0.0150311	0.0145233	0.0156967	0.015031	0	0.242397	0.02704	0.0259333	0.0284833	0.0270398	0	0.434877	1.79893	1.79894	6.94785	
7.28294	1	129	7.28245	1	129	6.49691	1	125	0	0	0	0.020063	0.0194867	0.0205667	0.0200629	0	0.322763	0.0360579	0.0347767	0.0372567	0.0360577	0	0.580353	1.79723	1.79724	7.43836	
7.98286	1	100	7.98191	1	100	7.18715	1	100	0	0	0	0.0250671	0.02449	0.0257333	0.0250669	0	0.402533	0.0451318	0.0439833	0.0464533	0.0451318	0	0.7273	1.80044	1.80046	8.11602	
8.85292	1	99	8.85062	1	99	8.04472	1	95	0	0	0	0.0300682	0.02949	0.0307167	0.0300672	0	0.483227	0.0541228	0.0526633	0.0563	0.0541209	0	0.870827	1.8	1.8	8.96357	
9.93852	1	99	9.93401	1	99	9.12492	1	99	0	0	0	0.0350706	0.0342367	0.0362133	0.0347221	0	0.558183	0.0631154	0.0612733	0.06533	0.0625	0	1	1.79966	1.80001	10.0195	
11.3375	1	132	11.3278	1	132	10.5299	1	132	0	0	0	0.0400941	0.0389867	0.0411167	0.0347229	0	0.55816	0.072177	0.0700667	0.0745967	0.0625	0	1	1.80019	1.79996	11.3776	
13.1811	1	138	13.1616	1	138	12.3337	1	138	0	0	0	0.0450691	0.04441	0.0457233	0.0347232	0	0.55816	0.0810798	0.07946	0.0826367	0.0625	0	1	1.79901	1.79995	13.1617	
15.6537	1	140	15.6149	1	140	14.7719	1	154	0	0	0	0.050078	0.04917	0.05091	0.0347231	0	0.55815	0.090079	0.0880267	0.09225	0.0625	0	1	1.79877	1.79995	15.5391	
19.1284	1	185	19.041	1	183	18.2192	1	182	0	0	0	0.055088	0.0541533	0.0558567	0.0347226	0	0.558163	0.0990448	0.0965533	0.101737	0.0625	0	1	1.79794	1.79998	18.8366	
24.9083	1	207	24.6458	1	207	23.9072	1	207	0	0	0	0.0600776	0.0585933	0.0612533	0.0347239	0	0.558173	0.108018	0.105313	0.110653	0.0625	0	1	1.79797	1.79992	24.1707	
39.8479	1	796	37.0594	1	228	36.1044	1	245	0	0	0	0.0651088	0.0641933	0.06608	0.0347231	0	0.55817	0.117103	0.115033	0.120723	0.0625	0	1	1.79857	1.79996	35.5333	
20610.6	1	412299	56.5881	1	394	55.421	1	400	0	0	0	0.0700993	0.0692433	0.0712167	0.0347102	0	0.55769	0.126046	0.123663	0.128517	0.0625	0	1	1.79811	1.80062	51.4273	
