6.71231	1	26	6.71228	1	26	5.92405	1	24	0	0	0	0.00499391	0.00471	0.00536	0.00499396	0.00470333	0.00528333	0.00895208	0.00824333	0.00963	0.0089524	0.00825	0.00979	1.7926	1.79265	6.9158	
6.73749	1	37	6.73738	1	37	5.93875	1	35	0	0	0	0.0100062	0.00962333	0.01048	0.0100061	0.00947333	0.0105233	0.0180378	0.0172933	0.0192367	0.0180376	0.01706	0.0190833	1.80265	1.80266	6.92802	
6.75818	1	42	6.75805	1	42	5.9689	1	40	0	0	0	0.0150311	0.0145233	0.0156967	0.015031	0.0144667	0.0156933	0.02704	0.0259333	0.0284833	0.02704	0.02496	0.0285367	1.79893	1.79894	6.9483	
6.775	1	41	6.77475	1	41	5.98266	1	38	0	0	0	0.020063	0.0194867	0.0205667	0.0200629	0.0194767	0.0207	0.0360579	0.0347767	0.0372567	0.0360581	0.0339367	0.0374867	1.79723	1.79725	6.96341	
6.79882	1	44	6.79846	1	44	5.99454	1	41	0	0	0	0.0250671	0.02449	0.0257333	0.0250667	0.0244167	0.02571	0.0451318	0.0439833	0.0464533	0.0451312	0.0435933	0.04701	1.80044	1.80045	6.98018	
6.82289	1	41	6.82239	1	41	6.01642	1	41	0	0	0	0.0300682	0.02949	0.0307167	0.0300681	0.0293267	0.03087	0.0541228	0.0526633	0.0563	0.0541222	0.0526167	0.0564733	1.8	1.79999	7.00072	
6.84594	1	43	6.84524	1	43	6.04817	1	41	0	0	0	0.0350706	0.0342367	0.0362133	0.0350702	0.03431	0.0358933	0.0631154	0.0612733	0.06533	0.0631151	0.0615967	0.06488	1.79966	1.79968	7.02034	
6.86468	1	51	6.8638	1	51	6.06299	1	47	0	0	0	0.0400941	0.0389867	0.0411167	0.0400937	0.0393067	0.0407833	0.072177	0.0700667	0.0745967	0.0721764	0.0700933	0.0740367	1.80019	1.80019	7.03424	
6.88625	1	46	6.88501	1	46	6.08837	1	43	0	0	0	0.0450691	0.04441	0.0457233	0.0450685	0.0441233	0.04579	0.0810798	0.07946	0.0826367	0.0810786	0.0792533	0.0831967	1.79901	1.79901	7.05257	
6.91155	1	49	6.91009	1	49	6.1111	1	49	0	0	0	0.050078	0.04917	0.05091	0.0500771	0.0487267	0.0508767	0.090079	0.0880267	0.09225	0.090078	0.08719	0.0923833	1.79877	1.79878	7.07391	
6.93363	1	50	6.9317	1	50	6.13523	1	46	0	0	0	0.055088	0.0541533	0.0558567	0.0550873	0.0537767	0.0558967	0.0990448	0.0965533	0.101737	0.0990435	0.0960333	0.101443	1.79794	1.79794	7.09216	
6.95759	1	49	6.95523	1	49	6.16158	1	48	0	0	0	0.0600776	0.0585933	0.0612533	0.0600775	0.0590967	0.0612433	0.108018	0.105313	0.110653	0.108017	0.105353	0.110423	1.79797	1.79796	7.11216	
6.98475	1	50	6.98195	1	50	6.19021	1	48	0	0	0	0.0651088	0.0641933	0.06608	0.0651081	0.0640133	0.0660567	0.117103	0.115033	0.120723	0.117102	0.114093	0.119353	1.79857	1.79857	7.13381	
7.00875	1	59	7.00531	1	59	6.21079	1	59	0	0	0	0.0700993	0.0692433	0.0712167	0.0700987	0.06898	0.0712367	0.126046	0.123663	0.128517	0.126045	0.123237	0.128347	1.79811	1.79811	7.15319	
7.03512	1	65	7.03118	1	65	6.23201	1	62	0	0	0	0.0750704	0.0737167	0.0760867	0.0750699	0.07403	0.0762233	0.134952	0.131797	0.13759	0.134952	0.132293	0.137437	1.79767	1.79768	7.17522	
7.06795	1	54	7.06335	1	54	6.2674	1	54	0	0	0	0.0800622	0.0788433	0.08149	0.0800622	0.07891	0.08127	0.143966	0.141463	0.14713	0.143966	0.141007	0.146377	1.79817	1.79818	7.20213	
7.0945	1	64	7.08919	1	64	6.28877	1	60	0	0	0	0.0850492	0.0838967	0.0865433	0.0850492	0.08406	0.08615	0.152894	0.149913	0.155517	0.152893	0.150287	0.15532	1.79771	1.7977	7.2242	
7.12451	1	64	7.11826	1	64	6.31937	1	60	0	0	0	0.0900403	0.0881367	0.0912167	0.0900404	0.0889333	0.0910133	0.161919	0.158543	0.16451	0.16192	0.159527	0.164213	1.7983	1.7983	7.24789	
7.1623	1	59	7.1552	1	56	6.35401	1	56	0	0	0	0.0950421	0.09396	0.0965867	0.0950419	0.0938233	0.09619	0.170904	0.16843	0.17513	0.170902	0.167647	0.17353	1.79819	1.79818	7.28035	
7.18672	1	67	7.17878	1	67	6.38392	1	63	0	0	0	0.100014	0.0985767	0.101243	0.100014	0.0987833	0.10123	0.179775	0.176603	0.18299	0.179776	0.175887	0.18243	1.7975	1.79751	7.2999	
7.22297	1	66	7.21379	1	66	6.41413	1	65	0	0	0	0.105002	0.103807	0.106227	0.105002	0.10361	0.106097	0.188774	0.18556	0.191903	0.188774	0.185313	0.191207	1.79782	1.79781	7.32875	
7.25659	1	68	7.24609	1	68	6.44724	1	64	0	0	0	0.110025	0.108787	0.111333	0.110025	0.109003	0.111057	0.197877	0.1946	0.20158	0.197877	0.194667	0.2004	1.79847	1.79848	7.35577	
7.28763	1	73	7.27609	1	73	6.48087	1	70	0	0	0	0.115005	0.113727	0.116963	0.115005	0.113767	0.115997	0.206856	0.20342	0.21087	0.206858	0.20265	0.209093	1.79868	1.79868	7.38099	
7.32381	1	69	7.3103	1	69	6.51779	1	69	0	0	0	0.119998	0.118613	0.121213	0.119998	0.118713	0.121087	0.215819	0.211733	0.21892	0.215821	0.21236	0.218507	1.79853	1.79853	7.41004	
7.36638	1	75	7.35129	1	75	6.55327	1	75	0	0	0	0.124993	0.12335	0.12636	0.124993	0.123623	0.126163	0.224817	0.22087	0.228107	0.224818	0.221003	0.227697	1.79863	1.79864	7.44511	
7.39363	1	75	7.3774	1	75	6.57821	1	71	0	0	0	0.129989	0.128747	0.13121	0.12999	0.128337	0.131407	0.233857	0.230573	0.237133	0.233859	0.230013	0.236803	1.79906	1.79906	7.46532	
7.43298	1	75	7.41453	1	75	6.61564	1	71	0	0	0	0.134996	0.133797	0.136793	0.134996	0.133163	0.13641	0.242939	0.23918	0.246713	0.242939	0.23858	0.245743	1.7996	1.7996	7.49666	
7.47103	1	76	7.45073	1	76	6.65206	1	76	0	0	0	0.139994	0.1387	0.142043	0.139993	0.138507	0.141273	0.251935	0.248517	0.255967	0.251934	0.2472	0.255127	1.79962	1.79962	7.52755	
7.51012	1	70	7.48698	1	70	6.68978	1	70	0	0	0	0.14498	0.1435	0.146687	0.144979	0.143503	0.146263	0.260957	0.257767	0.264273	0.260957	0.2555	0.26431	1.79996	1.79996	7.557	
7.55789	1	77	7.53215	1	77	6.73615	1	77	0	0	0	0.149981	0.14896	0.151417	0.149981	0.148433	0.151697	0.270074	0.265633	0.274083	0.270075	0.264877	0.273947	1.80072	1.80072	7.59552	
7.5957	1	73	7.56687	1	73	6.76909	1	70	0	0	0	0.154962	0.153983	0.15644	0.154962	0.153443	0.156753	0.279055	0.27535	0.282653	0.279056	0.272983	0.282677	1.80079	1.80081	7.62316	
7.63959	1	73	7.60841	1	73	6.80743	1	73	0	0	0	0.159973	0.15789	0.16147	0.159973	0.15847	0.16185	0.288068	0.28388	0.291447	0.288067	0.282807	0.29241	1.80072	1.80072	7.659	
7.68226	1	97	7.64736	1	97	6.84686	1	93	0	0	0	0.164998	0.16387	0.166513	0.164998	0.163283	0.16688	0.297156	0.29383	0.300683	0.297157	0.2923	0.301613	1.80097	1.80098	7.69079	
7.72294	1	85	7.68553	1	85	6.88455	1	85	0	0	0	0.170008	0.168587	0.171523	0.170008	0.168313	0.171587	0.306168	0.30249	0.30979	0.306171	0.30214	0.310363	1.80091	1.80092	7.72271	
7.76714	1	80	7.72543	1	80	6.92515	1	80	0	0	0	0.175015	0.17378	0.176443	0.175016	0.173323	0.176307	0.315161	0.309647	0.319467	0.315163	0.310637	0.318893	1.80077	1.80076	7.75676	
7.81241	1	80	7.76619	1	80	6.96799	1	76	0	0	0	0.180034	0.178163	0.18141	0.180035	0.178343	0.18137	0.324183	0.32065	0.327567	0.324184	0.31987	0.328877	1.80068	1.80067	7.79081	
7.85954	1	78	7.80904	1	78	7.00855	1	76	0	0	0	0.185041	0.1837	0.186537	0.185043	0.183427	0.1868	0.333238	0.329753	0.336673	0.333241	0.328533	0.338413	1.80089	1.80089	7.82632	
7.91165	1	79	7.85566	1	79	7.0545	1	78	0	0	0	0.190052	0.188987	0.191353	0.190053	0.188587	0.19178	0.342298	0.3384	0.345987	0.342301	0.338323	0.34742	1.80108	1.80108	7.86481	
7.96641	1	87	7.90383	1	87	7.10253	1	87	0	0	0	0.195077	0.19343	0.196657	0.195078	0.19357	0.196867	0.351373	0.34831	0.3549	0.351374	0.347383	0.35724	1.8012	1.80119	7.90511	
8.01227	1	77	7.94384	1	77	7.14521	1	77	0	0	0	0.200077	0.198647	0.202083	0.200078	0.198147	0.202037	0.360248	0.356233	0.365297	0.360251	0.355667	0.366517	1.80055	1.80055	7.93894	
8.06495	1	90	7.99079	1	90	7.19203	1	88	0	0	0	0.20508	0.20363	0.206777	0.20508	0.20308	0.207137	0.369223	0.36587	0.372783	0.369223	0.3646	0.376023	1.80038	1.80038	7.97796	
8.12188	1	82	8.0393	1	82	7.24022	1	82	0	0	0	0.210069	0.208173	0.2115	0.210069	0.208127	0.212347	0.378256	0.37335	0.38255	0.378257	0.37398	0.38596	1.80062	1.80063	8.01733	
8.17687	1	93	8.08745	1	93	7.2851	1	91	0	0	0	0.215034	0.213277	0.21678	0.215033	0.213493	0.21717	0.387101	0.38325	0.39125	0.3871	0.383433	0.394237	1.80019	1.80019	8.05807	
8.22674	1	96	8.12802	1	96	7.33107	1	96	0	0	0	0.220028	0.217783	0.221743	0.220027	0.218263	0.222343	0.396088	0.390813	0.39951	0.396088	0.39209	0.404103	1.80017	1.80018	8.09099	
8.28471	1	98	8.1767	1	98	7.37701	1	98	0	0	0	0.225021	0.222313	0.226663	0.22502	0.223223	0.2273	0.405055	0.399957	0.409987	0.405053	0.40092	0.413153	1.80008	1.80008	8.13091	
8.34661	1	99	8.22974	1	99	7.43123	1	99	0	0	0	0.230021	0.227957	0.231717	0.23002	0.228143	0.23222	0.413976	0.409087	0.41777	0.413975	0.409333	0.42202	1.79973	1.79973	8.17521	
8.41253	1	101	8.28308	1	101	7.47947	1	101	0	0	0	0.235028	0.23363	0.236853	0.235027	0.233303	0.237057	0.423043	0.4198	0.42848	0.423043	0.417567	0.430937	1.79997	1.79998	8.2195	
8.47339	1	100	8.33166	1	100	7.53378	1	100	0	0	0	0.240019	0.238327	0.24225	0.240019	0.238423	0.24215	0.432012	0.427083	0.436387	0.432015	0.426627	0.440067	1.79991	1.79992	8.25787	
8.54479	1	100	8.38659	1	100	7.58738	1	96	0	0	0	0.245024	0.24343	0.246467	0.245024	0.243023	0.24756	0.441096	0.435677	0.446587	0.441097	0.435813	0.450493	1.80021	1.80022	8.30311	
8.61097	1	103	8.4389	1	103	7.64163	1	99	0	0	0	0.250034	0.2484	0.252393	0.250033	0.247707	0.252537	0.450065	0.44537	0.45447	0.450065	0.445253	0.45908	1.80002	1.80002	8.34662	
8.68646	1	94	8.49523	1	94	7.69149	1	94	0	0	0	0.255016	0.252767	0.25653	0.255015	0.252837	0.25776	0.459117	0.455247	0.46585	0.459117	0.453693	0.467763	1.80035	1.80035	8.391	
8.7588	1	102	8.54869	1	102	7.74643	1	102	0	0	0	0.260024	0.258227	0.261787	0.260024	0.25802	0.262507	0.468142	0.463863	0.473947	0.468142	0.46312	0.477267	1.80038	1.80038	8.43338	
8.84523	1	114	8.61519	1	112	7.81628	1	112	0	0	0	0.265018	0.263463	0.267173	0.265017	0.26284	0.267733	0.477196	0.473417	0.482283	0.477196	0.47303	0.486063	1.80062	1.80062	8.48803	
8.92613	1	107	8.671	1	107	7.86994	1	103	0	0	0	0.270019	0.268033	0.27192	0.270018	0.26798	0.272773	0.486187	0.48198	0.490517	0.486185	0.481487	0.49438	1.80056	1.80057	8.5326	
9.01406	1	102	8.73007	1	102	7.93228	1	102	0	0	0	0.275021	0.273083	0.27774	0.275021	0.273323	0.277627	0.495153	0.490253	0.501447	0.495153	0.490967	0.502953	1.80042	1.80042	8.57869	
9.09974	1	120	8.78722	1	120	7.99013	1	120	0	0	0	0.280024	0.278493	0.281807	0.280026	0.278253	0.28242	0.504147	0.498907	0.508647	0.504153	0.499587	0.511937	1.80037	1.80038	8.62418	
9.18525	1	110	8.84494	1	109	8.04846	1	109	0	0	0	0.284984	0.283113	0.286417	0.284985	0.283203	0.287503	0.512982	0.508687	0.517117	0.512985	0.508437	0.521137	1.80004	1.80004	8.67082	
9.2856	1	109	8.90497	1	109	8.10394	1	105	0	0	0	0.290004	0.288393	0.29219	0.290004	0.28824	0.292603	0.522023	0.51754	0.527343	0.522024	0.51779	0.5296	1.80006	1.80006	8.71795	
9.3887	1	120	8.96897	1	120	8.16987	1	119	0	0	0	0.295023	0.292727	0.297447	0.295022	0.292903	0.297373	0.531037	0.526157	0.53707	0.531035	0.52666	0.538627	1.79998	1.79998	8.76883	
9.51077	1	112	9.0395	1	112	8.24311	1	108	0	0	0	0.300016	0.298187	0.30217	0.300015	0.29791	0.302463	0.539984	0.534897	0.546377	0.539985	0.53508	0.547803	1.79985	1.79986	8.82397	
9.61947	1	118	9.10011	1	118	8.30452	1	114	0	0	0	0.305011	0.303417	0.306747	0.305011	0.302713	0.307613	0.548951	0.54423	0.55472	0.548954	0.544553	0.557867	1.79978	1.79978	8.87058	
9.75132	1	115	9.17245	1	115	8.37443	1	115	0	0	0	0.310018	0.308087	0.31225	0.310018	0.30781	0.312633	0.558012	0.551307	0.562693	0.558014	0.553127	0.56581	1.79993	1.79994	8.92734	
9.88254	1	109	9.23632	1	109	8.44081	1	105	0	0	0	0.314986	0.31259	0.316787	0.314986	0.312747	0.31746	0.566954	0.561673	0.571847	0.566954	0.562193	0.574347	1.79993	1.79993	8.9745	
10.0276	1	114	9.3082	1	113	8.51047	1	113	0	0	0	0.319995	0.318023	0.322527	0.319996	0.31756	0.322547	0.576011	0.571463	0.580487	0.576015	0.570443	0.583397	1.80006	1.80007	9.03149	
10.1919	1	109	9.37816	1	107	8.5811	1	107	0	0	0	0.325005	0.32234	0.327087	0.325006	0.322287	0.327757	0.58503	0.57918	0.589687	0.585031	0.578783	0.592637	1.80006	1.80007	9.08294	
10.3671	1	107	9.45433	1	105	8.6563	1	105	0	0	0	0.329995	0.327633	0.33163	0.329995	0.327483	0.33256	0.594009	0.59063	0.5987	0.59401	0.587663	0.602153	1.80006	1.80006	9.14233	
10.543	1	124	9.52299	1	118	8.72781	1	118	0	0	0	0.334995	0.333063	0.33667	0.334996	0.332723	0.337733	0.602957	0.599197	0.607163	0.602958	0.596793	0.61192	1.79989	1.7999	9.19314	
10.7694	1	133	9.60383	1	129	8.80704	1	129	0	0	0	0.340001	0.33833	0.342227	0.340002	0.33794	0.342513	0.611983	0.607157	0.61927	0.611986	0.605177	0.62065	1.79994	1.79995	9.25264	
10.9973	1	141	9.66783	1	141	8.87466	1	137	0	0	0	0.344977	0.342573	0.347463	0.344977	0.342903	0.347453	0.620963	0.61545	0.626817	0.620962	0.614513	0.628967	1.80001	1.80001	9.29752	
11.2444	1	117	9.75287	1	117	8.9594	1	117	0	0	0	0.349964	0.348607	0.351533	0.349965	0.347747	0.352573	0.629929	0.622623	0.634953	0.629924	0.623597	0.637327	1.79998	1.79997	9.36553	
11.5434	1	137	9.83343	1	136	9.03442	1	136	0	0	0	0.354962	0.353397	0.35679	0.354966	0.352787	0.35748	0.638926	0.634163	0.645653	0.638933	0.632647	0.645683	1.79999	1.79998	9.42328	
11.8705	1	134	9.90801	1	134	9.11251	1	134	0	0	0	0.359946	0.357967	0.36165	0.359945	0.357613	0.362627	0.647918	0.643797	0.651623	0.647915	0.641453	0.65408	1.80004	1.80004	9.47632	
12.2628	1	150	9.99355	1	140	9.19812	1	140	0	0	0	0.364962	0.362823	0.366807	0.364964	0.362547	0.36784	0.656911	0.649707	0.663153	0.656918	0.650747	0.663737	1.79995	1.79995	9.53843	
12.7598	1	176	10.0759	1	134	9.28093	1	134	0	0	0	0.369962	0.367013	0.37188	0.369962	0.36769	0.372757	0.66591	0.660913	0.67044	0.665909	0.65963	0.67178	1.79994	1.79994	9.59474	
13.2728	1	138	10.1728	1	123	9.37688	1	123	0	0	0	0.374958	0.372863	0.376897	0.37496	0.372583	0.377853	0.674943	0.669617	0.680467	0.67495	0.668697	0.68042	1.80005	1.80006	9.6649	
13.9998	1	172	10.2615	1	136	9.46464	1	134	0	0	0	0.379938	0.377803	0.381443	0.379943	0.377433	0.382853	0.68388	0.678997	0.687763	0.68389	0.678133	0.689047	1.79998	1.79998	9.72719	
14.8978	1	193	10.3565	1	133	9.56717	1	132	0	0	0	0.384946	0.382957	0.38665	0.384947	0.382437	0.38815	0.692851	0.6873	0.69774	0.692859	0.686857	0.698183	1.79987	1.79988	9.79215	
15.9229	1	206	10.4436	1	141	9.65119	1	141	0	0	0	0.389928	0.3881	0.392663	0.389934	0.387453	0.39278	0.701841	0.696713	0.707977	0.701851	0.695547	0.70796	1.79992	1.79992	9.84924	
17.3981	1	275	10.5351	1	132	9.74028	1	132	0	0	0	0.394923	0.393063	0.396633	0.394924	0.39236	0.39779	0.71079	0.706627	0.714927	0.71079	0.703677	0.71643	1.79982	1.79982	9.91297	
20.3835	1	538	10.64	1	139	9.85203	1	137	0	0	0	0.399943	0.39808	0.401523	0.399951	0.397667	0.40266	0.719912	0.714797	0.72428	0.719927	0.712243	0.725587	1.80004	1.80004	9.98316	
26.0674	1	757	10.7351	1	141	9.94776	1	141	0	0	0	0.405027	0.40319	0.40697	0.405022	0.40273	0.407587	0.728896	0.72256	0.73335	0.728889	0.723023	0.733313	1.79962	1.79963	10.0447	
137.859	1	3805	10.8298	1	159	10.0374	1	157	0	0	0	0.410006	0.408857	0.411291	0.409946	0.408537	0.411731	0.737814	0.734301	0.741326	0.737703	0.733867	0.741684	1.79952	1.79951	10.1066	
1104.44	1	28990	10.9146	1	168	10.1145	1	168	0	0	0	0.41501	0.413511	0.416373	0.414332	0.412836	0.416089	0.746828	0.743683	0.750869	0.745619	0.741497	0.749634	1.79954	1.79957	10.1624	
