10.5265	1	68	10.5265	1	68	9.74549	1	64	0	0	0	0.00499391	0.00471	0.00536	0.00499396	0.00470333	0.00528333	0.00895208	0.00824333	0.00963	0.00895229	0.00825	0.00979	1.7926	1.79262	10.71	
10.6407	1	74	10.6407	1	74	9.8633	1	70	0	0	0	0.0100062	0.00962333	0.01048	0.0100061	0.00947333	0.0105233	0.0180378	0.0172933	0.0192367	0.0180376	0.01706	0.0190833	1.80265	1.80266	10.7866	
10.7546	1	73	10.7546	1	73	9.97651	1	69	0	0	0	0.0150311	0.0145233	0.0156967	0.0150311	0.0144667	0.0156867	0.02704	0.0259333	0.0284833	0.0270401	0.02496	0.0285367	1.79893	1.79894	10.877	
10.8483	1	79	10.8482	1	79	10.0817	1	75	0	0	0	0.020063	0.0194867	0.0205667	0.0200627	0.0194767	0.0207033	0.0360579	0.0347767	0.0372567	0.0360576	0.03394	0.03749	1.79723	1.79725	10.9441	
11.0303	1	89	11.0301	1	89	10.2646	1	85	0	0	0	0.0250671	0.02449	0.0257333	0.0250666	0.0244167	0.02571	0.0451318	0.0439833	0.0464533	0.0451314	0.0435933	0.04701	1.80044	1.80046	11.0913	
11.1688	1	90	11.1685	1	90	10.4015	1	86	0	0	0	0.0300682	0.02949	0.0307167	0.030068	0.0293267	0.03087	0.0541228	0.0526633	0.0563	0.0541221	0.0526167	0.0564733	1.8	1.79999	11.2005	
11.3035	1	79	11.3029	1	79	10.5659	1	75	0	0	0	0.0350706	0.0342367	0.0362133	0.0350702	0.03431	0.03589	0.0631154	0.0612733	0.06533	0.0631151	0.0615967	0.06488	1.79966	1.79968	11.2996	
11.4609	1	111	11.4602	1	111	10.7136	1	107	0	0	0	0.0400941	0.0389867	0.0411167	0.0400932	0.0393067	0.0407833	0.072177	0.0700667	0.0745967	0.0721755	0.0700933	0.07402	1.80019	1.80019	11.4214	
11.6486	1	115	11.6477	1	115	10.9141	1	111	0	0	0	0.0450691	0.04441	0.0457233	0.0450681	0.04412	0.0457933	0.0810798	0.07946	0.0826367	0.0810779	0.07924	0.0831933	1.79901	1.79901	11.5709	
11.8268	1	116	11.8254	1	116	11.1049	1	112	0	0	0	0.050078	0.04917	0.05091	0.0500774	0.04873	0.0508767	0.090079	0.0880267	0.09225	0.0900776	0.08719	0.0923833	1.79877	1.79877	11.7082	
12.0224	1	108	12.0203	1	108	11.3165	1	104	0	0	0	0.055088	0.0541533	0.0558567	0.0550871	0.0537767	0.0558933	0.0990448	0.0965533	0.101737	0.0990427	0.0960333	0.101427	1.79794	1.79793	11.8621	
12.2114	1	119	12.2087	1	119	11.5308	1	115	0	0	0	0.0600776	0.0585933	0.0612533	0.060077	0.0590967	0.0612433	0.108018	0.105313	0.110653	0.108016	0.105353	0.110423	1.79797	1.79795	12.0021	
12.4588	1	118	12.4548	1	118	11.7855	1	114	0	0	0	0.0651088	0.0641933	0.06608	0.0651084	0.0640133	0.0660567	0.117103	0.115033	0.120723	0.117103	0.1141	0.11936	1.79857	1.79858	12.1967	
12.718	1	118	12.7128	1	118	12.0539	1	114	0	0	0	0.0700993	0.0692433	0.0712167	0.0700985	0.0689767	0.07123	0.126046	0.123663	0.128517	0.126045	0.12324	0.128337	1.79811	1.79811	12.3989	
12.9616	1	130	12.9547	1	130	12.285	1	126	0	0	0	0.0750704	0.0737167	0.0760867	0.0750696	0.07403	0.07623	0.134952	0.131797	0.13759	0.134951	0.132283	0.137443	1.79767	1.79768	12.5841	
13.2513	1	121	13.2421	1	121	12.5853	1	117	0	0	0	0.0800622	0.0788433	0.08149	0.0800623	0.07891	0.0812733	0.143966	0.141463	0.14713	0.143966	0.141007	0.146393	1.79817	1.79817	12.8032	
13.5739	1	147	13.5617	1	147	12.9193	1	143	0	0	0	0.0850492	0.0838967	0.0865433	0.0850496	0.0840567	0.08615	0.152894	0.149913	0.155517	0.152894	0.150287	0.155323	1.79771	1.79771	13.0533	
13.9447	1	119	13.928	1	119	13.286	1	115	0	0	0	0.0900403	0.0881367	0.0912167	0.0900408	0.08893	0.0910067	0.161919	0.158543	0.16451	0.161921	0.159527	0.164213	1.7983	1.7983	13.331	
14.3528	1	137	14.3297	1	137	13.7075	1	133	0	0	0	0.0950421	0.09396	0.0965867	0.0950412	0.09382	0.0961933	0.170904	0.16843	0.17513	0.170902	0.167643	0.17354	1.79819	1.79818	13.6387	
14.7928	1	129	14.7615	1	129	14.1521	1	125	0	0	0	0.100014	0.0985767	0.101243	0.100013	0.09878	0.101233	0.179775	0.176603	0.18299	0.179775	0.175887	0.18241	1.7975	1.79751	13.9653	
15.2996	1	149	15.2568	1	148	14.6631	1	144	0	0	0	0.105002	0.103807	0.106227	0.105003	0.10361	0.106093	0.188774	0.18556	0.191903	0.188776	0.185313	0.191207	1.79782	1.79782	14.3351	
15.9032	1	134	15.8419	1	134	15.2709	1	130	0	0	0	0.110025	0.108787	0.111333	0.110024	0.10901	0.111057	0.197877	0.1946	0.20158	0.197875	0.19467	0.2004	1.79847	1.79847	14.7655	
16.5584	1	180	16.4725	1	180	15.8922	1	176	0	0	0	0.115005	0.113727	0.116963	0.115005	0.113763	0.115993	0.206856	0.20342	0.21087	0.206857	0.202647	0.20909	1.79868	1.79868	15.2153	
17.3628	1	153	17.2355	1	153	16.6861	1	149	0	0	0	0.119998	0.118613	0.121213	0.119998	0.118707	0.12109	0.215819	0.211733	0.21892	0.215819	0.212333	0.218507	1.79853	1.79853	15.7468	
18.3492	1	197	18.1558	1	197	17.6012	1	193	0	0	0	0.124993	0.12335	0.12636	0.124993	0.123623	0.126163	0.224817	0.22087	0.228107	0.224817	0.221017	0.227707	1.79863	1.79864	16.3636	
19.4789	1	162	19.1801	1	162	18.6243	1	158	0	0	0	0.129989	0.128747	0.13121	0.129989	0.12833	0.131413	0.233857	0.230573	0.237133	0.233857	0.230023	0.236797	1.79906	1.79906	16.9987	
20.9471	1	186	20.4523	1	186	19.9051	1	182	0	0	0	0.134996	0.133797	0.136793	0.134996	0.133163	0.136403	0.242939	0.23918	0.246713	0.242938	0.238593	0.245723	1.7996	1.7996	17.7302	
22.7949	1	199	21.9511	1	199	21.4027	1	195	0	0	0	0.139994	0.1387	0.142043	0.139994	0.138493	0.141277	0.251935	0.248517	0.255967	0.251937	0.24721	0.25513	1.79962	1.79962	18.4768	
25.5905	1	216	23.9667	1	214	23.4098	1	214	0	0	0	0.14498	0.1435	0.146687	0.144981	0.143507	0.14627	0.260957	0.257767	0.264273	0.260957	0.25549	0.264337	1.79996	1.79994	19.3091	
30.8515	1	326	26.9256	1	290	26.3594	1	290	0	0	0	0.149981	0.14896	0.151417	0.149975	0.14843	0.151687	0.270074	0.265633	0.274083	0.270065	0.264857	0.273937	1.80072	1.80074	20.2154	
50.1724	1	796	32.1013	1	441	31.5331	1	437	0	0	0	0.15493	0.15379	0.156305	0.154938	0.153532	0.156158	0.278955	0.27651	0.281665	0.27897	0.274755	0.281917	1.80052	1.80053	21.1991	
16254.4	1	125962	38.6535	1	495	37.4499	1	495	0	0	0	0.159958	0.159026	0.160974	0.156314	0.155593	0.157636	0.287983	0.285641	0.290751	0.281417	0.277679	0.28554	1.80037	1.80034	22.0259	
