36.5743	30	60	36.5641	30	60	36.1529	29	58	0.0121607	0	2	0.00499391	0.00468	0.00544667	0.00499385	0.00468	0.00544667	0.00697302	0.00644667	0.00758	0.00697302	0.00644667	0.00758	1.39631	1.39632	8.49209	
36.5743	30	60	36.5641	30	60	36.1529	29	58	0.0121607	0	2	0.00499391	0.00468	0.00544667	0.00499385	0.00468	0.00544667	0.00697302	0.00644667	0.00758	0.00697302	0.00644667	0.00758	1.39631	1.39632	8.49209	
36.8436	30	64	36.821	30	61	36.4134	29	61	0.0240943	0	2	0.0100062	0.00968333	0.0104233	0.0100059	0.00968333	0.0104233	0.014022	0.0136433	0.0148133	0.0140217	0.0136433	0.0148133	1.40133	1.40134	8.49672	
36.8436	30	64	36.821	30	61	36.4134	29	61	0.0240943	0	2	0.0100062	0.00968333	0.0104233	0.0100059	0.00968333	0.0104233	0.014022	0.0136433	0.0148133	0.0140217	0.0136433	0.0148133	1.40133	1.40134	8.49672	
37.1238	30	69	37.0896	30	65	36.67	29	65	0.036906	0	2	0.0150312	0.01457	0.0155233	0.0150307	0.0145667	0.0155233	0.0210357	0.0201767	0.0218233	0.0210351	0.0201767	0.0218233	1.39947	1.39947	8.49761	
37.1238	30	69	37.0896	30	65	36.67	29	65	0.036906	0	2	0.0150312	0.01457	0.0155233	0.0150307	0.0145667	0.0155233	0.0210357	0.0201767	0.0218233	0.0210351	0.0201767	0.0218233	1.39947	1.39947	8.49761	
37.4667	30	84	37.417	30	73	36.9967	29	71	0.0493914	0	2	0.020063	0.0193633	0.0205333	0.020062	0.0193633	0.02054	0.0280604	0.0269	0.0289567	0.0280586	0.0269033	0.0289567	1.39862	1.3986	8.49876	
37.4667	30	84	37.417	30	73	36.9967	29	71	0.0493914	0	2	0.020063	0.0193633	0.0205333	0.020062	0.0193633	0.02054	0.0280604	0.0269	0.0289567	0.0280586	0.0269033	0.0289567	1.39862	1.3986	8.49876	
37.8581	30	78	37.7909	30	78	37.3545	29	78	0.0629872	0	2	0.0250671	0.02442	0.0256633	0.0250664	0.0244133	0.02566	0.0350995	0.0340667	0.0360067	0.0350987	0.03406	0.0360067	1.40022	1.40023	8.49761	
37.8581	30	78	37.7909	30	78	37.3545	29	78	0.0629872	0	2	0.0250671	0.02442	0.0256633	0.0250664	0.0244133	0.02566	0.0350995	0.0340667	0.0360067	0.0350987	0.03406	0.0360067	1.40022	1.40023	8.49761	
38.3449	30	86	38.2588	30	80	37.8116	29	80	0.0752872	0	2	0.0300682	0.0293	0.0306533	0.0300672	0.0292933	0.0306533	0.0420955	0.0409933	0.0430333	0.0420939	0.0409867	0.0430233	1.4	1.39999	8.49781	
38.3449	30	86	38.2588	30	80	37.8116	29	80	0.0752872	0	2	0.0300682	0.0293	0.0306533	0.0300672	0.0292933	0.0306533	0.0420955	0.0409933	0.0430333	0.0420939	0.0409867	0.0430233	1.4	1.39999	8.49781	
38.9568	30	108	38.8427	30	95	38.3897	29	93	0.0879489	0	2	0.0350706	0.0340633	0.0361967	0.0350693	0.0340567	0.03619	0.049093	0.0476033	0.05063	0.0490912	0.0475967	0.0506167	1.39983	1.39983	8.49856	
38.9568	30	108	38.8427	30	95	38.3897	29	93	0.0879489	0	2	0.0350706	0.0340633	0.0361967	0.0350693	0.0340567	0.03619	0.049093	0.0476033	0.05063	0.0490912	0.0475967	0.0506167	1.39983	1.39983	8.49856	
39.8042	30	119	39.651	30	116	39.1795	29	116	0.101003	0	2	0.0400941	0.03938	0.0411133	0.0400928	0.03938	0.04112	0.0561355	0.0550167	0.0575867	0.0561337	0.0550233	0.0576	1.40009	1.40009	8.4998	
39.8042	30	119	39.651	30	116	39.1795	29	116	0.101003	0	2	0.0400941	0.03938	0.0411133	0.0400928	0.03938	0.04112	0.0561355	0.0550167	0.0575867	0.0561337	0.0550233	0.0576	1.40009	1.40009	8.4998	
40.9398	30	216	40.7129	30	144	40.2169	29	140	0.113059	0	2	0.0450691	0.0439233	0.04597	0.0450675	0.04392	0.0459733	0.0630744	0.0614667	0.0645	0.0630721	0.06145	0.0645	1.3995	1.3995	8.4959	
40.9398	30	216	40.7129	30	144	40.2169	29	140	0.113059	0	2	0.0450691	0.0439233	0.04597	0.0450675	0.04392	0.0459733	0.0630744	0.0614667	0.0645	0.0630721	0.06145	0.0645	1.3995	1.3995	8.4959	
42.7372	30	294	42.3363	30	244	41.7858	29	241	0.12565	0	2	0.0500779	0.0485833	0.0513533	0.0500767	0.0485833	0.05134	0.0700783	0.0676567	0.07185	0.070077	0.0676567	0.0718267	1.39939	1.39939	8.49865	
42.7372	30	294	42.3363	30	244	41.7858	29	241	0.12565	0	2	0.0500779	0.0485833	0.0513533	0.0500767	0.0485833	0.05134	0.0700783	0.0676567	0.07185	0.070077	0.0676567	0.0718267	1.39939	1.39939	8.49865	
46.1517	30	429	45.0804	30	268	44.4341	29	268	0.136916	0	2	0.0550882	0.0542033	0.0559333	0.0550863	0.0542067	0.0559233	0.0770666	0.0748267	0.0784033	0.0770636	0.07482	0.0783933	1.39897	1.39896	8.49965	
46.1517	30	429	45.0804	30	268	44.4341	29	268	0.136916	0	2	0.0550882	0.0542033	0.0559333	0.0550863	0.0542067	0.0559233	0.0770666	0.0748267	0.0784033	0.0770636	0.07482	0.0783933	1.39897	1.39896	8.49965	
66.549	30	2032	50.6921	30	512	49.7202	29	512	0.147613	0	2	0.0600188	0.05916	0.061034	0.0600176	0.059158	0.061032	0.0839801	0.08274	0.085304	0.0839786	0.082734	0.085306	1.39923	1.39923	8.49987	
66.549	30	2032	50.6921	30	512	49.7202	29	512	0.147613	0	2	0.0600188	0.05916	0.061034	0.0600176	0.059158	0.061032	0.0839801	0.08274	0.085304	0.0839786	0.082734	0.085306	1.39923	1.39923	8.49987	
18442.5	30	668870	60.9117	30	677	57.53	29	677	0.155535	0	2	0.0638749	0.0390857	0.0655957	0.0638751	0.0390886	0.0656014	0.0893648	0.05452	0.0918743	0.0893645	0.0545214	0.0918729	1.39906	1.39905	8.4884	
18442.5	30	668870	60.9117	30	677	57.53	29	677	0.155535	0	2	0.0638749	0.0390857	0.0655957	0.0638751	0.0390886	0.0656014	0.0893648	0.05452	0.0918743	0.0893645	0.0545214	0.0918729	1.39906	1.39905	8.4884	
