8.29781	2	30	8.29728	2	30	7.49252	2	26	0	0	0	0.00499391	0.00471	0.00536	0.00499401	0.00471	0.00536	0.00895208	0.00824333	0.00963	0.00895229	0.00824333	0.00963	1.7926	1.79261	8.49242	
8.40218	2	30	8.40153	2	30	7.5784	2	27	0	0	0	0.0100062	0.00962333	0.01048	0.0100061	0.00962333	0.01048	0.0180378	0.0172933	0.0192367	0.0180376	0.0172933	0.0192367	1.80265	1.80265	8.57323	
8.45945	2	32	8.45824	2	32	7.67141	2	30	0	0	0	0.0150311	0.0145233	0.0156967	0.0150309	0.0145233	0.0157	0.02704	0.0259333	0.0284833	0.0270397	0.0259333	0.0284833	1.79893	1.79894	8.62099	
8.54802	2	33	8.54633	2	33	7.75976	2	30	0	0	0	0.020063	0.0194867	0.0205667	0.0200632	0.0194867	0.0205667	0.0360579	0.0347767	0.0372567	0.0360585	0.0347767	0.0372567	1.79723	1.79725	8.69725	
8.62856	2	34	8.62622	2	34	7.84152	2	30	0	0	0	0.0250671	0.02449	0.0257333	0.0250668	0.0244867	0.0257367	0.0451318	0.0439833	0.0464533	0.0451318	0.0439833	0.0464567	1.80044	1.80046	8.76136	
8.70969	2	32	8.70642	2	32	7.93068	2	30	0	0	0	0.0300682	0.02949	0.0307167	0.030068	0.0294933	0.0307133	0.0541228	0.0526633	0.0563	0.0541221	0.0526667	0.0563	1.8	1.79999	8.82955	
8.79571	2	34	8.79198	2	34	8.01384	2	30	0	0	0	0.0350706	0.0342367	0.0362133	0.0350699	0.0342333	0.0362133	0.0631154	0.0612733	0.06533	0.0631142	0.0612733	0.06533	1.79966	1.79967	8.90181	
8.86319	2	34	8.85863	2	34	8.08127	2	30	0	0	0	0.0400941	0.0389867	0.0411167	0.0400936	0.0389867	0.04112	0.072177	0.0700667	0.0745967	0.0721767	0.0700667	0.0746	1.80019	1.8002	8.95587	
8.9342	2	34	8.92881	2	34	8.15065	2	30	0	0	0	0.0450691	0.04441	0.0457233	0.0450686	0.0444133	0.0457233	0.0810798	0.07946	0.0826367	0.0810788	0.0794633	0.0826567	1.79901	1.79901	9.01388	
9.0049	2	34	8.99793	2	34	8.22234	2	31	0	0	0	0.050078	0.04917	0.05091	0.0500777	0.0491633	0.05091	0.090079	0.0880267	0.09225	0.0900778	0.0880167	0.0922467	1.79877	1.79876	9.07109	
9.08139	2	34	9.07301	2	34	8.29478	2	33	0	0	0	0.055088	0.0541533	0.0558567	0.0550874	0.0541533	0.0558533	0.0990448	0.0965533	0.101737	0.0990436	0.0965533	0.101733	1.79794	1.79793	9.1331	
9.15054	2	39	9.14124	2	39	8.36486	2	35	0	0	0	0.0600776	0.0585933	0.0612533	0.0600772	0.05859	0.06125	0.108018	0.105313	0.110653	0.108017	0.105297	0.11065	1.79797	1.79798	9.18622	
9.2283	2	39	9.21714	2	34	8.44255	2	32	0	0	0	0.0651088	0.0641933	0.06608	0.0651085	0.0641933	0.0660767	0.117103	0.115033	0.120723	0.117103	0.115037	0.120737	1.79857	1.79858	9.24974	
9.29467	2	39	9.28145	2	35	8.51226	2	34	0	0	0	0.0700993	0.0692433	0.0712167	0.0700992	0.0692467	0.07121	0.126046	0.123663	0.128517	0.126046	0.123673	0.12853	1.79811	1.79811	9.29963	
9.36347	2	40	9.3474	2	34	8.58264	2	34	0	0	0	0.0750704	0.0737167	0.0760867	0.0750701	0.07372	0.07609	0.134952	0.131797	0.13759	0.134951	0.1318	0.13759	1.79767	1.79767	9.35276	
9.42359	2	39	9.40483	2	37	8.63935	2	33	0	0	0	0.0800622	0.0788433	0.08149	0.0800625	0.07884	0.08149	0.143966	0.141463	0.14713	0.143966	0.14146	0.14713	1.79817	1.79818	9.39613	
9.49772	2	40	9.47591	2	40	8.70411	2	36	0	0	0	0.0850492	0.0838967	0.0865433	0.0850494	0.0838933	0.0865467	0.152894	0.149913	0.155517	0.152894	0.149897	0.155517	1.79771	1.7977	9.45511	
9.56737	2	48	9.54256	2	40	8.78374	2	36	0	0	0	0.0900403	0.0881367	0.0912167	0.0900403	0.0881367	0.0912133	0.161919	0.158543	0.16451	0.161921	0.158537	0.164513	1.7983	1.79831	9.5051	
9.62597	2	44	9.59777	2	44	8.83923	2	40	0	0	0	0.0950421	0.09396	0.0965867	0.0950421	0.0939533	0.0965867	0.170904	0.16843	0.17513	0.170903	0.168453	0.175127	1.79819	1.79819	9.54432	
9.68779	2	67	9.65457	2	44	8.89531	2	40	0	0	0	0.100014	0.0985767	0.101243	0.100014	0.0985833	0.101247	0.179775	0.176603	0.18299	0.179777	0.17661	0.183007	1.7975	1.79752	9.5874	
9.75339	2	49	9.71593	2	46	8.9569	2	42	0	0	0	0.105002	0.103807	0.106227	0.105002	0.103807	0.106237	0.188774	0.18556	0.191903	0.188774	0.185563	0.191893	1.79782	1.79781	9.63411	
9.82092	2	54	9.77593	2	43	9.02831	2	39	0	0	0	0.110025	0.108787	0.111333	0.110026	0.10879	0.111333	0.197877	0.1946	0.20158	0.197879	0.194613	0.201577	1.79847	1.79848	9.67925	
9.88778	2	51	9.83764	2	43	9.08153	2	43	0	0	0	0.115005	0.113727	0.116963	0.115005	0.113727	0.11697	0.206856	0.20342	0.21087	0.206857	0.20342	0.210877	1.79868	1.79868	9.72243	
9.94895	2	74	9.89007	2	55	9.13863	2	51	0	0	0	0.119998	0.118613	0.121213	0.119998	0.118613	0.121213	0.215819	0.211733	0.21892	0.215821	0.211737	0.21892	1.79853	1.79853	9.75763	
10.0177	2	64	9.94983	2	47	9.20037	2	47	0	0	0	0.124993	0.12335	0.12636	0.124993	0.123347	0.12636	0.224817	0.22087	0.228107	0.224817	0.220867	0.22812	1.79863	1.79863	9.79948	
10.0836	2	58	10.006	2	52	9.25562	2	48	0	0	0	0.129989	0.128747	0.13121	0.12999	0.128747	0.131213	0.233857	0.230573	0.237133	0.23386	0.230573	0.23714	1.79906	1.79906	9.83869	
10.1503	2	85	10.0616	2	49	9.31143	2	49	0	0	0	0.134996	0.133797	0.136793	0.134996	0.133797	0.136793	0.242939	0.23918	0.246713	0.242939	0.23917	0.246713	1.7996	1.7996	9.87137	
10.2201	2	76	10.1187	2	48	9.3744	2	48	0	0	0	0.139994	0.1387	0.142043	0.139993	0.138683	0.142037	0.251935	0.248517	0.255967	0.251934	0.248527	0.255963	1.79962	1.79961	9.91096	
10.2953	2	67	10.1774	2	56	9.4253	2	52	0	0	0	0.14498	0.1435	0.146687	0.14498	0.143503	0.146697	0.260957	0.257767	0.264273	0.260956	0.257767	0.264283	1.79996	1.79995	9.94774	
10.3731	2	74	10.2376	2	48	9.49616	2	44	0	0	0	0.149981	0.14896	0.151417	0.149982	0.148953	0.151413	0.270074	0.265633	0.274083	0.270076	0.265643	0.274077	1.80072	1.80073	9.98586	
10.4453	2	72	10.2905	2	60	9.5412	2	56	0	0	0	0.154962	0.153983	0.15644	0.154962	0.15398	0.156443	0.279055	0.27535	0.282653	0.279056	0.27535	0.28267	1.80079	1.8008	10.017	
10.5193	2	121	10.3379	2	55	9.5974	2	51	0	0	0	0.159973	0.15789	0.16147	0.159973	0.157883	0.16147	0.288068	0.28388	0.291447	0.288066	0.28387	0.291443	1.80072	1.80071	10.0426	
10.6006	2	87	10.3975	2	55	9.65286	2	51	0	0	0	0.164998	0.16387	0.166513	0.164999	0.163867	0.166503	0.297156	0.29383	0.300683	0.297159	0.293863	0.300687	1.80097	1.80098	10.0791	
10.6876	2	89	10.4514	2	89	9.70347	2	89	0	0	0	0.170008	0.168587	0.171523	0.170008	0.168577	0.17152	0.306168	0.30249	0.30979	0.30617	0.302487	0.309793	1.80091	1.80092	10.1097	
10.7779	2	113	10.5033	2	62	9.7653	2	58	0	0	0	0.175015	0.17378	0.176443	0.175017	0.17378	0.17644	0.315161	0.309647	0.319467	0.315163	0.30969	0.319473	1.80077	1.80076	10.1355	
10.8698	2	127	10.5556	2	56	9.81724	2	56	0	0	0	0.180034	0.178163	0.18141	0.180035	0.178163	0.181407	0.324183	0.32065	0.327567	0.324182	0.320657	0.327573	1.80068	1.80066	10.1603	
10.9631	2	120	10.6054	2	60	9.86944	2	58	0	0	0	0.185041	0.1837	0.186537	0.185043	0.183707	0.18654	0.333238	0.329753	0.336673	0.333241	0.329783	0.336697	1.80089	1.80089	10.188	
11.0924	2	127	10.6627	2	58	9.92395	2	54	0	0	0	0.190052	0.188987	0.191353	0.190054	0.188987	0.191357	0.342298	0.3384	0.345987	0.342302	0.3384	0.34597	1.80108	1.80108	10.2126	
11.212	2	138	10.7173	2	58	9.97569	2	54	0	0	0	0.195077	0.19343	0.196657	0.195077	0.193427	0.196667	0.351373	0.34831	0.3549	0.351371	0.348327	0.35489	1.8012	1.80119	10.2364	
11.3509	2	183	10.7616	2	69	10.0197	2	65	0	0	0	0.200077	0.198647	0.202083	0.200077	0.198637	0.202083	0.360248	0.356233	0.365297	0.36025	0.356237	0.365297	1.80055	1.80056	10.2556	
11.5259	2	208	10.8201	2	59	10.0826	2	59	0	0	0	0.20508	0.20363	0.206777	0.20508	0.20363	0.206773	0.369223	0.36587	0.372783	0.369223	0.365867	0.37279	1.80038	1.80039	10.2791	
11.765	2	242	10.867	2	105	10.1285	2	101	0	0	0	0.210069	0.208173	0.2115	0.210068	0.20817	0.211497	0.378256	0.37335	0.38255	0.378255	0.373347	0.382517	1.80062	1.80063	10.2969	
11.9842	2	260	10.9207	2	64	10.1856	2	64	0	0	0	0.215034	0.213277	0.21678	0.215035	0.213277	0.216777	0.387101	0.38325	0.39125	0.387104	0.383227	0.391243	1.80019	1.80019	10.3141	
12.457	2	450	10.9697	2	68	10.2358	2	64	0	0	0	0.220028	0.217783	0.221743	0.220027	0.21778	0.221737	0.396088	0.390813	0.39951	0.396089	0.390807	0.399493	1.80017	1.80018	10.331	
13.0975	2	667	11.0196	2	71	10.2772	2	67	0	0	0	0.225002	0.22312	0.226745	0.225001	0.223133	0.226745	0.40514	0.400747	0.408995	0.405139	0.400747	0.408995	1.80061	1.80061	10.3476	
526.327	2	58163	11.0434	2	83	10.3015	2	79	0	0	0	0.229947	0.228989	0.231441	0.229662	0.219407	0.231439	0.413981	0.411366	0.4172	0.413463	0.396064	0.417181	1.80033	1.80031	10.3457	
