7.70634	1	31	7.68508	1	31	6.88788	1	28	0	0	0	0.00499391	0.00471	0.00536	0.00499401	0	0.0804733	0.00895208	0.00824333	0.00963	0.00895234	0	0.144873	1.7926	1.79262	7.86767	
7.80476	1	32	7.75853	1	32	6.95047	1	29	0	0	0	0.0100062	0.00962333	0.01048	0.010006	0	0.160497	0.0180378	0.0172933	0.0192367	0.0180374	0	0.29003	1.80265	1.80265	7.8894	
7.92742	1	40	7.85274	1	37	7.07052	1	33	0	0	0	0.0150311	0.0145233	0.0156967	0.015031	0	0.242397	0.02704	0.0259333	0.0284833	0.0270397	0	0.434877	1.79893	1.79893	7.92895	
8.07492	1	40	7.96289	1	40	7.17446	1	36	0	0	0	0.020063	0.0194867	0.0205667	0.0200629	0	0.32277	0.0360579	0.0347767	0.0372567	0.0360582	0	0.58038	1.79723	1.79726	7.96521	
8.28558	1	52	8.12849	1	51	7.35489	1	51	0	0	0	0.0250671	0.02449	0.0257333	0.0250667	0	0.402533	0.0451318	0.0439833	0.0464533	0.0451316	0	0.7273	1.80044	1.80046	8.02112	
8.55223	1	74	8.33765	1	49	7.59205	1	46	0	0	0	0.0300682	0.02949	0.0307167	0.0300674	0	0.48323	0.0541228	0.0526633	0.0563	0.0541213	0	0.870827	1.8	1.79999	8.08842	
8.85503	1	61	8.57018	1	54	7.85392	1	53	0	0	0	0.0350706	0.0342367	0.0362133	0.0347218	0	0.558183	0.0631154	0.0612733	0.06533	0.0625	0	1	1.79966	1.80002	8.13968	
9.31648	1	115	8.929	1	71	8.2445	1	83	0	0	0	0.0400941	0.0389867	0.0411167	0.034723	0	0.55816	0.072177	0.0700667	0.0745967	0.0625	0	1	1.80019	1.79996	8.24678	
9.93108	1	127	9.39463	1	73	8.80404	1	77	0	0	0	0.0450691	0.04441	0.0457233	0.0347233	0	0.558163	0.0810798	0.07946	0.0826367	0.0625	0	1	1.79901	1.79994	8.367	
10.9099	1	175	10.1262	1	113	9.65676	1	118	0	0	0	0.050078	0.04917	0.05091	0.0347235	0	0.558173	0.090079	0.0880267	0.09225	0.0625	0	1	1.79877	1.79993	8.59034	
12.704	1	306	11.3747	1	115	11.0729	1	132	0	0	0	0.055088	0.0541533	0.0558567	0.0347233	0	0.55817	0.0990448	0.0965533	0.101737	0.0625	0	1	1.79794	1.79995	9.00878	
17.5549	1	940	13.7802	1	138	13.7935	1	142	0	0	0	0.0600776	0.0585933	0.0612533	0.034723	0	0.55816	0.108018	0.105313	0.110653	0.0625	0	1	1.79797	1.79996	9.91219	
2034.01	1	114914	20.3156	1	217	20.5444	1	219	0	0	0	0.0651088	0.0641933	0.06608	0.0347261	0	0.558	0.117103	0.115033	0.120723	0.0625	0	1	1.79857	1.7998	12.8218	
