8.30321	2	30	8.30112	2	30	7.49457	2	29	0	0	0	0.00499391	0.00471	0.00536	0.00499401	0.00471	0.00536	0.00895208	0.00824333	0.00963	0.00895229	0.00824333	0.00963	1.7926	1.79261	8.49622	
8.41545	2	30	8.41202	2	30	7.58427	2	30	0	0	0	0.0100062	0.00962333	0.01048	0.0100061	0.00962333	0.01048	0.0180378	0.0172933	0.0192367	0.0180376	0.0172933	0.0192367	1.80265	1.80265	8.58377	
8.47781	2	32	8.47178	2	32	7.67898	2	30	0	0	0	0.0150311	0.0145233	0.0156967	0.0150309	0.0145233	0.0157	0.02704	0.0259333	0.0284833	0.0270397	0.0259333	0.0284833	1.79893	1.79894	8.6345	
8.57178	2	33	8.56354	2	33	7.76948	2	30	0	0	0	0.020063	0.0194867	0.0205667	0.0200632	0.0194867	0.0205667	0.0360579	0.0347767	0.0372567	0.0360585	0.0347767	0.0372567	1.79723	1.79725	8.71458	
8.65991	2	34	8.64933	2	34	7.85372	2	30	0	0	0	0.0250671	0.02449	0.0257333	0.0250668	0.0244867	0.0257367	0.0451318	0.0439833	0.0464533	0.0451318	0.0439833	0.0464567	1.80044	1.80046	8.78443	
8.74747	2	32	8.73383	2	32	7.94547	2	30	0	0	0	0.0300682	0.02949	0.0307167	0.030068	0.0294933	0.0307133	0.0541228	0.0526633	0.0563	0.0541221	0.0526667	0.0563	1.8	1.79999	8.85687	
8.83967	2	39	8.82337	2	39	8.031	2	35	0	0	0	0.0350706	0.0342367	0.0362133	0.0350699	0.0342333	0.0362133	0.0631154	0.0612733	0.06533	0.0631142	0.0612733	0.06533	1.79966	1.79967	8.93317	
8.91317	2	39	8.89422	2	39	8.10045	2	39	0	0	0	0.0400941	0.0389867	0.0411167	0.0400936	0.0389867	0.04112	0.072177	0.0700667	0.0745967	0.0721767	0.0700667	0.0746	1.80019	1.8002	8.99142	
8.99264	2	39	8.97043	2	39	8.17402	2	39	0	0	0	0.0450691	0.04441	0.0457233	0.0450686	0.0444133	0.0457233	0.0810798	0.07946	0.0826367	0.0810788	0.0794633	0.0826567	1.79901	1.79901	9.05533	
9.07139	2	44	9.04446	2	44	8.24783	2	44	0	0	0	0.050078	0.04917	0.05091	0.0500777	0.0491633	0.05091	0.090079	0.0880267	0.09225	0.0900778	0.0880167	0.0922467	1.79877	1.79876	9.11698	
9.1532	2	44	9.12201	2	44	8.32084	2	40	0	0	0	0.055088	0.0541533	0.0558567	0.0550874	0.0541533	0.0558533	0.0990448	0.0965533	0.101737	0.0990436	0.0965533	0.101733	1.79794	1.79793	9.18202	
9.23053	2	46	9.19574	2	46	8.39466	2	46	0	0	0	0.0600776	0.0585933	0.0612533	0.0600772	0.05859	0.06125	0.108018	0.105313	0.110653	0.108017	0.105297	0.11065	1.79797	1.79798	9.24017	
9.31858	2	47	9.27805	2	47	8.47672	2	45	0	0	0	0.0651088	0.0641933	0.06608	0.0651085	0.0641933	0.0660767	0.117103	0.115033	0.120723	0.117103	0.115037	0.120737	1.79857	1.79858	9.30939	
9.39182	2	46	9.34595	2	46	8.54775	2	44	0	0	0	0.0700993	0.0692433	0.0712167	0.0700992	0.0692467	0.07121	0.126046	0.123663	0.128517	0.126046	0.123673	0.12853	1.79811	1.79811	9.36337	
9.47127	2	48	9.41731	2	48	8.62152	2	45	0	0	0	0.0750704	0.0737167	0.0760867	0.0750702	0.07372	0.07609	0.134952	0.131797	0.13759	0.134951	0.1318	0.13759	1.79767	1.79767	9.42123	
9.54125	2	52	9.4806	2	52	8.68188	2	52	0	0	0	0.0800622	0.0788433	0.08149	0.0800623	0.0788367	0.08149	0.143966	0.141463	0.14713	0.143966	0.14146	0.14713	1.79817	1.79818	9.47071	
9.62295	2	51	9.55462	2	51	8.74757	2	51	0	0	0	0.0850492	0.0838967	0.0865433	0.0850494	0.0838933	0.0865467	0.152894	0.149913	0.155517	0.152894	0.149897	0.155517	1.79771	1.7977	9.53212	
9.70188	2	57	9.62537	2	57	8.8299	2	57	0	0	0	0.0900403	0.0881367	0.0912167	0.0900402	0.0881367	0.0912133	0.161919	0.158543	0.16451	0.161921	0.158537	0.164513	1.7983	1.79832	9.58524	
9.77105	2	53	9.6845	2	53	8.8882	2	53	0	0	0	0.0950421	0.09396	0.0965867	0.0950419	0.0939533	0.0965867	0.170904	0.16843	0.17513	0.170903	0.168453	0.175127	1.79819	1.79819	9.62931	
9.84388	2	64	9.74563	2	64	8.94837	2	64	0	0	0	0.100014	0.0985767	0.101243	0.100015	0.0985833	0.101247	0.179775	0.176603	0.18299	0.179778	0.17661	0.183007	1.7975	1.79751	9.67525	
9.92596	2	53	9.81348	2	52	9.01372	2	52	0	0	0	0.105002	0.103807	0.106227	0.105002	0.103807	0.106237	0.188774	0.18556	0.191903	0.188773	0.185563	0.191893	1.79782	1.79781	9.72812	
10.0048	2	60	9.8772	2	55	9.08796	2	55	0	0	0	0.110025	0.108787	0.111333	0.110026	0.10879	0.111333	0.197877	0.1946	0.20158	0.197879	0.194613	0.201577	1.79847	1.79848	9.77476	
10.0842	2	55	9.94305	2	55	9.14332	2	55	0	0	0	0.115005	0.113727	0.116963	0.115005	0.113727	0.11697	0.206856	0.20342	0.21087	0.206857	0.20342	0.210877	1.79868	1.79868	9.82273	
10.1588	2	72	9.9983	2	56	9.20182	2	54	0	0	0	0.119998	0.118613	0.121213	0.119998	0.118613	0.121213	0.215819	0.211733	0.21892	0.215821	0.211737	0.21892	1.79853	1.79853	9.85913	
10.2446	2	68	10.0629	2	68	9.26561	2	64	0	0	0	0.124993	0.12335	0.12636	0.124993	0.123347	0.12636	0.224817	0.22087	0.228107	0.224816	0.220867	0.22812	1.79863	1.79863	9.9051	
10.3323	2	70	10.124	2	62	9.3252	2	62	0	0	0	0.129989	0.128747	0.13121	0.129989	0.128747	0.131213	0.233857	0.230573	0.237133	0.233859	0.230573	0.23714	1.79906	1.79906	9.94923	
10.4152	2	72	10.1834	2	67	9.38415	2	67	0	0	0	0.134996	0.133797	0.136793	0.134996	0.133797	0.136793	0.242939	0.23918	0.246713	0.242939	0.23917	0.246713	1.7996	1.7996	9.98619	
10.5079	2	70	10.2448	2	59	9.44974	2	57	0	0	0	0.139994	0.1387	0.142043	0.139993	0.138683	0.142037	0.251935	0.248517	0.255967	0.251934	0.248527	0.255963	1.79962	1.79962	10.0289	
10.6021	2	96	10.3043	2	96	9.49953	2	96	0	0	0	0.14498	0.1435	0.146687	0.14498	0.143503	0.146697	0.260957	0.257767	0.264273	0.260956	0.257767	0.264283	1.79996	1.79995	10.0677	
10.7091	2	130	10.3703	2	75	9.57493	2	75	0	0	0	0.149981	0.14896	0.151417	0.149982	0.148957	0.151417	0.270074	0.265633	0.274083	0.270076	0.265643	0.274073	1.80072	1.80073	10.1074	
10.8164	2	99	10.4286	2	62	9.62472	2	60	0	0	0	0.154962	0.153983	0.15644	0.154962	0.15398	0.156443	0.279055	0.27535	0.282653	0.279056	0.27535	0.28267	1.80079	1.8008	10.1437	
10.9158	2	120	10.4744	2	62	9.67685	2	62	0	0	0	0.159973	0.15789	0.16147	0.159973	0.157883	0.16147	0.288068	0.28388	0.291447	0.288066	0.28387	0.291443	1.80072	1.80072	10.1706	
11.0398	2	116	10.5396	2	70	9.73713	2	68	0	0	0	0.164998	0.16387	0.166513	0.164998	0.163867	0.16651	0.297156	0.29383	0.300683	0.297158	0.293863	0.300687	1.80097	1.80098	10.2082	
11.171	2	125	10.5934	2	81	9.79168	2	77	0	0	0	0.170008	0.168587	0.171523	0.170007	0.168577	0.17152	0.306168	0.30249	0.30979	0.30617	0.30249	0.309793	1.80091	1.80092	10.2398	
11.3076	2	168	10.6426	2	76	9.84908	2	76	0	0	0	0.175015	0.17378	0.176443	0.175017	0.17378	0.17644	0.315161	0.309647	0.319467	0.315163	0.30969	0.319473	1.80077	1.80076	10.2657	
11.463	2	150	10.698	2	77	9.90034	2	77	0	0	0	0.180034	0.178163	0.18141	0.180035	0.178163	0.181407	0.324183	0.32065	0.327567	0.324183	0.320663	0.327573	1.80068	1.80066	10.294	
11.64	2	175	10.7545	2	76	9.96176	2	76	0	0	0	0.185041	0.1837	0.186537	0.185043	0.183707	0.186543	0.333238	0.329753	0.336673	0.333242	0.329783	0.33669	1.80089	1.80089	10.3246	
11.8918	2	217	10.8117	2	90	10.0146	2	90	0	0	0	0.190052	0.188987	0.191353	0.190053	0.188987	0.191357	0.342298	0.3384	0.345987	0.342301	0.3384	0.34597	1.80108	1.80108	10.3492	
12.1312	2	226	10.8657	2	81	10.0662	2	78	0	0	0	0.195077	0.19343	0.196657	0.195077	0.19343	0.19667	0.351373	0.34831	0.3549	0.35137	0.348327	0.35489	1.8012	1.80119	10.3744	
12.426	2	239	10.911	2	89	10.1101	2	86	0	0	0	0.200077	0.198647	0.202083	0.200076	0.198637	0.202083	0.360248	0.356233	0.365297	0.360249	0.356237	0.365297	1.80055	1.80056	10.3921	
12.8669	2	355	10.9624	2	105	10.1624	2	101	0	0	0	0.20508	0.20363	0.206777	0.205078	0.20363	0.206773	0.369223	0.36587	0.372783	0.369219	0.365863	0.372793	1.80038	1.80038	10.4137	
13.4242	2	362	11.0062	2	77	10.2109	2	77	0	0	0	0.210069	0.208173	0.2115	0.210069	0.2082	0.211493	0.378256	0.37335	0.38255	0.378256	0.373347	0.382507	1.80062	1.80063	10.4328	
14.6475	2	535	11.0546	2	92	10.2592	2	88	0	0	0	0.215034	0.213277	0.21678	0.215036	0.213277	0.216783	0.387101	0.38325	0.39125	0.387106	0.383233	0.391247	1.80019	1.80019	10.4499	
16.889	2	1228	11.0923	2	79	10.2959	2	79	0	0	0	0.220014	0.218435	0.221163	0.220013	0.21843	0.221155	0.39613	0.39251	0.399047	0.396125	0.392508	0.399043	1.80048	1.80047	10.4626	
28.857	2	1951	11.104	2	111	10.3041	2	107	0	0	0	0.225021	0.222313	0.226663	0.225038	0.222333	0.226663	0.405055	0.399957	0.409987	0.405084	0.399997	0.409997	1.80008	1.80007	10.4696	
430.137	2	35720	11.0651	2	82	10.268	2	82	0	0	0	0.229947	0.228989	0.231441	0.229793	0.220177	0.231441	0.413981	0.411366	0.4172	0.4137	0.397451	0.417184	1.80033	1.80031	10.4716	
