35.7419	5	890	33.2287	5	391	32.5199	5	391	0.502802	0	9	0.0900635	0.08878	0.0913133	0.090064	0.08891	0.0913967	0.125996	0.123673	0.127847	0.125996	0.123937	0.128087	1.39897	1.39896	6.25094	
35.7419	5	890	33.2287	5	391	32.5199	5	391	0.502802	0	9	0.0900635	0.08878	0.0913133	0.090064	0.08891	0.0913967	0.125996	0.123673	0.127847	0.125996	0.123937	0.128087	1.39897	1.39896	6.25094	
66.5352	5	2743	41.3773	5	677	40.0759	5	677	0.526976	0	9	0.0950037	0.094162	0.09615	0.0950057	0.094064	0.096082	0.133036	0.131466	0.134698	0.133039	0.131306	0.134802	1.40032	1.40032	6.2506	
66.5352	5	2743	41.3773	5	677	40.0759	5	677	0.526976	0	9	0.0950037	0.094162	0.09615	0.0950057	0.094064	0.096082	0.133036	0.131466	0.134698	0.133039	0.131306	0.134802	1.40032	1.40032	6.2506	
-nan	nan	-nan	-nan	nan	-nan	-nan	nan	-nan	-nan	nan	-nan	0	0	0	0	0	0	0	0	0	0	0	0	-nan	-nan	-nan	
17.734	5	93	16.7651	5	87	16.5023	5	87	0.0835384	0	6	0.00045513	0	0.006005	0.00045513	0	0.00929667	0.000643151	0	0.00600833	0.000643151	0	0.00929667	1.41311	1.41311	4.40133	
24.1335	5	132	22.7266	5	75	21.2793	5	75	0.0644523	0	6	0.000425337	0	0.00549102	0.000424994	0	0.00863074	0.000603668	0	0.005499	0.000603137	0	0.00863074	1.41927	1.41917	6.4027	
18.8173	5	142	16.8354	5	84	15.8102	5	83	0.216294	0	6	0.000490394	0	0.0130938	0.000490207	0	0.0107365	0.00068672	0	0.020517	0.000686471	0	0.0173134	1.40034	1.40037	3.83776	
16.5937	5	98	15.2863	5	59	14.881	5	59	0.135566	0	5	0.000637943	0	0.0113054	0.000637943	0	0.0159062	0.000906094	0	0.0122515	0.000906094	0	0.0170359	1.42034	1.42034	3.7758	
14.78	5	102	13.662	5	102	13.1705	5	102	0.0946126	0	6	0.000610155	0	0.010024	0.000610155	0	0.0135629	0.000855102	0	0.0108822	0.000855102	0	0.0145928	1.40145	1.40145	3.23165	
10.9555	4	74	10.01	4	74	9.56086	4	74	0.0377843	0	3	0.000437469	0	0.00678643	0.000437188	0	0.00883832	0.000612619	0	0.00726148	0.000612338	0	0.00951697	1.40037	1.40063	3.27383	
10.991	4	76	10.0386	4	76	9.58117	4	76	0.0386398	0	3	0.000437469	0	0.00678643	0.000437188	0	0.00883832	0.000612619	0	0.00726148	0.000612338	0	0.00951697	1.40037	1.40063	3.2744	
