9.47141	4	24	9.46881	4	23	9.06894	4	22	0.00558151	0	2	0.00503896	0.00485	0.00525	0.00503896	0.00485	0.00525	0.00703187	0.00660667	0.00721	0.00703187	0.00660667	0.00721	1.3955	1.3955	3.52255	
9.47413	4	23	9.46878	4	23	9.05758	4	21	0.0126337	0	2	0.0100096	0.00977	0.01027	0.0100098	0.00977	0.01027	0.0140242	0.01358	0.0143567	0.0140244	0.01358	0.0143567	1.40107	1.40107	3.50306	
9.51897	4	35	9.51002	4	33	9.0967	4	31	0.0211817	0	3	0.0150385	0.0146433	0.0154067	0.0150385	0.0146433	0.0154067	0.021109	0.0202767	0.0218267	0.021109	0.0202767	0.0218267	1.40366	1.40366	3.50166	
9.56432	4	27	9.5524	4	27	9.14849	4	25	0.0282777	0	3	0.0200394	0.0195433	0.0204933	0.0200394	0.0195433	0.0204933	0.0280073	0.0269967	0.02855	0.0280073	0.0269967	0.0285533	1.39761	1.39761	3.50821	
9.59482	4	29	9.57956	4	28	9.1668	4	28	0.0350924	0	3	0.0249817	0.0245567	0.02545	0.0249815	0.0245567	0.0254467	0.0349079	0.0340833	0.0355867	0.0349077	0.0340833	0.0355867	1.39734	1.39734	3.50165	
9.63553	4	36	9.61711	4	36	9.2147	4	34	0.0427361	0	3	0.0300342	0.02971	0.0305567	0.0300342	0.02971	0.0305533	0.0419717	0.04134	0.04275	0.0419717	0.04134	0.0427467	1.39746	1.39746	3.49885	
9.69593	4	33	9.67544	4	33	9.26092	4	31	0.0505643	0	3	0.0350338	0.0346867	0.0354933	0.0350342	0.0346867	0.0354967	0.0489992	0.0482333	0.0498533	0.0489992	0.0482333	0.0498567	1.39863	1.39861	3.50323	
9.75963	4	37	9.734	4	37	9.32704	4	36	0.0582323	0	3	0.040005	0.0393533	0.0408	0.0400052	0.0393567	0.0407967	0.0560171	0.0545467	0.0570533	0.0560173	0.05455	0.05705	1.40025	1.40025	3.50405	
9.80798	4	46	9.77966	4	46	9.37627	4	44	0.0650894	0	3	0.0449702	0.0445433	0.0453867	0.0449708	0.0445433	0.0453867	0.0630102	0.06189	0.0636467	0.0630113	0.06189	0.0636467	1.40115	1.40116	3.50053	
9.87105	4	38	9.83858	4	36	9.42681	4	36	0.0731263	0	3	0.0499706	0.0494267	0.05086	0.0499713	0.0494267	0.0508633	0.0700073	0.0691033	0.07074	0.0700075	0.0691033	0.07073	1.40097	1.40096	3.49973	
9.93648	4	51	9.90144	4	51	9.48905	4	51	0.0809529	0	3	0.0549625	0.0544767	0.05537	0.0549637	0.0544833	0.0553733	0.0769992	0.0758267	0.07762	0.0770008	0.0758267	0.07762	1.40094	1.40094	3.49875	
10.0225	4	48	9.98246	4	48	9.5689	4	48	0.0885518	0	3	0.0599131	0.0593833	0.06054	0.059914	0.0593833	0.0605433	0.0838985	0.0828033	0.0848167	0.0838998	0.0828033	0.0848167	1.40034	1.40034	3.50119	
10.1057	4	49	10.0626	4	49	9.65374	4	49	0.0961525	0	3	0.0649663	0.0641033	0.0657433	0.0649677	0.0641067	0.06574	0.090945	0.0899233	0.09228	0.0909465	0.0899267	0.09229	1.39988	1.39987	3.50148	
10.2093	4	60	10.1617	4	60	9.75271	4	60	0.102223	0	3	0.0699352	0.0688133	0.0708267	0.0699363	0.0688167	0.0708233	0.0978688	0.0959367	0.0990333	0.0978704	0.0959333	0.0990433	1.39942	1.39942	3.50273	
10.3026	4	71	10.2519	4	71	9.83354	4	71	0.110401	0	3	0.0749275	0.07409	0.0755567	0.0749292	0.07409	0.0755567	0.104831	0.10347	0.105877	0.104835	0.103477	0.105877	1.3991	1.39913	3.49971	
10.4345	4	69	10.3793	4	69	9.96797	4	69	0.117574	0	3	0.0799567	0.0791767	0.0807467	0.0799596	0.0791867	0.0807433	0.111901	0.11087	0.113153	0.111904	0.110873	0.113163	1.39952	1.3995	3.49785	
10.5842	4	81	10.5249	4	80	10.1138	4	78	0.124617	0	3	0.0849583	0.0842567	0.0857267	0.084961	0.0842567	0.0857233	0.118899	0.117837	0.1201	0.118902	0.117837	0.120097	1.3995	1.39949	3.50149	
10.7559	4	108	10.6914	4	108	10.2835	4	108	0.133589	0	3	0.0899773	0.0887867	0.0913067	0.0899787	0.08879	0.0913133	0.125884	0.124387	0.127627	0.125886	0.12439	0.127633	1.39907	1.39906	3.50211	
10.944	4	103	10.8718	4	103	10.4512	4	103	0.140154	0	3	0.0949802	0.0942633	0.0961633	0.0949823	0.09427	0.0961633	0.13287	0.131853	0.13437	0.132873	0.131853	0.13437	1.39892	1.39892	3.50193	
11.1825	4	95	11.1036	4	95	10.6913	4	94	0.146918	0	3	0.0999708	0.09911	0.101287	0.0999727	0.09911	0.101287	0.139856	0.138027	0.142007	0.139859	0.138027	0.141997	1.39897	1.39897	3.50218	
11.5081	4	139	11.4085	4	116	10.9876	4	112	0.154245	0	3	0.105003	0.104593	0.105863	0.105005	0.104597	0.105867	0.146922	0.145873	0.14839	0.146925	0.145873	0.148393	1.39921	1.39922	3.50192	
11.8835	4	164	11.7645	4	134	11.338	4	134	0.161413	0	3	0.110035	0.108773	0.111333	0.110036	0.108777	0.111327	0.154048	0.152027	0.155967	0.15405	0.152037	0.155963	1.39999	1.39999	3.50167	
12.3837	4	201	12.1826	4	152	11.7453	4	152	0.168171	0	3	0.115087	0.1143	0.116433	0.115092	0.114303	0.116433	0.1611	0.16015	0.1638	0.161108	0.160157	0.1638	1.3998	1.39982	3.50064	
13.1154	4	241	12.7988	4	161	12.3342	4	161	0.176101	0	3	0.120107	0.11934	0.121303	0.120108	0.119347	0.121303	0.168151	0.16686	0.169523	0.168153	0.16686	0.16953	1.40001	1.40001	3.50052	
14.1131	4	329	13.495	4	231	12.9918	4	231	0.18203	0	3	0.125099	0.123547	0.125953	0.125101	0.123553	0.12595	0.17515	0.173207	0.177103	0.175152	0.173213	0.177097	1.40009	1.40008	3.50103	
16.2896	4	414	14.7001	4	235	14.1186	4	235	0.188513	0	3	0.130075	0.129387	0.131233	0.130077	0.129387	0.131233	0.182068	0.180443	0.18404	0.182071	0.18046	0.18404	1.39972	1.39971	3.50134	
19.461	4	539	15.9074	4	222	15.2057	4	222	0.195855	0	3	0.135077	0.133933	0.136337	0.135079	0.133943	0.136337	0.189081	0.186773	0.19093	0.189085	0.18679	0.190933	1.3998	1.39981	3.49556	
38.6913	4	1333	17.9626	4	267	17.0474	4	267	0.201445	0	3	0.139961	0.138488	0.141042	0.139959	0.138483	0.141035	0.195942	0.193257	0.198238	0.195941	0.193252	0.19823	1.39998	1.39998	3.50183	
4742.91	4	49030	19.544	4	259	18.493	4	259	0.207023	0	3	-0.0360354	-0.03478	-0.0364912	-0.0360334	-0.0347762	-0.0364925	-0.050409	-0.0489374	-0.0511762	-0.0504074	-0.0489362	-0.0511737	1.39887	1.39891	3.48547	
