9.44263	4	24	9.44003	4	23	9.03268	4	22	0.00471328	0	2	0.00503896	0.00485	0.00525	0.00503896	0.00485	0.00525	0.00703187	0.00660667	0.00721	0.00703187	0.00660667	0.00721	1.3955	1.3955	3.51052	
9.45962	4	23	9.45427	4	23	9.05324	4	21	0.0115722	0	2	0.0100096	0.00977	0.01027	0.0100098	0.00977	0.01027	0.0140242	0.01358	0.0143567	0.0140244	0.01358	0.0143567	1.40107	1.40107	3.49931	
9.50167	4	35	9.49272	4	33	9.07499	4	31	0.0182725	0	2	0.0150385	0.0146433	0.0154067	0.0150385	0.0146433	0.0154067	0.021109	0.0202767	0.0218267	0.021109	0.0202767	0.0218267	1.40366	1.40366	3.50077	
9.54353	4	27	9.53162	4	27	9.12796	4	25	0.0237553	0	2	0.0200394	0.0195433	0.0204933	0.0200394	0.0195433	0.0204933	0.0280073	0.0269967	0.02855	0.0280073	0.0269967	0.0285533	1.39761	1.39761	3.50885	
9.57604	4	29	9.56078	4	28	9.14343	4	28	0.0310561	0	2	0.0249817	0.0245567	0.02545	0.0249815	0.0245567	0.0254467	0.0349079	0.0340833	0.0355867	0.0349077	0.0340833	0.0355867	1.39734	1.39734	3.5051	
9.59968	4	36	9.58126	4	36	9.17603	4	34	0.0367359	0	2	0.0300342	0.02971	0.0305567	0.030034	0.02971	0.0305533	0.0419717	0.04134	0.04275	0.0419715	0.04134	0.0427467	1.39746	1.39747	3.49735	
9.65898	4	33	9.63849	4	33	9.22536	4	31	0.0439576	0	2	0.0350338	0.0346867	0.03549	0.0350342	0.0346867	0.0354933	0.0489992	0.0482333	0.0498533	0.0489992	0.0482333	0.0498567	1.39863	1.39861	3.50567	
9.71938	4	37	9.69374	4	37	9.29145	4	36	0.0506135	0	2	0.040005	0.0393533	0.0408	0.040005	0.0393533	0.0407967	0.0560171	0.0545467	0.0570533	0.0560175	0.0545467	0.05705	1.40025	1.40026	3.50708	
9.75714	4	46	9.72881	4	46	9.32935	4	44	0.0568849	0	2	0.0449702	0.04454	0.0453867	0.0449704	0.04454	0.0453867	0.0630102	0.06188	0.0636467	0.06301	0.06188	0.0636467	1.40115	1.40114	3.50229	
9.81501	4	38	9.78255	4	38	9.37724	4	36	0.0643086	0	2	0.0499706	0.0494167	0.05084	0.0499702	0.0494167	0.05084	0.0700073	0.0690867	0.07075	0.0700065	0.0690867	0.07074	1.40097	1.40096	3.50158	
9.86203	4	51	9.827	4	51	9.41739	4	51	0.0698317	0	2	0.0549625	0.0544767	0.05537	0.054964	0.0544833	0.0553733	0.0769992	0.07582	0.07762	0.0770006	0.07582	0.0776267	1.40094	1.40093	3.49923	
9.93929	4	48	9.89924	4	48	9.48703	4	48	0.0774246	0	2	0.0599131	0.0593933	0.0605367	0.059914	0.0593933	0.06054	0.0838985	0.0828133	0.0848233	0.0838998	0.0828133	0.0848233	1.40034	1.40034	3.50169	
10.0144	4	49	9.97127	4	49	9.56416	4	49	0.0835722	0	2	0.0649663	0.0640933	0.0657733	0.0649675	0.0640933	0.06577	0.090945	0.0898933	0.0922467	0.0909467	0.0898933	0.0922567	1.39988	1.39988	3.50345	
10.1019	4	60	10.0544	4	60	9.64607	4	60	0.0890378	0	2	0.0699352	0.0688167	0.0708167	0.0699356	0.0688167	0.0708133	0.0978688	0.0959367	0.09905	0.0978706	0.0959333	0.09906	1.39942	1.39944	3.50443	
10.1758	4	71	10.1253	4	71	9.70764	4	71	0.095737	0	2	0.0749275	0.0740533	0.0755267	0.0749288	0.0740533	0.0755267	0.104831	0.10347	0.105853	0.104834	0.103477	0.105867	1.3991	1.39912	3.50052	
10.283	4	69	10.2279	4	69	9.81305	4	69	0.102527	0	2	0.0799567	0.0791933	0.08071	0.0799594	0.0792033	0.0807067	0.111901	0.110933	0.113143	0.111903	0.110937	0.113153	1.39952	1.3995	3.4977	
10.4199	4	73	10.3613	4	72	9.95214	4	72	0.108455	0	2	0.0849583	0.0842333	0.0857133	0.0849606	0.0842333	0.08571	0.118899	0.117807	0.120107	0.118901	0.117807	0.120103	1.3995	1.39949	3.50439	
10.5701	4	83	10.5059	4	83	10.0939	4	83	0.115849	0	2	0.0899773	0.0887733	0.0913267	0.0899787	0.0887733	0.0913333	0.125884	0.12436	0.127733	0.125886	0.12436	0.12774	1.39907	1.39906	3.50359	
10.7198	4	103	10.6495	4	103	10.2272	4	103	0.1214	0	2	0.0949802	0.0942233	0.09618	0.0949813	0.0942267	0.09618	0.13287	0.131873	0.1344	0.132871	0.131873	0.1344	1.39892	1.39892	3.50214	
10.9377	4	113	10.8595	4	113	10.4467	4	113	0.127327	0	2	0.0999708	0.0991267	0.101203	0.0999725	0.0991267	0.101203	0.139856	0.138017	0.142167	0.139858	0.138017	0.142157	1.39897	1.39897	3.50356	
11.2135	4	119	11.1181	4	111	10.7001	4	107	0.134208	0	2	0.105003	0.104513	0.1056	0.105006	0.104513	0.105603	0.146922	0.146103	0.14788	0.146926	0.146103	0.147883	1.39921	1.39922	3.50312	
11.5462	4	146	11.4261	4	140	10.9966	4	140	0.139591	0	2	0.110035	0.108763	0.111137	0.110037	0.108767	0.11113	0.154048	0.151977	0.156317	0.15405	0.15198	0.156313	1.39999	1.39999	3.50163	
11.9128	4	165	11.7656	4	152	11.332	4	152	0.145433	0	2	0.115087	0.114427	0.116147	0.115091	0.114427	0.116147	0.1611	0.160093	0.163487	0.161106	0.160087	0.163487	1.3998	1.39981	3.49925	
12.6836	4	240	12.3477	4	194	11.8858	4	194	0.152017	0	2	0.120107	0.119057	0.120673	0.120107	0.119057	0.120677	0.168151	0.16645	0.169203	0.168151	0.166443	0.16921	1.40001	1.40001	3.50181	
13.6283	4	311	12.9887	4	198	12.4897	4	198	0.158198	0	2	0.125099	0.12416	0.125927	0.125099	0.12416	0.125927	0.17515	0.173047	0.176713	0.17515	0.173047	0.176713	1.40009	1.40009	3.49907	
15.2581	4	330	13.9876	4	205	13.4191	4	202	0.163983	0	2	0.130074	0.129113	0.1308	0.130074	0.129117	0.130797	0.182066	0.18036	0.183053	0.182067	0.180357	0.183057	1.39971	1.39972	3.50325	
19.0905	4	848	15.1248	4	230	14.439	4	230	0.168865	0	2	0.13504	0.134318	0.13578	0.135041	0.134318	0.135777	0.188989	0.188248	0.190525	0.188991	0.188248	0.190525	1.39951	1.39951	3.50082	
33.8758	4	1210	17.0165	4	242	16.1358	4	242	0.173739	0	2	0.139978	0.139122	0.140895	0.13998	0.139125	0.140892	0.195909	0.194855	0.197017	0.19591	0.194862	0.197008	1.39957	1.39956	3.50064	
4809.33	4	48712	18.5255	4	317	17.4958	4	317	0.179036	0	2	-0.0359921	-0.0342875	-0.0364387	-0.0359909	-0.0342862	-0.0364375	-0.0503523	-0.0482374	-0.0509149	-0.0503509	-0.0482349	-0.0509112	1.39898	1.39899	3.48173	
