21.2758	5	56	21.2729	5	56	20.8763	5	54	0.0339731	0	4	0.00501776	0.00475	0.00528667	0.00501797	0.00476333	0.00526667	0.00701224	0.00667	0.00742	0.00701276	0.00649667	0.00753	1.39748	1.39753	6.25245	
21.4383	5	59	21.4324	5	59	21.0473	5	58	0.0722103	0	4	0.0100365	0.00971	0.01046	0.0100368	0.00952333	0.01057	0.0140533	0.0134367	0.01478	0.0140539	0.01333	0.0148433	1.40023	1.40023	6.25826	
21.5504	5	60	21.5407	5	60	21.1342	5	60	0.108718	0	5	0.0150792	0.0145967	0.01567	0.0150792	0.0145067	0.0156567	0.0211185	0.02035	0.0221967	0.0211182	0.02018	0.0220767	1.4005	1.40049	6.24727	
21.7173	5	63	21.705	5	63	21.2957	5	61	0.141492	0	6	0.0201019	0.0194267	0.02074	0.0201014	0.0195333	0.0207433	0.0281318	0.0271467	0.0290067	0.0281309	0.0268033	0.0292167	1.39946	1.39945	6.25223	
21.8913	5	68	21.8754	5	66	21.459	5	66	0.175135	0	5	0.0251035	0.0245	0.02567	0.0251032	0.0243333	0.0259633	0.0351196	0.0340667	0.0364733	0.0351194	0.03372	0.0361267	1.39899	1.399	6.25596	
22.0593	5	75	22.0403	5	75	21.603	5	75	0.207161	0	6	0.0301112	0.0293867	0.0307033	0.0301111	0.0292267	0.0307833	0.0421523	0.0412533	0.04328	0.042152	0.0409933	0.0434567	1.39989	1.39988	6.24935	
22.2872	5	78	22.2648	5	78	21.8543	5	76	0.240514	0	6	0.0351089	0.0343633	0.03573	0.0351082	0.0341233	0.03605	0.0491421	0.0477433	0.0502033	0.0491418	0.04798	0.0510567	1.39971	1.39972	6.25403	
22.5108	5	81	22.4848	5	81	22.0651	5	79	0.270596	0	7	0.0401249	0.0391967	0.0409933	0.0401242	0.0393133	0.0410167	0.0561613	0.0547667	0.0576367	0.0561602	0.0551867	0.05765	1.39966	1.39966	6.24977	
22.7735	5	88	22.7435	5	88	22.3302	5	88	0.298418	0	7	0.0451031	0.0443167	0.0460233	0.045103	0.0441633	0.04584	0.0631368	0.0618433	0.06452	0.0631368	0.0619367	0.0642967	1.39983	1.39984	6.24853	
23.0734	5	95	23.0404	5	95	22.6213	5	95	0.325151	0	8	0.0500895	0.0492367	0.05083	0.050088	0.0489933	0.0508567	0.0701337	0.0688567	0.0715367	0.0701316	0.0686133	0.0714133	1.40017	1.40017	6.2491	
23.4367	5	139	23.3986	5	139	22.9753	5	139	0.351106	0	8	0.0550995	0.0540733	0.0561367	0.0550998	0.0539267	0.0558933	0.07713	0.0755667	0.0790633	0.0771305	0.0756667	0.07855	1.39983	1.39983	6.24628	
23.8917	5	127	23.8482	5	127	23.4378	5	127	0.376991	0	8	0.0601065	0.0591967	0.06116	0.0601065	0.05873	0.0608367	0.0841468	0.0824967	0.0855667	0.0841467	0.08203	0.0856433	1.39996	1.39996	6.24644	
24.4325	5	145	24.3823	5	140	23.964	5	140	0.399456	0	8	0.0651192	0.0640233	0.0662167	0.0651189	0.06381	0.06613	0.0911278	0.0894967	0.093	0.0911277	0.08901	0.0929	1.3994	1.3994	6.2494	
25.1643	5	171	25.0986	5	171	24.6852	5	171	0.421533	0	8	0.0701263	0.0690933	0.0712933	0.0701255	0.0689267	0.0710767	0.0981003	0.0965533	0.100133	0.0980994	0.0962733	0.0996867	1.39891	1.39891	6.24875	
26.1315	5	336	26.0265	5	305	25.5993	5	305	0.442062	0	8	0.0751053	0.0741867	0.0764833	0.0751056	0.07365	0.0761367	0.105088	0.103633	0.106563	0.105088	0.10324	0.107067	1.3992	1.3992	6.24876	
27.5771	5	515	27.3631	5	496	26.8976	5	491	0.461155	0	8	0.0800965	0.07917	0.08136	0.0800962	0.0786633	0.0811567	0.112058	0.11024	0.1145	0.112057	0.11025	0.1138	1.39904	1.39903	6.24993	
30.1323	5	390	29.5318	5	388	29.0255	5	388	0.482117	0	9	0.0850851	0.08341	0.0861433	0.0850846	0.0838433	0.0862967	0.119037	0.117303	0.12081	0.119036	0.117	0.120877	1.39903	1.39903	6.25183	
35.7419	5	890	33.2287	5	391	32.5199	5	391	0.502802	0	9	0.0900635	0.08878	0.0913133	0.090064	0.08891	0.0913967	0.125996	0.123673	0.127847	0.125996	0.123937	0.128087	1.39897	1.39896	6.25094	
66.5352	5	2743	41.3773	5	677	40.0759	5	677	0.526976	0	9	0.0950037	0.094162	0.09615	0.0950057	0.094064	0.096082	0.133036	0.131466	0.134698	0.133039	0.131306	0.134802	1.40032	1.40032	6.2506	
