#Booksim_Synfull
- vc out of bound ERROR
  The auther programming fes2_trafficmanager to select packet type according to current subnetwork value.
  If you have only one, then you will get an error in one of the routers. I comment parts of _Generating
  flit function to overcome this.   


-- synfull mapping for 4x4

	for 4x4 we need only one synfull process, hence no complicated mapping is needed. 
	fes2_mapping_0 = {0,0,1,1,2,2,3,3,4,4,5,5,6,6,7,7,8,8,9,9,10,10,11,11,12,12,13,13,14,14,15,15,};


- Synfull mapping for 8x8
[1, 2, 3, 1, 0, 3, 0, 2]
[2, 1, 1, 0, 3, 0, 2, 3]
[3, 1, 1, 2, 0, 2, 0, 3]
[2, 0, 1, 1, 2, 3, 0, 3]
[1, 3, 2, 2, 3, 1, 0, 0]
[2, 2, 0, 0, 1, 3, 3, 1]
[2, 1, 3, 3, 1, 0, 2, 0]
[3, 3, 0, 0, 1, 1, 2, 2]
fes2_mapping_0 = {4,4,6,6,11,11,13,13,20,20,22,22,25,25,30,30,38,38,39,39,42,42,43,43,53,53,55,55,58,58,59,59,};
fes2_mapping_1 = {0,0,3,3,9,9,10,10,17,17,18,18,26,26,27,27,32,32,37,37,44,44,47,47,49,49,52,52,60,60,61,61,};
fes2_mapping_2 = {1,1,7,7,8,8,14,14,19,19,21,21,24,24,28,28,34,34,35,35,40,40,41,41,48,48,54,54,62,62,63,63,};
fes2_mapping_3 = {2,2,5,5,12,12,15,15,16,16,23,23,29,29,31,31,33,33,36,36,45,45,46,46,50,50,51,51,56,56,57,57,};
1 2 3 1 0 3 0 2 
2 1 1 0 3 0 2 3 
3 1 1 2 0 2 0 3 
2 0 1 1 2 3 0 3 
1 3 2 2 3 1 0 0 
2 2 0 0 1 3 3 1 
2 1 3 3 1 0 2 0 
3 3 0 0 1 1 2 2 



--synfull mapping for 16x16
[11, 13, 5, 9, 0, 10, 15, 8, 12, 3, 14, 7, 6, 1, 2, 4]
[4, 10, 13, 11, 14, 1, 12, 9, 2, 8, 5, 15, 6, 7, 0, 3]
[0, 11, 2, 1, 8, 3, 12, 10, 4, 15, 7, 13, 5, 6, 14, 9]
[5, 14, 2, 13, 12, 15, 1, 4, 10, 3, 0, 9, 6, 11, 8, 7]
[8, 11, 7, 3, 6, 13, 15, 5, 1, 0, 14, 9, 4, 10, 12, 2]
[10, 6, 2, 15, 8, 9, 5, 1, 7, 4, 0, 3, 14, 13, 11, 12]
[0, 4, 10, 15, 11, 6, 14, 12, 9, 3, 5, 7, 13, 1, 8, 2]
[3, 6, 11, 5, 2, 12, 10, 14, 4, 0, 7, 9, 15, 13, 1, 8]
[11, 0, 6, 7, 13, 12, 1, 8, 5, 2, 9, 4, 3, 14, 10, 15]
[2, 0, 8, 14, 1, 13, 10, 15, 12, 7, 9, 3, 5, 6, 11, 4]
[10, 6, 9, 0, 4, 5, 7, 3, 1, 11, 2, 15, 14, 13, 12, 8]
[13, 1, 14, 0, 15, 4, 9, 10, 11, 3, 5, 12, 8, 7, 6, 2]
[9, 4, 12, 1, 6, 14, 0, 8, 5, 10, 3, 2, 11, 7, 13, 15]
[4, 1, 5, 2, 8, 9, 11, 13, 3, 15, 12, 10, 6, 14, 0, 7]
[13, 6, 4, 10, 9, 8, 0, 14, 3, 7, 15, 11, 5, 2, 12, 1]
[9, 7, 3, 2, 1, 14, 12, 6, 5, 15, 13, 4, 0, 10, 8, 11]
fes2_mapping_0 = {4,4,30,30,32,32,58,58,73,73,90,90,96,96,121,121,129,129,145,145,163,163,179,179,198,198,222,222,230,230,252,252,};
fes2_mapping_1 = {13,13,21,21,35,35,54,54,72,72,87,87,109,109,126,126,134,134,148,148,168,168,177,177,195,195,209,209,239,239,244,244,};
fes2_mapping_2 = {14,14,24,24,34,34,50,50,79,79,82,82,111,111,116,116,137,137,144,144,170,170,191,191,203,203,211,211,237,237,243,243,};
fes2_mapping_3 = {9,9,31,31,37,37,57,57,67,67,91,91,105,105,112,112,140,140,155,155,167,167,185,185,202,202,216,216,232,232,242,242,};
fes2_mapping_4 = {15,15,16,16,40,40,55,55,76,76,89,89,97,97,120,120,139,139,159,159,164,164,181,181,193,193,208,208,226,226,251,251,};
fes2_mapping_5 = {2,2,26,26,44,44,48,48,71,71,86,86,106,106,115,115,136,136,156,156,165,165,186,186,200,200,210,210,236,236,248,248,};
fes2_mapping_6 = {12,12,28,28,45,45,60,60,68,68,81,81,101,101,113,113,130,130,157,157,161,161,190,190,196,196,220,220,225,225,247,247,};
fes2_mapping_7 = {11,11,29,29,42,42,63,63,66,66,88,88,107,107,122,122,131,131,153,153,166,166,189,189,205,205,223,223,233,233,241,241,};
fes2_mapping_8 = {7,7,25,25,36,36,62,62,64,64,84,84,110,110,127,127,135,135,146,146,175,175,188,188,199,199,212,212,229,229,254,254,};
fes2_mapping_9 = {3,3,23,23,47,47,59,59,75,75,85,85,104,104,123,123,138,138,154,154,162,162,182,182,192,192,213,213,228,228,240,240,};
fes2_mapping_10 = {5,5,17,17,39,39,56,56,77,77,80,80,98,98,118,118,142,142,150,150,160,160,183,183,201,201,219,219,227,227,253,253,};
fes2_mapping_11 = {0,0,19,19,33,33,61,61,65,65,94,94,100,100,114,114,128,128,158,158,169,169,184,184,204,204,214,214,235,235,255,255,};
fes2_mapping_12 = {8,8,22,22,38,38,52,52,78,78,95,95,103,103,117,117,133,133,152,152,174,174,187,187,194,194,218,218,238,238,246,246,};
fes2_mapping_13 = {1,1,18,18,43,43,51,51,69,69,93,93,108,108,125,125,132,132,149,149,173,173,176,176,206,206,215,215,224,224,250,250,};
fes2_mapping_14 = {10,10,20,20,46,46,49,49,74,74,92,92,102,102,119,119,141,141,147,147,172,172,178,178,197,197,221,221,231,231,245,245,};
fes2_mapping_15 = {6,6,27,27,41,41,53,53,70,70,83,83,99,99,124,124,143,143,151,151,171,171,180,180,207,207,217,217,234,234,249,249,};
11 13 5 9 0 10 15 8 12 3 14 7 6 1 2 4 
4 10 13 11 14 1 12 9 2 8 5 15 6 7 0 3 
0 11 2 1 8 3 12 10 4 15 7 13 5 6 14 9 
5 14 2 13 12 15 1 4 10 3 0 9 6 11 8 7 
8 11 7 3 6 13 15 5 1 0 14 9 4 10 12 2 
10 6 2 15 8 9 5 1 7 4 0 3 14 13 11 12 
0 4 10 15 11 6 14 12 9 3 5 7 13 1 8 2 
3 6 11 5 2 12 10 14 4 0 7 9 15 13 1 8 
11 0 6 7 13 12 1 8 5 2 9 4 3 14 10 15 
2 0 8 14 1 13 10 15 12 7 9 3 5 6 11 4 
10 6 9 0 4 5 7 3 1 11 2 15 14 13 12 8 
13 1 14 0 15 4 9 10 11 3 5 12 8 7 6 2 
9 4 12 1 6 14 0 8 5 10 3 2 11 7 13 15 
4 1 5 2 8 9 11 13 3 15 12 10 6 14 0 7 
13 6 4 10 9 8 0 14 3 7 15 11 5 2 12 1 
9 7 3 2 1 14 12 6 5 15 13 4 0 10 8 11 
  
