21.3251	5	57	21.3221	5	57	20.9052	5	57	0.0451625	0	4	0.00501776	0.00475	0.00528667	0.00501786	0.00475	0.00529	0.00701224	0.00667	0.00742	0.0070125	0.00666667	0.00742667	1.39748	1.39751	6.25341	
21.5161	5	79	21.5102	5	79	21.1027	5	79	0.0933259	0	4	0.0100365	0.00971	0.01046	0.0100367	0.00971	0.01046	0.0140533	0.0134367	0.01478	0.0140537	0.0134367	0.01478	1.40023	1.40024	6.24929	
21.7681	5	71	21.7584	5	69	21.3337	5	69	0.137911	0	5	0.0150792	0.0145933	0.01567	0.0150793	0.01459	0.0156733	0.0211185	0.02034	0.0221967	0.0211186	0.0203367	0.0222	1.4005	1.4005	6.25059	
22.0465	5	91	22.0342	5	91	21.6337	5	91	0.180243	0	6	0.0201019	0.0194267	0.02074	0.0201018	0.0194233	0.02074	0.0281318	0.0271467	0.029	0.0281318	0.0271367	0.029	1.39946	1.39947	6.24088	
22.4761	5	98	22.46	5	98	22.0516	5	98	0.221861	0	6	0.0251035	0.0244967	0.0256767	0.0251031	0.0244933	0.0256767	0.0351196	0.03405	0.03649	0.0351191	0.0340533	0.0364833	1.39899	1.399	6.24338	
23.1378	5	142	23.1182	5	142	22.7265	5	142	0.259858	0	6	0.0301112	0.02941	0.03072	0.0301111	0.0294067	0.03072	0.0421523	0.0412967	0.04325	0.0421518	0.0412933	0.04325	1.39989	1.39987	6.24899	
24.1553	5	184	24.1299	5	184	23.7262	5	184	0.297372	0	6	0.035109	0.0344167	0.03571	0.0351084	0.0344133	0.0357067	0.0491422	0.0478033	0.0501767	0.0491423	0.0478	0.0501733	1.39971	1.39973	6.24616	
26.0642	5	425	26.0009	5	376	25.5879	5	376	0.331925	0	6	0.0401249	0.03928	0.0411267	0.0401244	0.0392767	0.0411233	0.0561613	0.05473	0.0574667	0.05616	0.05473	0.05746	1.39966	1.39965	6.24421	
31.4263	5	832	30.5745	5	550	30.0334	5	550	0.365754	0	6	0.0451031	0.0443567	0.0463633	0.0451031	0.04436	0.04637	0.0631368	0.06218	0.0646967	0.0631366	0.0621767	0.06471	1.39983	1.39983	6.24542	
8908.9	5	205875	48.3166	5	1020	42.1479	5	1020	0.399206	0	6	0.0497812	0.041195	0.0512	0.0497825	0.04118	0.0512	0.0696532	0.057295	0.07162	0.0696561	0.05728	0.07162	1.39919	1.39921	6.43456	
