21.2758	5	56	21.2729	5	56	20.8763	5	54	0.0339731	0	4	0.00501776	0.00475	0.00528667	0.00501797	0.00476333	0.00526667	0.00701224	0.00667	0.00742	0.00701276	0.00649667	0.00753	1.39748	1.39753	6.25245	
21.4383	5	59	21.4324	5	59	21.0473	5	58	0.0722103	0	4	0.0100365	0.00971	0.01046	0.0100368	0.00952333	0.01057	0.0140533	0.0134367	0.01478	0.0140539	0.01333	0.0148433	1.40023	1.40023	6.25826	
21.5504	5	60	21.5407	5	60	21.1342	5	60	0.108718	0	5	0.0150792	0.0145967	0.01567	0.0150792	0.0145067	0.0156567	0.0211185	0.02035	0.0221967	0.0211182	0.02018	0.0220767	1.4005	1.40049	6.24727	
21.7173	5	63	21.705	5	63	21.2957	5	61	0.141492	0	6	0.0201019	0.0194267	0.02074	0.0201014	0.0195333	0.0207433	0.0281318	0.0271467	0.0290067	0.0281309	0.0268033	0.0292167	1.39946	1.39945	6.25223	
21.8916	5	68	21.8757	5	66	21.4594	5	66	0.17515	0	5	0.0251035	0.0245	0.02567	0.0251032	0.0243333	0.0259633	0.0351196	0.0340667	0.0364733	0.0351194	0.03372	0.0361267	1.39899	1.399	6.25596	
22.0594	5	75	22.0405	5	75	21.6028	5	75	0.207233	0	6	0.0301112	0.02938	0.0307	0.0301111	0.0292267	0.0307833	0.0421523	0.0412467	0.0432667	0.042152	0.0409933	0.0434567	1.39989	1.39988	6.24936	
22.286	5	78	22.2636	5	78	21.853	5	76	0.240729	0	6	0.0351089	0.03436	0.0357533	0.0351082	0.0341233	0.03605	0.0491421	0.04774	0.0502067	0.0491418	0.04798	0.0510567	1.39971	1.39972	6.25397	
22.5106	5	81	22.4845	5	81	22.0647	5	79	0.270904	0	7	0.0401249	0.0391933	0.0409867	0.0401242	0.0393133	0.0410167	0.0561613	0.0547967	0.05762	0.0561602	0.0551867	0.05765	1.39966	1.39966	6.24967	
22.7742	5	88	22.7441	5	88	22.3309	5	88	0.298655	0	7	0.0451031	0.0443	0.0460633	0.045103	0.0441633	0.04584	0.0631368	0.0618467	0.0644967	0.0631368	0.0619367	0.0642967	1.39983	1.39984	6.24854	
23.0758	5	105	23.0428	5	105	22.6247	5	103	0.325101	0	8	0.0500895	0.0492733	0.0508167	0.050088	0.0489933	0.0508567	0.0701337	0.0688367	0.0715133	0.0701316	0.0686133	0.0714133	1.40017	1.40017	6.24908	
23.4351	5	121	23.3972	5	121	22.9751	5	121	0.35104	0	8	0.0550995	0.0541067	0.0560833	0.0550998	0.0539267	0.0558933	0.07713	0.07562	0.07903	0.0771305	0.0756667	0.07855	1.39983	1.39983	6.24643	
23.8894	5	127	23.8457	5	127	23.4368	5	127	0.377059	0	8	0.0601065	0.0592033	0.0611133	0.0601061	0.05873	0.0608367	0.0841468	0.08255	0.0855333	0.0841464	0.08203	0.0856433	1.39996	1.39996	6.24615	
24.4343	5	127	24.3838	5	126	23.9669	5	124	0.399417	0	8	0.0651192	0.0641333	0.0664467	0.0651188	0.06381	0.06613	0.0911278	0.0895167	0.0933333	0.0911276	0.08901	0.0929	1.3994	1.3994	6.24991	
25.1252	5	183	25.0619	5	183	24.6484	5	183	0.420837	0	9	0.0701263	0.0691	0.07137	0.0701252	0.0689267	0.0710767	0.0981003	0.0965033	0.100317	0.0980988	0.0962733	0.0996867	1.39891	1.39891	6.24938	
26.1258	5	266	26.0247	5	256	25.5942	5	250	0.441462	0	9	0.0751053	0.07414	0.07631	0.0751056	0.07365	0.0761333	0.105088	0.10326	0.107137	0.105088	0.10324	0.107067	1.3992	1.39921	6.25119	
27.4436	5	366	27.2573	5	328	26.8009	5	328	0.461042	0	8	0.0800963	0.0792633	0.0813367	0.0800964	0.0786633	0.0811533	0.112058	0.110507	0.11407	0.112057	0.11025	0.1138	1.39904	1.39903	6.24886	
30.1512	5	595	29.5097	5	484	28.9916	5	484	0.482448	0	10	0.0850852	0.0841533	0.0864567	0.0850847	0.08385	0.0862933	0.119037	0.117423	0.12077	0.119036	0.117	0.120883	1.39903	1.39903	6.24939	
35.5364	5	577	33.2113	5	471	32.5139	5	471	0.502513	0	9	0.0900615	0.08875	0.0913067	0.0900611	0.08891	0.09139	0.125993	0.124377	0.12807	0.125992	0.123927	0.12808	1.39897	1.39896	6.24915	
62.785	5	2578	41.0118	5	588	39.7584	5	588	0.5247	0	10	0.0949848	0.09382	0.095825	0.0949869	0.09421	0.0958475	0.132905	0.13063	0.134535	0.132906	0.13109	0.134185	1.39922	1.39921	6.24959	
28761.5	5	344698	57.6839	5	824	50.7055	5	824	0.547602	0	10	0.0985322	0.07279	0.102125	0.0985283	0.097125	0.099855	0.138086	0.10173	0.143455	0.138083	0.135905	0.140775	1.40143	1.40146	6.30781	
