8.72646	1	57	8.72643	1	57	7.92546	1	53	0	0	0	0.00499391	0.00471	0.00536	0.00499391	0	0.0101433	0.00895208	0.00824333	0.00963	0.00895214	0	0.0183967	1.7926	1.79261	8.92053	
8.77688	1	60	8.77688	1	60	7.99506	1	56	0	0	0	0.0100062	0.00962333	0.01048	0.0100059	0	0.0201667	0.0180378	0.0172933	0.0192367	0.0180372	0	0.0366067	1.80265	1.80265	8.94596	
8.84414	1	74	8.84402	1	74	8.04787	1	70	0	0	0	0.0150311	0.0145233	0.0156967	0.015031	0	0.0305133	0.02704	0.0259333	0.0284833	0.0270397	0	0.0553	1.79893	1.79893	9.00141	
8.92436	1	77	8.92413	1	77	8.13702	1	73	0	0	0	0.020063	0.0194867	0.0205667	0.0200628	0	0.04039	0.0360579	0.0347767	0.0372567	0.0360574	0	0.0726333	1.79723	1.79723	9.06582	
8.99122	1	73	8.99073	1	73	8.19523	1	69	0	0	0	0.0250671	0.02449	0.0257333	0.0250666	0	0.05032	0.0451318	0.0439833	0.0464533	0.0451315	0	0.09112	1.80044	1.80046	9.1136	
9.08047	1	84	9.07982	1	84	8.29683	1	80	0	0	0	0.0300682	0.02949	0.0307167	0.030068	0	0.06093	0.0541228	0.0526633	0.0563	0.0541219	0	0.109673	1.8	1.79998	9.1827	
9.14891	1	76	9.14798	1	76	8.37398	1	72	0	0	0	0.0350706	0.0342367	0.0362133	0.0350699	0	0.0716667	0.0631154	0.0612733	0.06533	0.0631146	0	0.12866	1.79966	1.79968	9.23286	
9.23864	1	86	9.23729	1	82	8.4634	1	78	0	0	0	0.0400941	0.0389867	0.0411167	0.0400938	0	0.0809	0.072177	0.0700667	0.0745967	0.0721768	0	0.145843	1.80019	1.8002	9.30194	
9.34746	1	78	9.34556	1	78	8.56877	1	74	0	0	0	0.0450691	0.04441	0.0457233	0.0450681	0	0.0906433	0.0810798	0.07946	0.0826367	0.0810778	0	0.162757	1.79901	1.799	9.38712	
9.44654	1	78	9.44399	1	78	8.678	1	74	0	0	0	0.050078	0.04917	0.05091	0.050078	0	0.10108	0.090079	0.0880267	0.09225	0.0900784	0	0.182467	1.79877	1.79876	9.4625	
9.57389	1	86	9.57051	1	86	8.80175	1	85	0	0	0	0.055088	0.0541533	0.0558567	0.0550874	0	0.110527	0.0990448	0.0965533	0.101737	0.0990434	0	0.19862	1.79794	1.79793	9.56346	
9.68852	1	109	9.68409	1	109	8.92354	1	105	0	0	0	0.0600776	0.0585933	0.0612533	0.0600769	0	0.121613	0.108018	0.105313	0.110653	0.108016	0	0.218547	1.79797	1.79796	9.64891	
9.84416	1	114	9.83839	1	114	9.07953	1	114	0	0	0	0.0651088	0.0641933	0.06608	0.0651084	0	0.130903	0.117103	0.115033	0.120723	0.117103	0	0.236067	1.79857	1.79858	9.76876	
10.0004	1	114	9.9931	1	114	9.24422	1	110	0	0	0	0.0700993	0.0692433	0.0712167	0.0700985	0	0.140693	0.126046	0.123663	0.128517	0.126046	0	0.254227	1.79811	1.79812	9.89367	
10.1591	1	113	10.1496	1	113	9.41494	1	109	0	0	0	0.0750704	0.0737167	0.0760867	0.0750703	0	0.151573	0.134952	0.131797	0.13759	0.134952	0	0.27384	1.79767	1.79767	10.012	
10.3714	1	125	10.3592	1	125	9.62649	1	121	0	0	0	0.0800622	0.0788433	0.08149	0.0800622	0	0.160957	0.143966	0.141463	0.14713	0.143967	0	0.29093	1.79817	1.79819	10.1773	
10.5942	1	127	10.5783	1	127	9.86445	1	123	0	0	0	0.0850492	0.0838967	0.0865433	0.0850495	0	0.17087	0.152894	0.149913	0.155517	0.152894	0	0.307803	1.79771	1.7977	10.3479	
10.8223	1	119	10.8026	1	119	10.1002	1	115	0	0	0	0.0900403	0.0881367	0.0912167	0.0900403	0	0.180917	0.161919	0.158543	0.16451	0.161921	0	0.326057	1.7983	1.79831	10.5205	
11.1438	1	122	11.1183	1	122	10.4265	1	118	0	0	0	0.0950421	0.09396	0.0965867	0.0950411	0	0.190883	0.170904	0.16843	0.17513	0.170901	0	0.343497	1.79819	1.79817	10.7695	
11.4588	1	125	11.4261	1	125	10.7443	1	121	0	0	0	0.100014	0.0985767	0.101243	0.100013	0	0.20051	0.179775	0.176603	0.18299	0.179776	0	0.362217	1.7975	1.79752	11.0114	
11.8637	1	140	11.8218	1	138	11.1576	1	138	0	0	0	0.105002	0.103807	0.106227	0.105002	0	0.21089	0.188774	0.18556	0.191903	0.188774	0	0.37905	1.79782	1.7978	11.3156	
12.3272	1	134	12.2708	1	134	11.6211	1	130	0	0	0	0.110025	0.108787	0.111333	0.110024	0	0.221353	0.197877	0.1946	0.20158	0.197876	0	0.39967	1.79847	1.79848	11.6564	
12.8709	1	139	12.795	1	139	12.1682	1	135	0	0	0	0.115005	0.113727	0.116963	0.115005	0	0.232797	0.206856	0.20342	0.21087	0.206857	0	0.41933	1.79868	1.79868	12.0577	
13.5958	1	137	13.4891	1	137	12.8785	1	133	0	0	0	0.119998	0.118613	0.121213	0.119998	0	0.240267	0.215819	0.211733	0.21892	0.215823	0	0.433557	1.79853	1.79855	12.5794	
14.4885	1	190	14.3338	1	189	13.7378	1	185	0	0	0	0.124993	0.12335	0.12636	0.124994	0	0.251037	0.224817	0.22087	0.228107	0.224819	0	0.45213	1.79863	1.79864	13.2036	
15.7231	1	191	15.4781	1	183	14.9148	1	179	0	0	0	0.129989	0.128747	0.13121	0.12999	0	0.261047	0.233857	0.230573	0.237133	0.23386	0	0.47047	1.79906	1.79907	14.0229	
17.5134	1	248	17.0656	1	247	16.507	1	247	0	0	0	0.134996	0.133797	0.136793	0.134996	0	0.271623	0.242939	0.23918	0.246713	0.242938	0	0.488477	1.7996	1.7996	15.0991	
20.5571	1	334	19.5097	1	264	18.9866	1	264	0	0	0	0.139994	0.1387	0.142043	0.139994	0	0.2809	0.251935	0.248517	0.255967	0.251935	0	0.50649	1.79962	1.79961	16.6133	
27.7978	1	676	23.1678	1	335	22.6512	1	331	0	0	0	0.14498	0.1435	0.146687	0.144971	0	0.292457	0.260957	0.257767	0.264273	0.260942	0	0.524597	1.79996	1.79995	18.4694	
5336.17	1	223558	28.315	1	530	27.6865	1	526	0	0	0	0.149971	0.149004	0.150874	0.148861	0	0.300319	0.26992	0.267121	0.272623	0.267901	0	0.541099	1.79981	1.79967	20.3791	
