9.97673	1	31	9.96857	1	31	9.17427	1	28	0	0	0	0.00499391	0.00470667	0.00535333	0.00499391	0	0.0102433	0.00895807	0.00850667	0.00958333	0.00895807	0	0.01824	1.7938	1.7938	10.1594	
9.96715	1	33	9.95118	1	33	9.14596	1	31	0	0	0	0.0100062	0.00965667	0.0103967	0.010006	0	0.0202333	0.0180478	0.0173033	0.0191	0.0180477	0	0.03651	1.80365	1.80369	10.1158	
9.96678	1	35	9.94156	1	32	9.11976	1	32	0	0	0	0.0150311	0.0144367	0.01558	0.015031	0	0.0305467	0.0270341	0.0255567	0.0287267	0.027034	0	0.0558133	1.79854	1.79854	10.0959	
9.97374	1	35	9.93828	1	35	9.14101	1	32	0	0	0	0.020063	0.0192133	0.02056	0.0200629	0	0.0403967	0.0360442	0.0342933	0.03701	0.0360443	0	0.07284	1.79655	1.79656	10.0807	
9.99522	1	37	9.94987	1	36	9.14134	1	32	0	0	0	0.0250671	0.0243567	0.0257033	0.0250671	0	0.05071	0.0451293	0.04357	0.04708	0.0451297	0	0.0911267	1.80034	1.80035	10.0701	
10.0254	1	45	9.9678	1	36	9.16524	1	34	0	0	0	0.0300682	0.0294533	0.0308833	0.030068	0	0.0606033	0.0541306	0.0524133	0.05635	0.0541301	0	0.10922	1.80026	1.80025	10.0732	
10.0357	1	43	9.96557	1	35	9.16356	1	33	0	0	0	0.0350706	0.0342667	0.0356333	0.0350702	0	0.0706067	0.0631274	0.0605667	0.0646867	0.0631264	0	0.128127	1.80001	1.8	10.054	
10.0651	1	46	9.9798	1	39	9.17753	1	35	0	0	0	0.0400941	0.0392067	0.0408067	0.0400935	0	0.08089	0.0721909	0.06963	0.0743333	0.0721903	0	0.147157	1.80054	1.80055	10.0492	
10.0909	1	48	9.98791	1	37	9.18581	1	33	0	0	0	0.0450691	0.04437	0.0457367	0.0450684	0	0.0906	0.0810618	0.0796533	0.08337	0.0810601	0	0.163357	1.79861	1.7986	10.0421	
10.1136	1	57	9.99388	1	37	9.19392	1	33	0	0	0	0.050078	0.0492133	0.0508633	0.0500777	0	0.10155	0.0900839	0.08822	0.0926	0.0900836	0	0.1827	1.79887	1.79888	10.0293	
10.131	1	76	9.99363	1	38	9.19687	1	35	0	0	0	0.055088	0.05381	0.05593	0.0550877	0	0.110733	0.099037	0.0964233	0.102157	0.0990374	0	0.19893	1.7978	1.79781	10.0103	
10.1785	1	86	10.0175	1	47	9.22444	1	43	0	0	0	0.0600776	0.0591367	0.0612233	0.0600776	0	0.121313	0.108008	0.105257	0.110557	0.108008	0	0.218837	1.79781	1.79781	10.0146	
10.2033	1	85	10.0149	1	38	9.22134	1	36	0	0	0	0.0651088	0.0639433	0.0663033	0.0651089	0	0.131677	0.117116	0.115003	0.12039	0.117116	0	0.237903	1.79877	1.79877	9.99004	
10.2598	1	94	10.0404	1	41	9.24753	1	38	0	0	0	0.0700993	0.06909	0.0710867	0.0700994	0	0.140423	0.12604	0.12349	0.128027	0.12604	0	0.25268	1.79802	1.79802	9.99646	
10.3147	1	101	10.0587	1	42	9.25898	1	39	0	0	0	0.0750704	0.0737533	0.0761233	0.07507	0	0.150133	0.134951	0.131883	0.138263	0.13495	0	0.270947	1.79766	1.79765	9.99128	
10.3494	1	104	10.0618	1	43	9.26064	1	43	0	0	0	0.0800622	0.0788467	0.08103	0.0800618	0	0.16128	0.143965	0.14126	0.147247	0.143963	0	0.290667	1.79816	1.79815	9.97301	
10.4276	1	138	10.0844	1	41	9.27612	1	41	0	0	0	0.0850491	0.08395	0.08618	0.085049	0	0.17049	0.152908	0.149993	0.157033	0.152906	0	0.307457	1.79788	1.79786	9.96953	
10.519	1	186	10.0999	1	42	9.30029	1	42	0	0	0	0.0900403	0.0884633	0.0911533	0.0900398	0	0.181357	0.16192	0.158507	0.16582	0.161918	0	0.328023	1.7983	1.7983	9.95896	
10.616	1	193	10.122	1	45	9.32337	1	45	0	0	0	0.0950421	0.0937233	0.0968	0.0950423	0	0.19021	0.170927	0.16837	0.174373	0.170927	0	0.3427	1.79843	1.79843	9.95436	
10.7603	1	238	10.1432	1	47	9.35245	1	44	0	0	0	0.100013	0.0985333	0.100963	0.100014	0	0.200657	0.17977	0.175713	0.182563	0.179771	0	0.36169	1.79746	1.79745	9.94762	
10.9226	1	316	10.1632	1	46	9.37011	1	42	0	0	0	0.105002	0.103497	0.10623	0.105003	0	0.210953	0.188772	0.18511	0.191487	0.188774	0	0.381597	1.7978	1.7978	9.93782	
11.2626	1	409	10.197	1	53	9.4003	1	53	0	0	0	0.110025	0.108803	0.110933	0.110025	0	0.220873	0.197865	0.193943	0.200563	0.197867	0	0.396957	1.79837	1.79837	9.93267	
11.6824	1	460	10.2219	1	50	9.42535	1	50	0	0	0	0.115005	0.113697	0.116357	0.115005	0	0.2306	0.206852	0.203757	0.2091	0.20685	0	0.41429	1.79864	1.79863	9.92678	
12.8616	1	804	10.2562	1	58	9.46004	1	56	0	0	0	0.119998	0.118283	0.122007	0.119998	0	0.24191	0.215831	0.212617	0.219593	0.215832	0	0.434537	1.79862	1.79863	9.91947	
20.3892	1	3144	10.3061	1	54	9.49984	1	52	0	0	0	0.124976	0.124005	0.125757	0.124974	0	0.25079	0.224961	0.22329	0.226642	0.224957	0	0.451862	1.80004	1.80003	9.91245	
1791.13	1	169743	10.4187	1	79	9.61032	1	79	0	0	0	0.129974	0.129051	0.131577	0.129699	0	0.260221	0.233893	0.232011	0.236133	0.233398	0	0.467879	1.79954	1.79954	9.91135	
