15.2208	5.48134	0.999296	0	0	0	
14.5901	5.56783	0.998275	0	0	0	
15.058	5.34962	0.999416	0	0	0	
15.4018	5.52297	0.998702	0	0	0	
15.232	5.34033	0.999138	0	0	0	
14.3095	5.58471	0.991667	0	0	0	
15.7505	6.14736	0.998071	0	0	0	
15.1132	5.46984	0.995516	0	0	0	
14.4523	5.69	0.99436	0	0	0	
14.8202	5.44484	0.997883	0	0	0	
15.3274	5.53475	0.997862	0	0	0	
15.0727	5.91326	0.995685	0	0	0	
14.7357	5.43295	0.996699	0	0	0	
14.5989	5.70356	0.993176	0	0	0	
13.9952	5.4182	0.995964	0	0	0	
16.8078	5.46326	0.997204	0	0	0	
