15.2386	5.48059	0.999281	0	0	0	
14.6122	5.56489	0.998177	0	0	0	
15.0799	5.34946	0.999389	0	0	0	
14.9831	5.51261	0.997711	0	0	0	
15.2505	5.34066	0.999096	0	0	0	
14.3485	5.59792	0.991386	0	0	0	
15.7638	6.14769	0.997977	0	0	0	
15.526	5.45388	0.99539	0	0	0	
14.4569	5.68182	0.994249	0	0	0	
14.7959	5.43981	0.997929	0	0	0	
15.4309	5.54661	0.997872	0	0	0	
15.0601	5.90846	0.995577	0	0	0	
14.5404	5.44653	0.996774	0	0	0	
14.5664	5.69635	0.993031	0	0	0	
14.1164	5.50151	0.996181	0	0	0	
17.9621	5.46057	0.997141	0	0	0	
