4.04981	4.25768	0.621355	0.996066	0.00393392	0	
4.09451	4.28676	0.617639	0.99203	0.00796903	8.33297e-07	
4.12297	4.29606	0.613897	0.987905	0.0120909	4.16656e-06	
4.14912	4.3009	0.610109	0.983692	0.0163049	3.33332e-06	
4.15786	4.31288	0.606374	0.979528	0.0204689	2.91651e-06	
4.17824	4.32728	0.602545	0.975312	0.024681	6.66638e-06	
4.2006	4.34192	0.598773	0.971055	0.0289169	2.79159e-05	
4.23185	4.36397	0.594816	0.966723	0.0332396	3.68723e-05	
4.24705	4.36831	0.591013	0.962405	0.0375412	5.39562e-05	
4.28725	4.39418	0.587008	0.957926	0.0419997	7.437e-05	
4.31014	4.408	0.582939	0.953537	0.0463827	7.99968e-05	
4.34403	4.42316	0.578671	0.948786	0.0510878	0.000126244	
4.38773	4.44501	0.574568	0.943991	0.0558495	0.000159784	
4.424	4.46558	0.570371	0.939249	0.0605249	0.000225614	
4.44992	4.47888	0.566288	0.934573	0.0651451	0.000281651	
4.48789	4.50477	0.561895	0.929717	0.0699342	0.000348724	
4.52536	4.52387	0.557732	0.925039	0.0745547	0.000406227	
4.55265	4.53096	0.553659	0.920094	0.0793912	0.000515181	
4.59462	4.55608	0.549164	0.915035	0.0843931	0.000572263	
4.63628	4.57536	0.544857	0.910008	0.089289	0.000702846	
4.66696	4.59417	0.540187	0.904861	0.094304	0.000835358	
4.71469	4.61543	0.535743	0.899869	0.0991084	0.00102304	
4.76365	4.63303	0.531087	0.894168	0.104716	0.00111618	
4.80377	4.65558	0.526342	0.888748	0.109962	0.00129009	
4.86024	4.6878	0.521669	0.883351	0.11516	0.00148989	
4.9024	4.69909	0.517108	0.877723	0.120485	0.0017924	
4.9459	4.71484	0.512201	0.871746	0.126254	0.00200026	
5.01679	4.74714	0.507059	0.866136	0.131622	0.00224192	
5.07076	4.77089	0.50224	0.860071	0.137265	0.00266398	
5.11356	4.7845	0.497266	0.853977	0.143038	0.00298561	
5.19191	4.80787	0.492288	0.847632	0.149007	0.00336055	
5.25942	4.83689	0.486934	0.841407	0.15472	0.00387293	
5.32511	4.8586	0.481814	0.834631	0.161113	0.00425644	
5.41798	4.88798	0.476686	0.828178	0.166969	0.00485259	
5.50645	4.91426	0.470983	0.821218	0.173323	0.00545826	
5.58419	4.93674	0.465679	0.81394	0.179987	0.00607324	
5.70218	4.96353	0.460015	0.806633	0.186596	0.00677139	
5.7924	4.99167	0.454388	0.79923	0.193182	0.00758801	
5.89535	5.02048	0.448673	0.791609	0.200032	0.00835889	
6.03528	5.04386	0.443331	0.783624	0.207092	0.00928404	
6.14563	5.0631	0.437809	0.775928	0.213735	0.0103366	
6.29433	5.09149	0.431693	0.767963	0.220608	0.0114292	
6.40787	5.11314	0.426054	0.760003	0.227262	0.0127352	
6.57819	5.13607	0.420368	0.750559	0.235405	0.014036	
6.8134	5.17871	0.413671	0.741271	0.243269	0.0154605	
6.95875	5.19968	0.407627	0.732596	0.250156	0.0172485	
7.17262	5.22096	0.402272	0.723388	0.257802	0.0188098	
7.45191	5.2544	0.395374	0.713158	0.26621	0.020632	
7.75797	5.27961	0.389445	0.702961	0.274259	0.0227796	
8.14338	5.30847	0.38275	0.691967	0.28285	0.0251828	
8.50719	5.33735	0.376359	0.680618	0.291541	0.0278408	
8.87362	5.35565	0.370484	0.670319	0.299169	0.0305113	
9.38558	5.38334	0.364122	0.658984	0.307978	0.0330375	
10.0017	5.41034	0.357398	0.646934	0.316831	0.0362342	
10.9737	5.43654	0.350405	0.632342	0.32716	0.0404977	
11.6894	5.46108	0.344098	0.619942	0.335564	0.0444938	
12.7241	5.48384	0.337483	0.607639	0.344611	0.0477506	
14.802	5.51669	0.330662	0.591627	0.355825	0.052548	
16.5461	5.54241	0.324166	0.577245	0.365622	0.0571336	
20.8231	5.56289	0.317181	0.561089	0.37585	0.0630612	
26.6431	5.58024	0.310886	0.545154	0.385852	0.0689933	
71.4089	5.61193	0.303714	0.526922	0.396573	0.076505	
1022.51	5.61996	0.298657	0.512825	0.40572	0.0814545	
