17.7195	17.8826	2.63735	0.99599	0.00400997	2.60122e-07	
17.7459	17.8994	2.61841	0.991911	0.00808813	8.45087e-07	
17.8286	17.9506	2.5994	0.987729	0.0122689	1.88541e-06	
17.879	17.9611	2.58032	0.983425	0.016565	9.68696e-06	
17.9194	17.9718	2.5608	0.97908	0.0209076	1.27383e-05	
17.9955	18.0093	2.54165	0.974617	0.0253571	2.63264e-05	
18.0627	18.0399	2.52218	0.970089	0.0298688	4.2118e-05	
18.1458	18.0822	2.50294	0.965463	0.0344779	5.88931e-05	
18.1958	18.0849	2.48379	0.960737	0.0391731	8.95023e-05	
18.3004	18.1379	2.46382	0.955889	0.0439786	0.000131939	
18.3877	18.1777	2.44391	0.9509	0.0489058	0.000194471	
18.4859	18.2172	2.42411	0.945833	0.0539263	0.000240705	
18.606	18.2659	2.40388	0.940673	0.0589993	0.000327855	
18.6759	18.2705	2.38469	0.935253	0.0643083	0.000438309	
18.7922	18.317	2.36433	0.929928	0.0695181	0.000553682	
18.9327	18.3618	2.34407	0.924272	0.0750608	0.000667168	
19.0521	18.3932	2.32406	0.918419	0.0807402	0.00084079	
19.1947	18.4464	2.30336	0.912534	0.0864573	0.0010082	
19.3481	18.4829	2.28334	0.906501	0.0921959	0.00130314	
19.5256	18.5249	2.26293	0.900037	0.0984574	0.00150514	
19.7223	18.5864	2.24241	0.89379	0.104362	0.00184792	
19.9331	18.6239	2.22134	0.887152	0.110704	0.00214391	
20.1606	18.6716	2.2004	0.880045	0.117368	0.00258698	
20.3733	18.7046	2.17892	0.872957	0.123933	0.00311034	
20.6773	18.7513	2.15833	0.86557	0.130797	0.0036325	
21.015	18.8096	2.13627	0.857909	0.137819	0.00427243	
21.3926	18.86	2.11567	0.850091	0.144954	0.00495498	
21.9234	18.9075	2.09352	0.841523	0.152658	0.0058192	
22.4001	18.9488	2.07142	0.832713	0.160589	0.0066986	
23.1931	19.006	2.05004	0.823361	0.168748	0.00789042	
24.0528	19.0856	2.02694	0.813454	0.17746	0.00908638	
25.4517	19.1286	2.00463	0.802859	0.18646	0.0106813	
26.8412	19.1779	1.98277	0.793018	0.194772	0.01221	
29.1901	19.257	1.95942	0.780445	0.205374	0.0141801	
37.8872	19.3212	1.93771	0.768556	0.214979	0.0164649	
125.098	19.379	1.9273	0.760319	0.221305	0.0183762	
328.984	19.3878	1.89475	0.745645	0.233741	0.0206143	
