27.9674	23	44	27.9646	23	44	27.5576	23	42	0.0407684	0	5	0.00499391	0.00467667	0.00542	0.0049938	0.00467667	0.00542	0.00697302	0.00645	0.00752667	0.00697297	0.00645	0.00752667	1.39631	1.39632	8.49242	
28.0856	23	47	28.0792	23	47	27.6707	23	45	0.0837185	0	5	0.0100062	0.00967667	0.0104433	0.010006	0.00967667	0.0104433	0.014022	0.01365	0.0149067	0.0140218	0.01365	0.01491	1.40133	1.40134	8.49648	
28.1788	23	49	28.1696	23	49	27.7576	23	47	0.121456	0	6	0.0150311	0.0145533	0.01544	0.0150306	0.01455	0.01544	0.0210356	0.0203867	0.0217467	0.0210349	0.0203833	0.0217467	1.39947	1.39947	8.49716	
28.2764	23	47	28.264	23	47	27.8551	23	47	0.158781	0	6	0.020063	0.0194333	0.0205833	0.0200621	0.0194333	0.02059	0.0280604	0.0270267	0.0289667	0.0280594	0.02703	0.0289667	1.39861	1.39863	8.49791	
28.3743	23	49	28.3584	23	49	27.9408	23	47	0.195379	0	6	0.0250671	0.0244433	0.0256133	0.0250664	0.0244433	0.02561	0.0350995	0.0341967	0.03599	0.0350987	0.0342033	0.03599	1.40022	1.40023	8.49777	
28.477	23	48	28.4583	23	48	28.0437	23	47	0.227367	0	6	0.0300682	0.0292233	0.0306867	0.0300676	0.0292233	0.03069	0.0420955	0.0407367	0.0432733	0.0420945	0.0407433	0.0432633	1.4	1.4	8.4995	
28.5727	23	51	28.5505	23	49	28.1372	23	47	0.259653	0	7	0.0350706	0.0343533	0.0359967	0.0350696	0.0343433	0.0359967	0.049093	0.0478167	0.05037	0.0490913	0.0478233	0.0503633	1.39983	1.39983	8.49915	
28.6743	23	51	28.6485	23	49	28.2323	23	47	0.289391	0	8	0.0400941	0.0392367	0.04097	0.0400929	0.03923	0.0409667	0.0561356	0.0549167	0.05721	0.056134	0.05491	0.0572133	1.4001	1.4001	8.49885	
28.7721	23	53	28.7427	23	51	28.3314	23	49	0.316659	0	9	0.0450691	0.04415	0.0460367	0.0450677	0.0441267	0.04604	0.0630745	0.0612233	0.0647567	0.0630724	0.06122	0.0647667	1.39951	1.3995	8.49714	
28.8781	23	57	28.8461	23	57	28.4313	23	55	0.34105	0	8	0.050078	0.0493333	0.0509833	0.050077	0.0493333	0.0509833	0.0700785	0.0688133	0.0721767	0.0700774	0.0688133	0.0721733	1.39939	1.39939	8.49839	
28.9943	23	56	28.9581	23	56	28.5479	23	56	0.365693	0	8	0.055088	0.0540433	0.05605	0.0550868	0.05404	0.0560467	0.0770665	0.07531	0.07929	0.0770644	0.0753067	0.0792867	1.39897	1.39896	8.49901	
29.1138	23	58	29.0738	23	56	28.6649	23	56	0.387546	0	9	0.0600776	0.0592267	0.0612067	0.0600769	0.0592367	0.06121	0.0840478	0.08244	0.08537	0.0840465	0.0824567	0.0853633	1.39899	1.39898	8.49928	
29.2336	23	57	29.1905	23	56	28.7822	23	55	0.409638	0	9	0.0651088	0.0638467	0.06635	0.0651082	0.06385	0.0663533	0.0911061	0.0887	0.0930833	0.0911053	0.0887033	0.0931	1.39929	1.39929	8.49824	
29.3846	23	63	29.3371	23	63	28.9278	23	61	0.429148	0	10	0.0700993	0.0691267	0.0711567	0.0700983	0.0691167	0.0711567	0.0980728	0.0962667	0.10053	0.098072	0.0962633	0.10053	1.39906	1.39906	8.50117	
29.5192	23	62	29.4683	23	62	29.0657	23	62	0.446458	0	10	0.0750704	0.07394	0.0763267	0.0750699	0.0739433	0.0763267	0.105011	0.102933	0.106993	0.10501	0.102937	0.10699	1.39884	1.39883	8.49895	
29.6785	23	58	29.6233	23	58	29.2249	23	57	0.463145	0	9	0.0800622	0.0787967	0.0813767	0.0800623	0.0787967	0.08137	0.112014	0.109957	0.11367	0.112014	0.109957	0.11367	1.39909	1.39909	8.4986	
29.8619	23	64	29.8019	23	63	29.4045	23	63	0.478937	0	10	0.0850492	0.0840767	0.0864267	0.0850491	0.08409	0.0864267	0.118972	0.11722	0.121073	0.118971	0.117237	0.12108	1.39886	1.39885	8.49986	
30.0663	23	71	30.0019	23	67	29.6057	23	67	0.493429	0	9	0.0900403	0.0889533	0.0914	0.0900399	0.0889533	0.0913967	0.12598	0.12362	0.128173	0.12598	0.12362	0.12817	1.39915	1.39916	8.49878	
30.2925	23	72	30.2232	23	71	29.8318	23	71	0.506335	0	10	0.0950421	0.0939167	0.0961367	0.0950411	0.0939167	0.0961433	0.132973	0.130977	0.135007	0.132971	0.13097	0.135013	1.3991	1.39909	8.50018	
30.5462	23	77	30.4713	23	77	30.0783	23	77	0.518169	0	10	0.100013	0.0987033	0.10145	0.100014	0.0987	0.101457	0.139894	0.137647	0.142417	0.139895	0.137647	0.14242	1.39875	1.39876	8.49857	
30.8347	23	84	30.7535	23	81	30.3588	23	79	0.529155	0	10	0.105002	0.10394	0.106673	0.105002	0.103947	0.106667	0.146888	0.144533	0.150133	0.146889	0.14454	0.150127	1.39891	1.39891	8.49945	
31.2038	23	101	31.1143	23	96	30.7215	23	96	0.539488	0	12	0.110025	0.10875	0.111187	0.110025	0.108753	0.111187	0.153951	0.152083	0.155503	0.153951	0.152077	0.155503	1.39924	1.39924	8.50006	
31.6308	23	106	31.5312	23	102	31.1354	23	98	0.547991	0	10	0.115005	0.113563	0.116737	0.115005	0.113563	0.11674	0.16093	0.15896	0.162923	0.160931	0.158963	0.162933	1.39934	1.39933	8.50031	
32.1402	23	130	32.0261	23	128	31.6246	23	128	0.555417	0	10	0.119998	0.1189	0.12134	0.119997	0.118907	0.121333	0.167909	0.16612	0.17026	0.167908	0.166137	0.17024	1.39927	1.39927	8.50113	
32.8477	23	230	32.6981	23	174	32.2873	23	174	0.562014	0	10	0.124993	0.12362	0.126293	0.124992	0.123637	0.12631	0.174905	0.173233	0.177113	0.174904	0.173257	0.177123	1.39932	1.39932	8.49918	
33.7795	23	271	33.5579	23	188	33.1289	23	188	0.568109	0	10	0.129989	0.128947	0.131347	0.129989	0.12895	0.13135	0.181923	0.179883	0.183833	0.181923	0.179863	0.18385	1.39953	1.39953	8.49999	
35.5058	23	426	34.9437	23	296	34.4759	23	296	0.573071	0	11	0.134996	0.133603	0.13634	0.134996	0.1336	0.136333	0.188967	0.186583	0.191223	0.188967	0.18657	0.19123	1.3998	1.39979	8.50023	
38.9439	23	480	37.0309	23	242	36.4837	23	242	0.576445	0	10	0.139993	0.138907	0.141123	0.139993	0.138917	0.141133	0.195963	0.193817	0.197827	0.195962	0.19378	0.197857	1.39981	1.3998	8.49948	
