24
1: [40, 41, 49, 50, 51, 52, 53, 61, 60, 59, 58, 57, 56, 48]
2: [2, 10, 9, 17, 25, 33, 41, 40, 32, 24, 16, 8, 0, 1]
3: [23, 22, 14, 13, 12, 11, 10, 2, 3, 4, 5, 6, 7, 15]
4: [61, 53, 54, 46, 38, 30, 22, 23, 31, 39, 47, 55, 63, 62]
5: [47, 46, 54, 53, 52, 51, 50, 58, 59, 60, 61, 62, 63, 55]
6: [58, 50, 49, 41, 33, 25, 17, 16, 24, 32, 40, 48, 56, 57]
7: [16, 17, 9, 10, 11, 12, 13, 5, 4, 3, 2, 1, 0, 8]
8: [5, 13, 14, 22, 30, 38, 46, 47, 39, 31, 23, 15, 7, 6]
9: [0, 1, 2, 3, 4, 5, 6, 7, 15, 23, 31, 30, 22, 14, 13, 12, 20, 19, 18, 10, 9, 17, 25, 26, 34, 35, 27, 28, 36, 37, 38, 39, 47, 55, 63, 62, 54, 53, 45, 44, 43, 42, 41, 33, 32, 24, 16, 8]
10: [7, 15, 23, 31, 39, 47, 55, 63, 62, 61, 60, 52, 53, 54, 46, 38, 37, 29, 21, 22, 14, 13, 12, 20, 19, 27, 28, 36, 35, 43, 51, 59, 58, 57, 56, 48, 49, 41, 42, 34, 26, 18, 10, 11, 3, 4, 5, 6]
11: [63, 62, 61, 60, 59, 58, 57, 56, 48, 40, 32, 33, 41, 49, 50, 51, 43, 44, 45, 53, 54, 46, 38, 37, 29, 28, 36, 35, 27, 26, 25, 24, 16, 8, 0, 1, 9, 10, 18, 19, 20, 21, 22, 30, 31, 39, 47, 55]
12: [56, 48, 40, 32, 24, 16, 8, 0, 1, 2, 3, 11, 10, 9, 17, 25, 26, 34, 42, 41, 49, 50, 51, 43, 44, 36, 35, 27, 28, 20, 12, 4, 5, 6, 7, 15, 14, 22, 21, 29, 37, 45, 53, 52, 60, 59, 58, 57]
13: [7, 6, 5, 4, 3, 2, 1, 0, 8, 16, 24, 25, 17, 9, 10, 11, 19, 20, 21, 13, 14, 22, 30, 29, 37, 36, 28, 27, 35, 34, 33, 32, 40, 48, 56, 57, 49, 50, 42, 43, 44, 45, 46, 38, 39, 31, 23, 15]
14: [63, 55, 47, 39, 31, 23, 15, 7, 6, 5, 4, 12, 13, 14, 22, 30, 29, 37, 45, 46, 54, 53, 52, 44, 43, 35, 36, 28, 27, 19, 11, 3, 2, 1, 0, 8, 9, 17, 18, 26, 34, 42, 50, 51, 59, 60, 61, 62]
15: [56, 57, 58, 59, 60, 61, 62, 63, 55, 47, 39, 38, 46, 54, 53, 52, 44, 43, 42, 50, 49, 41, 33, 34, 26, 27, 35, 36, 28, 29, 30, 31, 23, 15, 7, 6, 14, 13, 21, 20, 19, 18, 17, 25, 24, 32, 40, 48]
16: [0, 8, 16, 24, 32, 40, 48, 56, 57, 58, 59, 51, 50, 49, 41, 33, 34, 26, 18, 17, 9, 10, 11, 19, 20, 28, 27, 35, 36, 44, 52, 60, 61, 62, 63, 55, 54, 46, 45, 37, 29, 21, 13, 12, 4, 3, 2, 1]
17: [20, 21, 29, 28]
18: [37, 45, 44, 36]
19: [43, 42, 34, 35]
20: [26, 18, 19, 27]
21: [19, 18, 26, 27]
22: [29, 21, 20, 28]
23: [44, 45, 37, 36]
24: [34, 42, 43, 35]
64
0
0: []
1: [2, 9, 11, 12, 7, 13, 14, 16]
2: [2, 9, 12, 7, 13, 14, 16]
3: [9, 12, 7, 13, 14, 16]
4: [9, 7, 12, 14, 13, 16]
5: [9, 7, 14, 12, 13]
6: [9, 14, 12, 13]
7: [9, 14, 12, 13]
8: [7, 13, 14, 16, 2, 9, 11, 12]
9: [11, 14, 2, 7, 12, 13, 9, 16]
10: [2, 11, 7, 12, 13, 9, 16]
11: [12, 7, 13, 16, 14]
12: [7, 9, 12, 14, 16]
13: [7, 13, 9, 14, 16]
14: [9, 13, 14, 12]
15: [9, 14, 12, 13]
16: [7, 13, 16, 2, 9, 11, 12]
17: [7, 14, 2, 13, 12, 16, 9]
18: [11, 14, 9, 16]
19: [11, 13, 9, 16, 14]
20: [11, 13, 9, 12, 16]
21: [11, 13, 12, 16]
22: [11, 9, 13, 14, 12]
23: [9, 14, 13]
24: [13, 16, 2, 9, 11, 12]
25: [13, 2, 12, 9, 11]
26: [14, 12, 16, 9, 11]
27: [12, 13, 9, 16, 11, 14]
28: [13, 12, 16, 9, 11, 14]
29: [13, 14, 12, 11, 16]
30: [11, 9, 13, 14]
31: [9, 11, 14, 13]
32: [16, 2, 11, 13, 9, 12]
33: [2, 16, 13, 11, 9]
34: [14, 12, 16, 13, 9]
35: [12, 13, 9, 16, 14, 11]
36: [12, 13, 9, 16, 11, 14]
37: [13, 9, 14, 12, 11, 16]
38: [9, 11, 13]
39: [11, 14, 9, 13]
40: [16, 2, 11, 13, 12]
41: [2, 12, 16, 11, 9]
42: [14, 12, 13, 9]
43: [12, 11, 13, 14, 9]
44: [12, 16, 11, 13, 14, 9]
45: [11, 14, 12, 13, 9, 16]
46: [14, 11, 13, 16]
47: [11, 14, 9]
48: [16, 11, 13, 12]
49: [12, 16, 11, 13]
50: [14, 16, 12, 11, 13]
51: [14, 16, 12, 11]
52: [16, 12, 14]
53: [11, 12, 14, 9]
54: [11, 14, 9, 16]
55: [11, 14, 9, 16]
56: [16, 11, 13, 12]
57: [16, 11, 13, 12]
58: [16, 11, 12]
59: [14, 16, 11, 12]
60: [14, 11, 16, 12]
61: [14, 11, 16]
62: [14, 11, 16, 9]
63: [11, 14, 9, 16]
1
0: [7, 13, 14, 16, 2, 9, 11, 12]
1: []
2: [2, 9, 12, 7, 13, 14, 16]
3: [9, 12, 7, 13, 14, 16]
4: [9, 7, 12, 14, 13, 16]
5: [9, 7, 12, 14, 13]
6: [9, 14, 12, 13]
7: [9, 14, 12, 13]
8: [7, 13, 14, 16, 2, 9, 11, 12]
9: [11, 2, 14, 7, 12, 13, 9, 16]
10: [2, 11, 12, 7, 13, 9, 16]
11: [12, 7, 13, 16, 14]
12: [7, 9, 12, 14, 16]
13: [7, 9, 13, 14, 16]
14: [9, 13, 12, 14]
15: [9, 14, 12, 13]
16: [7, 13, 16, 2, 9, 11, 12]
17: [2, 7, 14, 12, 13, 9, 16]
18: [11, 14, 9, 16]
19: [11, 13, 9, 16, 14]
20: [11, 13, 9, 12, 16]
21: [11, 13, 12, 16]
22: [11, 9, 13, 12, 14]
23: [9, 14, 13]
24: [13, 16, 2, 9, 11, 12]
25: [2, 13, 12, 9, 11]
26: [14, 12, 16, 9, 11]
27: [12, 13, 9, 16, 11, 14]
28: [12, 13, 9, 16, 11, 14]
29: [13, 12, 14, 11, 16]
30: [11, 9, 13, 14]
31: [9, 11, 14, 13]
32: [16, 2, 11, 13, 9, 12]
33: [2, 16, 11, 13, 9]
34: [14, 12, 16, 9, 13]
35: [12, 13, 9, 16, 11, 14]
36: [12, 13, 9, 16, 11, 14]
37: [13, 9, 12, 14, 11, 16]
38: [9, 11, 13]
39: [11, 14, 9, 13]
40: [16, 2, 11, 13, 12]
41: [2, 12, 16, 11, 9]
42: [14, 12, 13, 9]
43: [12, 11, 13, 9, 14]
44: [12, 11, 16, 13, 9, 14]
45: [11, 12, 14, 13, 9, 16]
46: [11, 14, 13, 16]
47: [11, 14, 9]
48: [16, 11, 13, 12]
49: [12, 16, 11, 13]
50: [14, 12, 16, 11, 13]
51: [14, 16, 12, 11]
52: [16, 12, 14]
53: [11, 12, 9, 14]
54: [11, 9, 14, 16]
55: [11, 14, 9, 16]
56: [16, 11, 13, 12]
57: [16, 11, 13, 12]
58: [16, 11, 12]
59: [14, 16, 11, 12]
60: [14, 11, 16, 12]
61: [14, 11, 16]
62: [11, 14, 9, 16]
63: [11, 14, 9, 16]
2
0: [7, 13, 14, 16, 2, 9, 12]
1: [7, 13, 14, 16, 2, 9, 12]
2: []
3: [3, 9, 12, 7, 13, 14, 16]
4: [3, 9, 7, 12, 14, 13, 16]
5: [3, 9, 7, 12, 14, 13]
6: [3, 9, 12, 14, 13]
7: [3, 9, 14, 12, 13]
8: [7, 13, 14, 16, 2, 9, 12]
9: [2, 12, 14, 7, 13, 9, 16]
10: [2, 12, 7, 13, 3, 9, 16]
11: [12, 7, 13, 3, 16, 14]
12: [7, 3, 9, 12, 14, 16]
13: [3, 7, 9, 13, 14, 16]
14: [3, 9, 13, 12, 14]
15: [3, 9, 14, 12, 13]
16: [7, 13, 16, 2, 9, 12]
17: [2, 7, 12, 14, 13, 9, 16]
18: [14, 9, 16]
19: [13, 9, 16, 14]
20: [13, 9, 12, 16]
21: [13, 12, 16]
22: [3, 9, 13, 12, 14]
23: [3, 9, 14, 13]
24: [13, 16, 2, 9, 12]
25: [2, 12, 13, 9]
26: [12, 14, 16, 9]
27: [12, 13, 9, 16, 14]
28: [12, 13, 9, 16, 14]
29: [13, 12, 14, 16]
30: [9, 13, 14]
31: [9, 14, 13]
32: [16, 2, 13, 9, 12]
33: [2, 16, 13, 9]
34: [12, 14, 16, 9, 13]
35: [12, 9, 13, 16, 14]
36: [12, 13, 9, 16, 14]
37: [13, 9, 12, 14, 16]
38: [9, 13]
39: [14, 9, 13]
40: [2, 16, 13, 12]
41: [2, 12, 16, 9]
42: [12, 14, 13, 9]
43: [12, 13, 9, 14]
44: [12, 16, 13, 9, 14]
45: [12, 14, 9, 13, 16]
46: [14, 13, 16]
47: [14, 9]
48: [16, 13, 12]
49: [12, 16, 13]
50: [14, 12, 16, 13]
51: [14, 12, 16]
52: [16, 12, 14]
53: [12, 9, 14]
54: [9, 14, 16]
55: [14, 9, 16]
56: [16, 13, 12]
57: [16, 13, 12]
58: [16, 12]
59: [14, 16, 12]
60: [14, 16, 12]
61: [14, 16]
62: [14, 9, 16]
63: [14, 9, 16]
3
0: [7, 13, 14, 16, 9, 12]
1: [7, 13, 14, 16, 9, 12]
2: [7, 13, 14, 16, 3, 9, 12]
3: []
4: [3, 9, 10, 7, 12, 14, 13, 16]
5: [3, 9, 10, 7, 12, 14, 13]
6: [3, 9, 10, 12, 14, 13]
7: [3, 9, 10, 12, 14, 13]
8: [7, 13, 14, 16, 9, 12]
9: [12, 14, 7, 13, 9, 16]
10: [12, 7, 13, 3, 9, 16, 10]
11: [12, 7, 3, 13, 16, 10, 14]
12: [3, 7, 9, 12, 10, 14, 16]
13: [3, 7, 9, 13, 10, 14, 16]
14: [3, 9, 13, 10, 12, 14]
15: [3, 9, 10, 14, 12, 13]
16: [7, 13, 16, 9, 12]
17: [12, 7, 14, 13, 9, 16]
18: [14, 9, 16, 10]
19: [13, 9, 16, 10, 14]
20: [9, 13, 12, 10, 16]
21: [13, 10, 12, 16]
22: [3, 9, 13, 10, 12, 14]
23: [3, 9, 10, 14, 13]
24: [13, 16, 9, 12]
25: [12, 13, 9]
26: [12, 14, 9, 16, 10]
27: [12, 9, 13, 10, 16, 14]
28: [12, 13, 9, 16, 10, 14]
29: [13, 10, 12, 14, 16]
30: [9, 13, 14]
31: [9, 10, 14, 13]
32: [16, 13, 9, 12]
33: [16, 13, 9]
34: [12, 14, 16, 9, 13, 10]
35: [12, 9, 13, 16, 10, 14]
36: [12, 13, 9, 10, 16, 14]
37: [10, 13, 9, 12, 14, 16]
38: [10, 9, 13]
39: [10, 14, 9, 13]
40: [16, 13, 12]
41: [12, 16, 9, 10]
42: [12, 14, 13, 9, 10]
43: [12, 10, 13, 9, 14]
44: [12, 16, 9, 13, 14]
45: [12, 9, 14, 13, 16]
46: [10, 14, 13, 16]
47: [10, 14, 9]
48: [16, 13, 10, 12]
49: [12, 16, 13, 10]
50: [12, 14, 16, 13]
51: [12, 14, 16, 10]
52: [10, 12, 16, 14]
53: [10, 12, 9, 14]
54: [10, 9, 14, 16]
55: [10, 14, 9, 16]
56: [16, 13, 10, 12]
57: [16, 13, 10, 12]
58: [16, 10, 12]
59: [14, 16, 10, 12]
60: [10, 14, 12, 16]
61: [10, 14, 16]
62: [10, 14, 9, 16]
63: [10, 14, 9, 16]
4
0: [7, 13, 16, 12, 14, 9]
1: [7, 13, 16, 14, 12, 9]
2: [7, 13, 16, 3, 14, 12, 9]
3: [7, 13, 16, 3, 14, 12, 9, 10]
4: []
5: [3, 9, 10, 12, 7, 13, 14]
6: [3, 9, 10, 12, 13, 14]
7: [3, 9, 10, 12, 13, 14]
8: [7, 13, 16, 12, 14, 9]
9: [7, 13, 9, 16, 14, 12]
10: [7, 3, 13, 9, 16, 12, 10]
11: [3, 7, 13, 14, 16, 12, 10]
12: [14, 3, 7, 9, 10, 12, 16]
13: [14, 3, 9, 7, 13, 10, 16]
14: [14, 12, 3, 9, 13, 10]
15: [3, 9, 10, 12, 13, 14]
16: [7, 13, 16, 12, 9]
17: [7, 13, 9, 16, 14, 12]
18: [9, 16, 14, 10]
19: [9, 13, 14, 10, 16]
20: [9, 13, 10, 16, 12]
21: [12, 13, 10, 16]
22: [14, 3, 12, 9, 13, 10]
23: [3, 9, 10, 13, 14]
24: [13, 16, 12, 9]
25: [13, 9, 12]
26: [9, 16, 14, 12, 10]
27: [14, 9, 13, 10, 16, 12]
28: [14, 9, 13, 10, 16, 12]
29: [14, 12, 10, 13, 16]
30: [14, 9, 13]
31: [9, 10, 13, 14]
32: [16, 12, 13, 9]
33: [16, 13, 9]
34: [9, 16, 13, 14, 12, 10]
35: [14, 9, 13, 10, 16, 12]
36: [14, 13, 9, 10, 16, 12]
37: [14, 12, 10, 13, 9, 16]
38: [10, 9, 13]
39: [10, 9, 13, 14]
40: [16, 12, 13]
41: [16, 12, 9, 10]
42: [14, 12, 13, 9, 10]
43: [14, 10, 9, 13, 12]
44: [14, 16, 9, 13, 12]
45: [14, 12, 9, 13, 16]
46: [14, 10, 13, 16]
47: [10, 9, 14]
48: [16, 12, 13, 10]
49: [16, 13, 12, 10]
50: [16, 14, 13, 12]
51: [16, 10, 14, 12]
52: [12, 14, 10, 16]
53: [12, 14, 10, 9]
54: [14, 10, 9, 16]
55: [10, 9, 14, 16]
56: [16, 12, 13, 10]
57: [16, 12, 13, 10]
58: [16, 12, 10]
59: [12, 16, 10, 14]
60: [10, 12, 14, 16]
61: [10, 14, 16]
62: [10, 9, 14, 16]
63: [10, 9, 14, 16]
5
0: [7, 13, 12, 14, 9]
1: [7, 13, 12, 14, 9]
2: [7, 13, 3, 14, 12, 9]
3: [7, 13, 3, 14, 12, 9, 10]
4: [7, 13, 14, 3, 9, 10, 12]
5: []
6: [3, 9, 10, 12, 8, 13, 14]
7: [3, 9, 10, 12, 8, 13, 14]
8: [7, 13, 12, 14, 9]
9: [7, 13, 9, 14, 12]
10: [3, 7, 13, 9, 12, 10]
11: [3, 7, 13, 14, 12, 10]
12: [14, 3, 9, 7, 10, 12]
13: [8, 14, 3, 9, 7, 13, 10]
14: [8, 12, 14, 3, 9, 13, 10]
15: [3, 9, 10, 12, 8, 13, 14]
16: [7, 13, 12, 9]
17: [7, 13, 9, 14, 12]
18: [9, 14, 10]
19: [9, 13, 14, 10]
20: [9, 13, 10, 12]
21: [12, 13, 10]
22: [8, 3, 12, 14, 9, 13, 10]
23: [3, 9, 10, 8, 13, 14]
24: [13, 12, 9]
25: [13, 9, 12]
26: [9, 14, 12, 10]
27: [14, 9, 13, 10, 12]
28: [14, 9, 13, 10, 12]
29: [12, 14, 10, 13]
30: [8, 9, 14, 13]
31: [9, 10, 8, 13, 14]
32: [12, 13, 9]
33: [13, 9]
34: [9, 13, 14, 12, 10]
35: [14, 9, 13, 10, 12]
36: [14, 9, 13, 10, 12]
37: [12, 14, 10, 13, 9]
38: [8, 10, 9, 13]
39: [10, 8, 9, 13, 14]
40: [12, 13]
41: [12, 9, 10]
42: [14, 12, 9, 13, 10]
43: [14, 10, 9, 13, 12]
44: [14, 9, 13, 12]
45: [12, 14, 9, 13]
46: [8, 14, 10, 13]
47: [8, 10, 9, 14]
48: [12, 13, 10]
49: [13, 12, 10]
50: [14, 13, 12]
51: [10, 14, 12]
52: [12, 10, 14]
53: [12, 14, 10, 9]
54: [14, 10, 9]
55: [10, 9, 14]
56: [12, 13, 10]
57: [12, 13, 10]
58: [12, 10]
59: [12, 10, 14]
60: [10, 12, 14]
61: [10, 14]
62: [10, 9, 14]
63: [10, 9, 14]
6
0: [13, 12, 14, 9]
1: [13, 12, 14, 9]
2: [13, 3, 12, 14, 9]
3: [13, 3, 14, 12, 9, 10]
4: [13, 14, 3, 9, 10, 12]
5: [8, 13, 14, 3, 9, 10, 12]
6: []
7: [3, 9, 10, 12, 8, 13, 14, 15]
8: [13, 12, 14, 9]
9: [13, 9, 12, 14]
10: [3, 9, 13, 12, 10]
11: [3, 13, 14, 12, 10]
12: [14, 3, 9, 10, 12]
13: [8, 15, 14, 3, 9, 13, 10]
14: [15, 8, 12, 3, 14, 9, 13, 10]
15: [3, 9, 10, 12, 8, 13, 14, 15]
16: [13, 12, 9]
17: [15, 13, 9, 12, 14]
18: [15, 9, 14, 10]
19: [15, 9, 13, 14, 10]
20: [15, 9, 13, 10, 12]
21: [15, 12, 13, 10]
22: [3, 8, 12, 9, 14, 10, 13]
23: [3, 9, 10, 8, 13, 14, 15]
24: [13, 15, 12, 9]
25: [15, 13, 9, 12]
26: [9, 12, 14, 15, 10]
27: [9, 14, 10, 13, 15, 12]
28: [14, 9, 13, 10, 15, 12]
29: [12, 14, 10, 13, 15]
30: [8, 9, 14, 13, 15]
31: [9, 10, 8, 13, 14, 15]
32: [15, 12, 13, 9]
33: [13, 15, 9]
34: [9, 13, 12, 14, 15, 10]
35: [14, 9, 13, 10, 15, 12]
36: [14, 9, 13, 10, 12, 15]
37: [12, 14, 10, 9, 13]
38: [8, 10, 9, 15, 13]
39: [10, 8, 15, 9, 13, 14]
40: [15, 12, 13]
41: [12, 15, 9, 10]
42: [15, 12, 14, 9, 13, 10]
43: [14, 10, 15, 9, 12, 13]
44: [14, 15, 9, 12, 13]
45: [12, 14, 9, 13]
46: [8, 14, 10, 15, 13]
47: [10, 8, 15, 9, 14]
48: [15, 12, 13, 10]
49: [15, 12, 13, 10]
50: [15, 14, 12, 13]
51: [10, 14, 12]
52: [12, 10, 14, 15]
53: [12, 10, 14, 15, 9]
54: [14, 10, 15, 9]
55: [10, 15, 9, 14]
56: [15, 12, 13, 10]
57: [12, 15, 10, 13]
58: [12, 15, 10]
59: [12, 15, 10, 14]
60: [10, 12, 15, 14]
61: [10, 15, 14]
62: [10, 15, 9, 14]
63: [10, 15, 9, 14]
7
0: [13, 12, 14, 9]
1: [13, 12, 14, 9]
2: [13, 3, 12, 14, 9]
3: [13, 3, 12, 14, 9, 10]
4: [13, 14, 3, 9, 10, 12]
5: [8, 13, 14, 3, 9, 10, 12]
6: [8, 13, 14, 15, 3, 9, 10, 12]
7: []
8: [13, 12, 14, 9]
9: [9, 13, 12, 14]
10: [3, 9, 13, 12, 10]
11: [3, 13, 14, 12, 10]
12: [14, 3, 9, 10, 12]
13: [8, 15, 3, 14, 9, 13, 10]
14: [12, 15, 3, 8, 9, 14, 10, 13]
15: [3, 9, 10, 12, 8, 13, 14, 15]
16: [13, 12, 9]
17: [15, 13, 9, 12, 14]
18: [15, 9, 14, 10]
19: [15, 9, 13, 14, 10]
20: [15, 9, 13, 10, 12]
21: [12, 15, 10, 13]
22: [3, 12, 8, 9, 14, 10, 13]
23: [3, 9, 10, 8, 13, 14, 15]
24: [13, 15, 12, 9]
25: [15, 13, 9, 12]
26: [9, 12, 14, 15, 10]
27: [9, 14, 10, 13, 15, 12]
28: [9, 14, 10, 13, 12, 15]
29: [12, 14, 10, 13, 15]
30: [9, 8, 14, 13, 15]
31: [9, 10, 8, 13, 14, 15]
32: [15, 12, 13, 9]
33: [13, 9, 15]
34: [9, 13, 12, 14, 15, 10]
35: [9, 14, 10, 13, 12, 15]
36: [14, 9, 13, 10, 12, 15]
37: [12, 14, 10, 9, 13]
38: [8, 10, 9, 15, 13]
39: [10, 8, 9, 15, 13, 14]
40: [15, 12, 13]
41: [12, 9, 15, 10]
42: [12, 15, 9, 14, 10, 13]
43: [14, 10, 15, 9, 12, 13]
44: [14, 15, 9, 12, 13]
45: [12, 14, 9, 13]
46: [8, 14, 10, 15, 13]
47: [10, 8, 15, 9, 14]
48: [15, 12, 13, 10]
49: [12, 15, 10, 13]
50: [15, 12, 14, 13]
51: [10, 12, 14]
52: [12, 10, 14, 15]
53: [12, 10, 14, 15, 9]
54: [10, 14, 15, 9]
55: [10, 15, 9, 14]
56: [12, 15, 10, 13]
57: [12, 15, 10, 13]
58: [12, 15, 10]
59: [12, 15, 10, 14]
60: [10, 12, 15, 14]
61: [10, 15, 14]
62: [10, 15, 9, 14]
63: [10, 15, 9, 14]
8
0: [2, 9, 11, 12, 7, 13, 14, 16]
1: [2, 9, 11, 12, 7, 13, 14, 16]
2: [2, 9, 12, 7, 13, 14, 16]
3: [9, 12, 7, 13, 14, 16]
4: [9, 7, 14, 12, 13, 16]
5: [9, 7, 14, 12, 13]
6: [9, 14, 12, 13]
7: [9, 14, 12, 13]
8: []
9: [14, 7, 11, 2, 13, 12, 16, 9]
10: [2, 7, 11, 12, 13, 9, 16]
11: [7, 12, 13, 16, 14]
12: [7, 9, 12, 14, 16]
13: [7, 13, 9, 14, 16]
14: [13, 9, 14, 12]
15: [9, 14, 12, 13]
16: [7, 13, 16, 2, 9, 11, 12]
17: [7, 14, 13, 2, 12, 16, 9]
18: [14, 11, 16, 9]
19: [11, 13, 9, 16, 14]
20: [11, 13, 9, 12, 16]
21: [11, 13, 12, 16]
22: [11, 9, 13, 14, 12]
23: [9, 14, 13]
24: [13, 16, 2, 9, 11, 12]
25: [13, 2, 12, 9, 11]
26: [14, 12, 16, 9, 11]
27: [13, 12, 16, 9, 14, 11]
28: [13, 12, 16, 9, 11, 14]
29: [13, 14, 12, 11, 16]
30: [11, 9, 13, 14]
31: [9, 11, 14, 13]
32: [16, 2, 13, 11, 9, 12]
33: [2, 16, 13, 11, 9]
34: [14, 12, 16, 13, 9]
35: [12, 13, 9, 16, 14, 11]
36: [13, 12, 16, 9, 14, 11]
37: [13, 9, 14, 12, 11, 16]
38: [9, 13, 11]
39: [11, 14, 9, 13]
40: [16, 2, 11, 13, 12]
41: [2, 12, 16, 11, 9]
42: [14, 12, 13, 9]
43: [12, 11, 13, 14, 9]
44: [12, 16, 11, 13, 14, 9]
45: [14, 11, 13, 12, 16, 9]
46: [14, 13, 11, 16]
47: [11, 14, 9]
48: [16, 11, 13, 12]
49: [16, 12, 11, 13]
50: [14, 16, 12, 11, 13]
51: [14, 16, 12, 11]
52: [16, 14, 12]
53: [11, 14, 12, 9]
54: [14, 11, 16, 9]
55: [11, 14, 9, 16]
56: [16, 11, 13, 12]
57: [16, 11, 13, 12]
58: [16, 11, 12]
59: [14, 16, 11, 12]
60: [14, 11, 16, 12]
61: [14, 11, 16]
62: [14, 11, 16, 9]
63: [14, 11, 16, 9]
9
0: [2, 7, 9, 16, 12, 13, 11, 14]
1: [7, 2, 16, 9, 13, 12, 14, 11]
2: [7, 2, 16, 9, 13, 12, 14]
3: [7, 16, 9, 13, 14, 12]
4: [7, 12, 14, 16, 9, 13]
5: [7, 12, 14, 9, 13]
6: [12, 14, 9, 13]
7: [14, 12, 9, 13]
8: [2, 7, 9, 16, 12, 13, 11, 14]
9: []
10: [7, 11, 13, 16, 2, 9, 12]
11: [7, 13, 16, 14, 12]
12: [7, 12, 14, 16, 9]
13: [7, 13, 16, 14, 9]
14: [13, 12, 14, 9]
15: [14, 12, 13, 9]
16: [2, 7, 9, 16, 12, 11, 13]
17: [2, 9, 12, 14, 7, 13, 16]
18: [11, 14, 9, 16]
19: [11, 13, 16, 14, 9]
20: [11, 13, 16, 12, 9]
21: [11, 13, 16, 12]
22: [11, 13, 12, 14, 9]
23: [14, 13, 9]
24: [2, 9, 16, 12, 11, 13]
25: [2, 9, 12, 11, 13]
26: [9, 12, 14, 11, 16]
27: [9, 16, 12, 13, 11, 14]
28: [16, 9, 13, 12, 11, 14]
29: [13, 16, 12, 14, 11]
30: [11, 13, 14, 9]
31: [11, 14, 13, 9]
32: [2, 13, 11, 9, 16, 12]
33: [2, 13, 9, 11, 16]
34: [9, 12, 14, 13, 16]
35: [9, 16, 12, 13, 14, 11]
36: [9, 16, 12, 13, 11, 14]
37: [9, 13, 16, 12, 14, 11]
38: [9, 13, 11]
39: [11, 9, 14, 13]
40: [2, 13, 11, 16, 12]
41: [2, 12, 9, 11, 16]
42: [12, 14, 9, 13]
43: [12, 9, 13, 11, 14]
44: [16, 12, 9, 13, 11, 14]
45: [9, 16, 12, 13, 11, 14]
46: [16, 13, 14, 11]
47: [11, 9, 14]
48: [11, 13, 16, 12]
49: [12, 13, 11, 16]
50: [14, 12, 13, 11, 16]
51: [14, 12, 11, 16]
52: [16, 12, 14]
53: [9, 12, 11, 14]
54: [9, 16, 11, 14]
55: [11, 9, 14, 16]
56: [11, 13, 12, 16]
57: [11, 13, 12, 16]
58: [11, 12, 16]
59: [14, 11, 12, 16]
60: [14, 16, 11, 12]
61: [14, 16, 11]
62: [14, 11, 16, 9]
63: [11, 14, 9, 16]
10
0: [7, 2, 16, 9, 13, 12, 11]
1: [7, 2, 16, 9, 13, 12, 11]
2: [3, 7, 2, 16, 9, 13, 12]
3: [3, 10, 7, 16, 9, 13, 12]
4: [3, 10, 7, 12, 16, 9, 13]
5: [3, 7, 10, 12, 9, 13]
6: [3, 10, 12, 9, 13]
7: [3, 10, 12, 13, 9]
8: [2, 7, 9, 16, 12, 13, 11]
9: [2, 9, 12, 7, 11, 13, 16]
10: []
11: [7, 10, 13, 16, 3, 12]
12: [7, 3, 12, 16, 10, 9]
13: [7, 13, 3, 16, 10, 9]
14: [13, 3, 12, 10, 9]
15: [3, 10, 12, 13, 9]
16: [2, 7, 9, 16, 12, 11, 13]
17: [2, 9, 12, 7, 13, 16]
18: [11, 16, 9, 10]
19: [11, 13, 16, 10, 9]
20: [11, 13, 16, 12, 10, 9]
21: [11, 13, 16, 10, 12]
22: [11, 13, 3, 10, 12, 9]
23: [3, 10, 13, 9]
24: [2, 9, 16, 12, 11, 13]
25: [2, 9, 12, 11, 13]
26: [9, 12, 11, 16, 10]
27: [16, 9, 13, 12, 10, 11]
28: [16, 9, 13, 12, 10, 11]
29: [13, 16, 10, 12, 11]
30: [11, 13, 9]
31: [11, 10, 13, 9]
32: [2, 13, 11, 9, 16, 12]
33: [2, 13, 11, 9, 16]
34: [9, 12, 13, 16, 10]
35: [9, 16, 12, 13, 10, 11]
36: [16, 9, 13, 12, 10, 11]
37: [9, 13, 16, 10, 12, 11]
38: [9, 10, 13, 11]
39: [11, 10, 9, 13]
40: [2, 13, 11, 16, 12]
41: [2, 12, 9, 11, 16, 10]
42: [12, 9, 13, 10]
43: [12, 9, 13, 11, 10]
44: [16, 12, 9, 13, 11]
45: [16, 9, 13, 11, 12]
46: [16, 10, 13, 11]
47: [11, 10, 9]
48: [11, 13, 16, 12, 10]
49: [12, 13, 11, 16, 10]
50: [12, 13, 11, 16]
51: [12, 11, 10, 16]
52: [16, 10, 12]
53: [9, 10, 11, 12]
54: [16, 9, 10, 11]
55: [11, 10, 9, 16]
56: [11, 13, 16, 12, 10]
57: [11, 13, 12, 16, 10]
58: [11, 12, 16, 10]
59: [11, 12, 10, 16]
60: [16, 11, 10, 12]
61: [16, 11, 10]
62: [11, 16, 10, 9]
63: [11, 10, 16, 9]
11
0: [14, 7, 16, 13, 12]
1: [14, 7, 16, 13, 12]
2: [3, 14, 7, 16, 13, 12]
3: [10, 14, 3, 7, 16, 13, 12]
4: [10, 3, 7, 12, 16, 14, 13]
5: [7, 10, 3, 12, 14, 13]
6: [10, 3, 12, 14, 13]
7: [10, 3, 12, 14, 13]
8: [14, 7, 16, 13, 12]
9: [12, 14, 7, 13, 16]
10: [3, 12, 7, 10, 13, 16]
11: []
12: [7, 3, 12, 16, 10, 14]
13: [7, 13, 3, 16, 10, 14]
14: [13, 3, 10, 12, 14]
15: [10, 3, 12, 14, 13]
16: [7, 16, 12, 13]
17: [12, 14, 7, 13, 16]
18: [14, 16, 10]
19: [13, 16, 10, 14]
20: [13, 16, 12, 10]
21: [13, 16, 10, 12]
22: [13, 3, 10, 12, 14]
23: [10, 3, 14, 13]
24: [16, 12, 13]
25: [12, 13]
26: [12, 14, 16, 10]
27: [16, 13, 12, 10, 14]
28: [16, 13, 12, 10, 14]
29: [13, 16, 10, 12, 14]
30: [13, 14]
31: [10, 14, 13]
32: [13, 16, 12]
33: [13, 16]
34: [12, 14, 13, 16, 10]
35: [16, 13, 12, 10, 14]
36: [16, 13, 12, 10, 14]
37: [13, 16, 10, 12, 14]
38: [10, 13]
39: [10, 14, 13]
40: [13, 16, 12]
41: [12, 16, 10]
42: [12, 14, 13, 10]
43: [12, 13, 10, 14]
44: [16, 12, 13, 14]
45: [16, 13, 12, 14]
46: [16, 10, 13, 14]
47: [10, 14]
48: [13, 16, 12, 10]
49: [12, 13, 16, 10]
50: [12, 14, 13, 16]
51: [12, 14, 10, 16]
52: [16, 10, 12, 14]
53: [10, 12, 14]
54: [16, 10, 14]
55: [10, 16, 14]
56: [13, 16, 12, 10]
57: [13, 16, 12, 10]
58: [12, 16, 10]
59: [14, 12, 10, 16]
60: [16, 10, 14, 12]
61: [16, 10, 14]
62: [16, 10, 14]
63: [10, 16, 14]
12
0: [16, 7, 14, 12, 9]
1: [16, 7, 14, 12, 9]
2: [3, 16, 7, 14, 12, 9]
3: [16, 3, 7, 14, 10, 12, 9]
4: [12, 16, 7, 3, 10, 9, 14]
5: [7, 12, 3, 10, 9, 14]
6: [12, 3, 10, 9, 14]
7: [12, 3, 10, 9, 14]
8: [16, 7, 12, 14, 9]
9: [9, 7, 14, 16, 12]
10: [3, 9, 7, 10, 16, 12]
11: [3, 7, 14, 10, 16, 12]
12: []
13: [7, 14, 3, 9, 10, 16]
14: [14, 12, 3, 9, 10]
15: [12, 3, 10, 9, 14]
16: [16, 7, 12, 9]
17: [9, 7, 16, 14, 12]
18: [9, 10, 16, 14]
19: [9, 10, 14, 16]
20: [9, 10, 16, 12]
21: [12, 10, 16]
22: [14, 12, 3, 9, 10]
23: [3, 10, 9, 14]
24: [16, 12, 9]
25: [9, 12]
26: [9, 10, 16, 14, 12]
27: [10, 9, 14, 16, 12]
28: [10, 9, 14, 16, 12]
29: [14, 12, 10, 16]
30: [14, 9]
31: [10, 14, 9]
32: [16, 12, 9]
33: [16, 9]
34: [9, 10, 16, 14, 12]
35: [10, 9, 14, 16, 12]
36: [10, 9, 14, 16, 12]
37: [14, 12, 9, 10, 16]
38: [9, 10]
39: [9, 10, 14]
40: [16, 12]
41: [10, 16, 9, 12]
42: [10, 9, 14, 12]
43: [10, 14, 9, 12]
44: [14, 9, 16, 12]
45: [14, 12, 9, 16]
46: [14, 10, 16]
47: [9, 10, 14]
48: [16, 10, 12]
49: [10, 16, 12]
50: [16, 14, 12]
51: [10, 16, 14, 12]
52: [14, 12, 16, 10]
53: [14, 12, 9, 10]
54: [14, 9, 10, 16]
55: [9, 10, 14, 16]
56: [10, 16, 12]
57: [10, 16, 12]
58: [10, 16, 12]
59: [10, 12, 16, 14]
60: [12, 14, 10, 16]
61: [10, 14, 16]
62: [9, 10, 14, 16]
63: [9, 10, 14, 16]
13
0: [7, 16, 14, 9, 13]
1: [7, 16, 14, 9, 13]
2: [3, 7, 16, 14, 13, 9]
3: [7, 16, 3, 14, 10, 13, 9]
4: [7, 16, 3, 10, 13, 9, 14]
5: [7, 3, 8, 10, 13, 9, 14]
6: [3, 8, 10, 13, 9, 14, 15]
7: [3, 8, 10, 13, 9, 14, 15]
8: [7, 16, 14, 9, 13]
9: [9, 7, 14, 16, 13]
10: [3, 9, 7, 10, 16, 13]
11: [3, 7, 14, 10, 16, 13]
12: [3, 9, 10, 16, 7, 14]
13: []
14: [8, 13, 14, 3, 9, 10, 15]
15: [3, 8, 10, 13, 9, 14, 15]
16: [7, 16, 9, 13]
17: [15, 9, 7, 14, 16, 13]
18: [9, 15, 10, 16, 14]
19: [9, 10, 15, 14, 16, 13]
20: [9, 10, 15, 16, 13]
21: [15, 10, 13, 16]
22: [8, 13, 14, 3, 9, 10]
23: [8, 3, 13, 10, 14, 9, 15]
24: [15, 16, 9, 13]
25: [15, 9, 13]
26: [9, 10, 16, 14, 15]
27: [10, 13, 9, 14, 16, 15]
28: [10, 13, 9, 14, 16, 15]
29: [13, 14, 15, 10, 16]
30: [8, 13, 14, 15, 9]
31: [8, 13, 10, 14, 15, 9]
32: [15, 16, 13, 9]
33: [13, 16, 9, 15]
34: [9, 13, 10, 16, 14, 15]
35: [10, 13, 9, 14, 16, 15]
36: [10, 13, 9, 14, 16, 15]
37: [13, 14, 9, 10, 16]
38: [8, 9, 15, 13, 10]
39: [8, 9, 15, 13, 10, 14]
40: [15, 16, 13]
41: [10, 16, 9, 15]
42: [10, 13, 9, 14, 15]
43: [10, 14, 13, 9, 15]
44: [14, 13, 9, 15, 16]
45: [14, 13, 9, 16]
46: [8, 14, 13, 15, 10, 16]
47: [8, 9, 15, 10, 14]
48: [15, 16, 10, 13]
49: [10, 13, 16, 15]
50: [13, 16, 14, 15]
51: [10, 16, 14]
52: [14, 15, 16, 10]
53: [14, 9, 15, 10]
54: [14, 9, 15, 10, 16]
55: [9, 15, 10, 14, 16]
56: [15, 10, 16, 13]
57: [10, 15, 16, 13]
58: [10, 15, 16]
59: [10, 15, 16, 14]
60: [15, 14, 10, 16]
61: [15, 14, 10, 16]
62: [15, 9, 10, 14, 16]
63: [15, 9, 10, 14, 16]
14
0: [12, 14, 9, 13]
1: [12, 14, 13, 9]
2: [3, 14, 12, 13, 9]
3: [3, 14, 12, 10, 13, 9]
4: [3, 10, 13, 9, 12, 14]
5: [3, 8, 10, 13, 9, 12, 14]
6: [3, 8, 10, 13, 9, 14, 12, 15]
7: [3, 8, 10, 13, 9, 14, 12, 15]
8: [12, 14, 9, 13]
9: [9, 14, 12, 13]
10: [3, 9, 10, 12, 13]
11: [3, 14, 10, 12, 13]
12: [3, 9, 10, 12, 14]
13: [3, 9, 10, 15, 8, 13, 14]
14: []
15: [8, 3, 13, 10, 14, 9, 15, 12]
16: [12, 9, 13]
17: [15, 9, 14, 12, 13]
18: [9, 15, 10, 14]
19: [9, 10, 15, 14, 13]
20: [9, 10, 15, 12, 13]
21: [12, 15, 10, 13]
22: [8, 12, 13, 14, 3, 9, 10]
23: [8, 3, 13, 10, 14, 9, 15]
24: [15, 12, 9, 13]
25: [15, 9, 12, 13]
26: [9, 10, 14, 12, 15]
27: [10, 13, 9, 14, 15, 12]
28: [10, 13, 9, 14, 12, 15]
29: [12, 13, 14, 15, 10]
30: [8, 13, 14, 15, 9]
31: [8, 13, 10, 14, 15, 9]
32: [15, 13, 12, 9]
33: [13, 9, 15]
34: [13, 9, 10, 14, 12, 15]
35: [10, 13, 9, 14, 12, 15]
36: [13, 10, 14, 9, 12, 15]
37: [12, 13, 14, 9, 10]
38: [8, 9, 13, 15, 10]
39: [8, 9, 15, 13, 10, 14]
40: [15, 13, 12]
41: [10, 9, 12, 15]
42: [10, 13, 9, 14, 12, 15]
43: [10, 14, 13, 9, 15, 12]
44: [14, 13, 9, 15, 12]
45: [12, 14, 13, 9]
46: [8, 14, 13, 15, 10]
47: [8, 9, 15, 10, 14]
48: [15, 12, 13, 10]
49: [10, 13, 12, 15]
50: [13, 14, 15, 12]
51: [10, 14, 12]
52: [12, 14, 15, 10]
53: [12, 14, 9, 15, 10]
54: [14, 9, 15, 10]
55: [9, 15, 10, 14]
56: [12, 15, 10, 13]
57: [12, 10, 15, 13]
58: [12, 10, 15]
59: [12, 10, 15, 14]
60: [12, 15, 14, 10]
61: [15, 14, 10]
62: [15, 9, 14, 10]
63: [15, 9, 10, 14]
15
0: [13, 12, 14, 9]
1: [13, 12, 14, 9]
2: [13, 3, 12, 14, 9]
3: [13, 3, 12, 14, 9, 10]
4: [13, 14, 3, 9, 10, 12]
5: [8, 13, 14, 3, 9, 10, 12]
6: [8, 13, 14, 15, 3, 9, 10, 12]
7: [8, 13, 14, 15, 3, 9, 10, 12]
8: [13, 12, 14, 9]
9: [9, 13, 12, 14]
10: [3, 9, 13, 12, 10]
11: [3, 13, 12, 14, 10]
12: [3, 14, 9, 10, 12]
13: [3, 8, 15, 9, 14, 10, 13]
14: [12, 3, 15, 8, 9, 14, 10, 13]
15: []
16: [13, 12, 9]
17: [15, 9, 13, 12, 14]
18: [15, 9, 14, 10]
19: [15, 9, 13, 10, 14]
20: [15, 9, 13, 10, 12]
21: [12, 15, 10, 13]
22: [3, 12, 9, 8, 14, 10, 13]
23: [3, 9, 10, 8, 13, 14, 15]
24: [13, 15, 12, 9]
25: [15, 13, 9, 12]
26: [9, 12, 14, 10, 15]
27: [9, 14, 10, 13, 12, 15]
28: [9, 14, 10, 13, 12, 15]
29: [12, 14, 10, 13, 15]
30: [9, 8, 14, 13, 15]
31: [9, 10, 8, 13, 14, 15]
32: [15, 12, 13, 9]
33: [13, 9, 15]
34: [9, 12, 13, 14, 10, 15]
35: [9, 14, 10, 13, 12, 15]
36: [9, 14, 10, 13, 12, 15]
37: [12, 14, 10, 9, 13]
38: [8, 10, 9, 15, 13]
39: [10, 8, 9, 15, 13, 14]
40: [15, 12, 13]
41: [12, 9, 10, 15]
42: [12, 9, 15, 14, 10, 13]
43: [14, 10, 9, 15, 12, 13]
44: [14, 9, 15, 12, 13]
45: [12, 14, 9, 13]
46: [8, 10, 14, 15, 13]
47: [10, 8, 9, 15, 14]
48: [12, 15, 10, 13]
49: [12, 10, 15, 13]
50: [12, 15, 14, 13]
51: [10, 12, 14]
52: [12, 10, 14, 15]
53: [12, 10, 14, 9, 15]
54: [10, 14, 9, 15]
55: [10, 15, 9, 14]
56: [12, 15, 10, 13]
57: [12, 15, 10, 13]
58: [12, 15, 10]
59: [12, 15, 10, 14]
60: [10, 12, 15, 14]
61: [10, 15, 14]
62: [10, 15, 9, 14]
63: [10, 15, 9, 14]
16
0: [2, 9, 11, 12, 7, 13, 16]
1: [2, 9, 11, 12, 7, 13, 16]
2: [2, 9, 12, 7, 13, 16]
3: [9, 12, 7, 13, 16]
4: [9, 7, 12, 13, 16]
5: [7, 9, 12, 13]
6: [9, 12, 13]
7: [9, 12, 13]
8: [2, 9, 11, 12, 7, 13, 16]
9: [7, 11, 13, 2, 12, 16, 9]
10: [7, 2, 11, 13, 12, 16, 9]
11: [7, 12, 13, 16]
12: [7, 9, 12, 16]
13: [7, 13, 9, 16]
14: [13, 9, 12]
15: [9, 12, 13]
16: []
17: [7, 13, 2, 12, 6, 16, 9]
18: [11, 16, 9]
19: [11, 13, 9, 16]
20: [11, 13, 9, 16, 12]
21: [11, 13, 12, 16]
22: [11, 13, 9, 12]
23: [9, 13]
24: [6, 13, 16, 2, 9, 11, 12]
25: [13, 2, 12, 6, 9, 11]
26: [12, 16, 9, 11]
27: [13, 12, 16, 9, 11]
28: [13, 12, 16, 9, 11]
29: [13, 12, 16, 11]
30: [11, 9, 13]
31: [9, 11, 13]
32: [6, 16, 2, 13, 11, 9, 12]
33: [2, 6, 16, 13, 11, 9]
34: [12, 16, 13, 9]
35: [13, 12, 16, 9, 11]
36: [13, 12, 16, 9, 11]
37: [13, 9, 12, 16, 11]
38: [9, 13, 11]
39: [11, 9, 13]
40: [6, 16, 2, 13, 11, 12]
41: [2, 6, 16, 12, 11, 9]
42: [12, 13, 9]
43: [12, 13, 11, 9]
44: [12, 16, 13, 11, 9]
45: [13, 11, 12, 16, 9]
46: [13, 16, 11]
47: [11, 9]
48: [6, 16, 11, 13, 12]
49: [6, 16, 12, 13, 11]
50: [6, 16, 12, 13, 11]
51: [16, 12, 11]
52: [16, 12]
53: [11, 12, 9]
54: [16, 11, 9]
55: [11, 16, 9]
56: [6, 16, 11, 13, 12]
57: [6, 16, 11, 13, 12]
58: [6, 16, 11, 12]
59: [16, 11, 12]
60: [11, 16, 12]
61: [11, 16]
62: [11, 16, 9]
63: [11, 16, 9]
17
0: [2, 7, 9, 16, 12, 13, 14]
1: [2, 7, 9, 16, 12, 13, 14]
2: [7, 2, 16, 9, 13, 12, 14]
3: [7, 16, 9, 13, 14, 12]
4: [7, 12, 14, 16, 9, 13]
5: [7, 12, 14, 9, 13]
6: [12, 14, 9, 13, 15]
7: [14, 12, 9, 13, 15]
8: [2, 7, 9, 16, 12, 13, 14]
9: [7, 13, 16, 2, 9, 12, 14]
10: [7, 13, 16, 2, 9, 12]
11: [7, 13, 16, 14, 12]
12: [7, 12, 14, 16, 9]
13: [7, 13, 14, 16, 9, 15]
14: [13, 12, 14, 9, 15]
15: [14, 12, 9, 13, 15]
16: [6, 2, 7, 9, 16, 12, 13]
17: []
18: [14, 9, 15, 16]
19: [13, 16, 14, 9, 15]
20: [13, 16, 12, 9, 15]
21: [13, 16, 12, 15]
22: [13, 12, 14, 9]
23: [14, 13, 9, 15]
24: [6, 15, 2, 9, 16, 12, 13]
25: [2, 9, 12, 15, 6, 13]
26: [9, 12, 14, 15, 16]
27: [9, 16, 12, 13, 15, 14]
28: [9, 16, 12, 13, 15, 14]
29: [13, 16, 12, 14, 15]
30: [13, 14, 15, 9]
31: [14, 13, 9, 15]
32: [6, 15, 2, 13, 9, 16, 12]
33: [2, 6, 13, 9, 15, 16]
34: [9, 12, 14, 13, 15, 16]
35: [9, 16, 12, 13, 15, 14]
36: [9, 16, 12, 13, 15, 14]
37: [9, 13, 16, 12, 14]
38: [9, 15, 13]
39: [9, 14, 15, 13]
40: [2, 6, 15, 13, 16, 12]
41: [2, 12, 6, 9, 15, 16]
42: [12, 14, 9, 15, 13]
43: [12, 9, 15, 13, 14]
44: [12, 16, 9, 15, 13, 14]
45: [9, 16, 12, 13, 14]
46: [15, 16, 13, 14]
47: [9, 14, 15]
48: [6, 15, 13, 12, 16]
49: [12, 6, 13, 15, 16]
50: [14, 12, 6, 13, 15, 16]
51: [14, 12, 16]
52: [16, 15, 12, 14]
53: [9, 15, 12, 14]
54: [9, 16, 15, 14]
55: [9, 14, 15, 16]
56: [6, 15, 13, 12, 16]
57: [6, 15, 13, 12, 16]
58: [6, 15, 12, 16]
59: [14, 15, 12, 16]
60: [14, 15, 16, 12]
61: [14, 15, 16]
62: [14, 15, 9, 16]
63: [14, 9, 15, 16]
18
0: [9, 16, 11, 14]
1: [16, 9, 14, 11]
2: [16, 9, 14]
3: [10, 16, 9, 14]
4: [10, 14, 16, 9]
5: [10, 14, 9]
6: [10, 14, 9, 15]
7: [10, 14, 9, 15]
8: [9, 16, 11, 14]
9: [9, 16, 11, 14]
10: [9, 10, 16, 11]
11: [10, 16, 14]
12: [14, 16, 10, 9]
13: [14, 16, 10, 9, 15]
14: [14, 10, 9, 15]
15: [10, 14, 9, 15]
16: [9, 16, 11]
17: [15, 16, 9, 14]
18: []
19: [11, 20, 21, 16, 10, 14, 9, 15]
20: [11, 16, 10, 9, 15]
21: [11, 16, 10, 15]
22: [11, 14, 10, 9]
23: [10, 14, 9, 15]
24: [15, 9, 16, 11]
25: [15, 9, 11]
26: [14, 21, 20, 9, 15, 11, 10, 16]
27: [20, 21, 9, 16, 10, 15, 11, 14]
28: [16, 9, 10, 11, 15, 14]
29: [16, 10, 14, 11, 15]
30: [11, 14, 15, 9]
31: [11, 10, 14, 15, 9]
32: [15, 11, 9, 16]
33: [11, 9, 15, 16]
34: [14, 9, 15, 10, 16]
35: [9, 16, 15, 10, 14, 11]
36: [9, 16, 10, 15, 11, 14]
37: [9, 16, 10, 14, 11]
38: [9, 15, 10, 11]
39: [11, 10, 9, 14, 15]
40: [15, 11, 16]
41: [11, 9, 15, 10, 16]
42: [14, 9, 15, 10]
43: [9, 15, 11, 14, 10]
44: [16, 9, 15, 11, 14]
45: [9, 16, 11, 14]
46: [15, 16, 10, 14, 11]
47: [11, 10, 14, 9, 15]
48: [15, 11, 16, 10]
49: [11, 15, 10, 16]
50: [14, 11, 15, 16]
51: [14, 11, 10, 16]
52: [16, 10, 15, 14]
53: [9, 10, 15, 11, 14]
54: [9, 16, 10, 15, 11, 14]
55: [11, 14, 10, 9, 15, 16]
56: [15, 11, 16, 10]
57: [15, 11, 16, 10]
58: [15, 11, 10, 16]
59: [14, 15, 11, 10, 16]
60: [14, 15, 11, 16, 10]
61: [14, 11, 15, 16, 10]
62: [14, 11, 15, 10, 16, 9]
63: [11, 14, 10, 15, 9, 16]
19
0: [14, 16, 9, 13, 11]
1: [14, 16, 9, 13, 11]
2: [14, 16, 9, 13]
3: [14, 10, 16, 9, 13]
4: [10, 16, 14, 9, 13]
5: [10, 14, 13, 9]
6: [10, 14, 13, 9, 15]
7: [10, 14, 13, 9, 15]
8: [14, 16, 9, 13, 11]
9: [9, 14, 11, 13, 16]
10: [9, 10, 11, 13, 16]
11: [14, 10, 13, 16]
12: [16, 14, 9, 10]
13: [13, 16, 14, 9, 10, 15]
14: [13, 14, 9, 10, 15]
15: [10, 14, 13, 9, 15]
16: [16, 9, 11, 13]
17: [15, 9, 14, 13, 16]
18: [9, 15, 21, 20, 14, 10, 16, 11]
19: []
20: [11, 13, 16, 9, 10, 15]
21: [11, 13, 16, 10, 15]
22: [11, 13, 14, 9, 10]
23: [14, 10, 13, 9, 15]
24: [15, 9, 16, 11, 13]
25: [15, 9, 11, 13]
26: [20, 21, 9, 14, 10, 15, 11, 16]
27: [10, 20, 16, 21, 9, 13, 15, 11, 14]
28: [10, 16, 9, 13, 11, 15, 14]
29: [13, 16, 11, 14, 15, 10]
30: [11, 13, 14, 15, 9]
31: [11, 14, 10, 13, 15, 9]
32: [15, 13, 11, 9, 16]
33: [13, 11, 9, 15, 16]
34: [9, 14, 13, 10, 15, 16]
35: [10, 16, 9, 13, 15, 11, 14]
36: [10, 16, 13, 9, 11, 15, 14]
37: [13, 9, 16, 11, 14, 10]
38: [9, 15, 13, 11, 10]
39: [11, 9, 15, 14, 10, 13]
40: [15, 13, 11, 16]
41: [10, 11, 9, 15, 16]
42: [14, 10, 13, 9, 15]
43: [10, 9, 13, 11, 15, 14]
44: [16, 9, 13, 15, 11, 14]
45: [16, 9, 13, 11, 14]
46: [16, 15, 13, 11, 10, 14]
47: [11, 9, 15, 14, 10]
48: [15, 10, 11, 13, 16]
49: [10, 13, 11, 15, 16]
50: [14, 13, 11, 15, 16]
51: [10, 14, 11, 16]
52: [16, 15, 10, 14]
53: [9, 15, 11, 10, 14]
54: [16, 9, 15, 11, 10, 14]
55: [11, 16, 9, 15, 14, 10]
56: [15, 10, 11, 13, 16]
57: [10, 15, 11, 13, 16]
58: [10, 15, 11, 16]
59: [10, 15, 11, 14, 16]
60: [16, 11, 15, 14, 10]
61: [16, 11, 15, 14, 10]
62: [11, 16, 15, 9, 14, 10]
63: [11, 16, 15, 9, 14, 10]
20
0: [16, 12, 9, 13, 11]
1: [16, 12, 9, 13, 11]
2: [16, 12, 9, 13]
3: [10, 16, 12, 9, 13]
4: [12, 16, 10, 13, 9]
5: [12, 10, 13, 9]
6: [12, 10, 13, 9, 15]
7: [12, 10, 13, 9, 15]
8: [12, 16, 9, 13, 11]
9: [9, 12, 11, 13, 16]
10: [9, 10, 12, 11, 13, 16]
11: [10, 12, 13, 16]
12: [12, 16, 9, 10]
13: [13, 16, 9, 10, 15]
14: [13, 12, 9, 10, 15]
15: [12, 10, 13, 9, 15]
16: [12, 16, 9, 11, 13]
17: [15, 9, 12, 13, 16]
18: [9, 15, 10, 16, 11]
19: [9, 10, 15, 11, 13, 16]
20: []
21: [11, 13, 17, 22, 12, 16, 10, 15]
22: [11, 13, 12, 9, 10]
23: [10, 13, 9, 15]
24: [15, 12, 16, 9, 11, 13]
25: [15, 9, 12, 11, 13]
26: [9, 10, 15, 12, 11, 16]
27: [10, 16, 9, 13, 15, 11, 12]
28: [16, 22, 10, 17, 13, 9, 11, 15, 12]
29: [17, 22, 13, 12, 16, 11, 15, 10]
30: [11, 13, 15, 9]
31: [11, 10, 13, 15, 9]
32: [15, 13, 11, 12, 9, 16]
33: [13, 11, 9, 15, 16]
34: [9, 13, 10, 15, 12, 16]
35: [16, 10, 9, 13, 11, 15, 12]
36: [10, 16, 13, 9, 11, 15, 12]
37: [13, 12, 9, 16, 11, 10]
38: [9, 15, 13, 11, 10]
39: [11, 9, 15, 13, 10]
40: [15, 13, 11, 12, 16]
41: [10, 11, 9, 15, 12, 16]
42: [10, 13, 9, 15, 12]
43: [10, 13, 9, 11, 15, 12]
44: [16, 9, 13, 11, 15, 12]
45: [12, 16, 9, 13, 11]
46: [16, 15, 13, 11, 10]
47: [11, 9, 15, 10]
48: [15, 10, 11, 13, 12, 16]
49: [10, 13, 11, 15, 16, 12]
50: [13, 11, 15, 16, 12]
51: [10, 11, 16, 12]
52: [16, 12, 15, 10]
53: [12, 9, 15, 11, 10]
54: [16, 9, 15, 11, 10]
55: [11, 16, 9, 15, 10]
56: [15, 10, 11, 13, 12, 16]
57: [10, 15, 11, 12, 13, 16]
58: [10, 15, 11, 12, 16]
59: [10, 11, 15, 12, 16]
60: [16, 11, 15, 12, 10]
61: [16, 11, 15, 10]
62: [11, 16, 15, 9, 10]
63: [11, 16, 15, 9, 10]
21
0: [16, 12, 13, 11]
1: [16, 12, 13, 11]
2: [16, 12, 13]
3: [16, 12, 10, 13]
4: [16, 10, 13, 12]
5: [10, 13, 12]
6: [10, 13, 12, 15]
7: [10, 13, 12, 15]
8: [16, 12, 13, 11]
9: [12, 16, 11, 13]
10: [12, 10, 16, 11, 13]
11: [12, 10, 16, 13]
12: [16, 10, 12]
13: [13, 16, 10, 15]
14: [10, 13, 12, 15]
15: [13, 10, 15, 12]
16: [16, 12, 11, 13]
17: [15, 12, 16, 13]
18: [15, 10, 16, 11]
19: [15, 10, 16, 11, 13]
20: [15, 22, 17, 10, 16, 12, 11, 13]
21: []
22: [10, 11, 13, 12]
23: [13, 10, 15]
24: [15, 16, 12, 11, 13]
25: [15, 12, 11, 13]
26: [10, 16, 12, 15, 11]
27: [10, 13, 16, 11, 15, 12]
28: [17, 22, 10, 13, 11, 16, 12, 15]
29: [12, 17, 22, 13, 11, 15, 10, 16]
30: [11, 13, 15]
31: [11, 13, 10, 15]
32: [15, 16, 12, 13, 11]
33: [13, 11, 16, 15]
34: [13, 10, 16, 12, 15]
35: [10, 13, 11, 16, 12, 15]
36: [13, 10, 11, 12, 16, 15]
37: [12, 13, 11, 10, 16]
38: [15, 13, 11, 10]
39: [11, 15, 13, 10]
40: [15, 12, 16, 13, 11]
41: [10, 11, 16, 12, 15]
42: [10, 13, 12, 15]
43: [10, 13, 11, 15, 12]
44: [13, 11, 15, 12, 16]
45: [12, 13, 11, 16]
46: [15, 13, 11, 10, 16]
47: [11, 15, 10]
48: [15, 12, 16, 11, 13, 10]
49: [10, 13, 11, 16, 12, 15]
50: [13, 16, 11, 15, 12]
51: [10, 16, 11, 12]
52: [12, 15, 16, 10]
53: [12, 15, 11, 10]
54: [15, 11, 10, 16]
55: [11, 15, 10, 16]
56: [12, 15, 11, 16, 10, 13]
57: [12, 15, 11, 10, 16, 13]
58: [12, 11, 15, 10, 16]
59: [12, 11, 10, 15, 16]
60: [12, 11, 15, 16, 10]
61: [11, 15, 10, 16]
62: [11, 15, 10, 16]
63: [11, 15, 10, 16]
22
0: [12, 14, 13, 9, 11]
1: [12, 14, 13, 9, 11]
2: [3, 14, 12, 13, 9]
3: [3, 14, 12, 10, 13, 9]
4: [3, 10, 13, 9, 12, 14]
5: [3, 8, 10, 13, 9, 12, 14]
6: [3, 8, 10, 13, 9, 14, 12]
7: [8, 3, 13, 10, 14, 9, 12]
8: [12, 14, 9, 13, 11]
9: [9, 14, 12, 13, 11]
10: [3, 9, 10, 12, 13, 11]
11: [3, 14, 12, 10, 13]
12: [3, 9, 10, 12, 14]
13: [3, 9, 10, 8, 13, 14]
14: [3, 9, 10, 8, 12, 13, 14]
15: [8, 3, 13, 10, 14, 9, 12]
16: [12, 9, 13, 11]
17: [9, 14, 12, 13]
18: [9, 10, 14, 11]
19: [9, 10, 14, 13, 11]
20: [9, 10, 12, 13, 11]
21: [12, 13, 10, 11]
22: []
23: [4, 8, 3, 13, 10, 14, 9]
24: [12, 9, 11, 13]
25: [9, 12, 11, 13]
26: [9, 10, 14, 12, 11]
27: [10, 13, 9, 14, 11, 12]
28: [13, 10, 14, 9, 11, 12]
29: [12, 13, 14, 11, 10]
30: [8, 11, 13, 14, 4, 9]
31: [4, 11, 8, 13, 10, 14, 9]
32: [13, 12, 11, 9]
33: [13, 11, 9]
34: [13, 9, 10, 14, 12]
35: [13, 10, 14, 9, 11, 12]
36: [13, 10, 14, 9, 11, 12]
37: [12, 13, 14, 9, 11, 10]
38: [8, 4, 9, 13, 11, 10]
39: [4, 11, 8, 9, 13, 10, 14]
40: [13, 12, 11]
41: [10, 11, 9, 12]
42: [13, 10, 14, 9, 12]
43: [10, 14, 13, 11, 9, 12]
44: [14, 13, 11, 9, 12]
45: [12, 14, 13, 11, 9]
46: [8, 14, 4, 13, 11, 10]
47: [4, 8, 11, 9, 10, 14]
48: [12, 13, 11, 10]
49: [13, 10, 11, 12]
50: [13, 11, 14, 12]
51: [10, 11, 14, 12]
52: [12, 14, 10]
53: [12, 14, 4, 9, 11, 10]
54: [14, 4, 9, 11, 10]
55: [4, 11, 9, 10, 14]
56: [12, 11, 13, 10]
57: [12, 11, 10, 13]
58: [12, 11, 10]
59: [12, 11, 10, 14]
60: [12, 11, 14, 10]
61: [4, 11, 14, 10]
62: [4, 11, 9, 14, 10]
63: [4, 11, 9, 14, 10]
23
0: [13, 14, 9]
1: [13, 14, 9]
2: [3, 13, 14, 9]
3: [13, 3, 14, 9, 10]
4: [13, 14, 3, 9, 10]
5: [8, 13, 14, 3, 9, 10]
6: [8, 13, 14, 15, 3, 9, 10]
7: [8, 13, 14, 15, 3, 9, 10]
8: [13, 14, 9]
9: [9, 13, 14]
10: [3, 9, 13, 10]
11: [3, 13, 14, 10]
12: [3, 9, 14, 10]
13: [3, 8, 9, 15, 14, 10, 13]
14: [3, 9, 15, 8, 14, 10, 13]
15: [8, 13, 14, 15, 3, 9, 10]
16: [13, 9]
17: [15, 9, 13, 14]
18: [9, 15, 14, 10]
19: [9, 15, 13, 10, 14]
20: [9, 15, 13, 10]
21: [15, 10, 13]
22: [3, 9, 8, 14, 4, 10, 13]
23: []
24: [13, 15, 9]
25: [15, 9, 13]
26: [9, 14, 10, 15]
27: [9, 10, 14, 13, 15]
28: [9, 14, 10, 13, 15]
29: [14, 10, 13, 15]
30: [9, 8, 14, 4, 13, 15]
31: [4, 9, 10, 8, 13, 14, 15]
32: [15, 13, 9]
33: [13, 9, 15]
34: [9, 13, 14, 10, 15]
35: [9, 14, 10, 13, 15]
36: [9, 14, 10, 13, 15]
37: [14, 10, 9, 13]
38: [8, 4, 10, 9, 15, 13]
39: [4, 10, 8, 9, 15, 13, 14]
40: [15, 13]
41: [9, 10, 15]
42: [9, 15, 10, 14, 13]
43: [14, 10, 9, 15, 13]
44: [14, 9, 15, 13]
45: [14, 9, 13]
46: [4, 8, 10, 14, 15, 13]
47: [4, 10, 8, 9, 15, 14]
48: [15, 10, 13]
49: [10, 15, 13]
50: [15, 14, 13]
51: [10, 14]
52: [10, 14, 15]
53: [4, 10, 14, 9, 15]
54: [4, 10, 14, 9, 15]
55: [4, 10, 9, 15, 14]
56: [15, 10, 13]
57: [15, 10, 13]
58: [15, 10]
59: [15, 10, 14]
60: [10, 15, 14]
61: [4, 10, 15, 14]
62: [4, 10, 15, 9, 14]
63: [4, 10, 15, 9, 14]
24
0: [2, 9, 11, 12, 13, 16]
1: [2, 9, 11, 12, 13, 16]
2: [2, 9, 12, 13, 16]
3: [9, 12, 13, 16]
4: [9, 12, 13, 16]
5: [9, 12, 13]
6: [9, 12, 13, 15]
7: [9, 12, 13, 15]
8: [2, 9, 11, 12, 13, 16]
9: [13, 11, 2, 12, 16, 9]
10: [13, 2, 11, 12, 16, 9]
11: [13, 12, 16]
12: [9, 12, 16]
13: [13, 9, 16, 15]
14: [13, 9, 12, 15]
15: [9, 12, 13, 15]
16: [2, 9, 11, 12, 6, 13, 16]
17: [13, 2, 12, 6, 16, 9, 15]
18: [11, 16, 9, 15]
19: [13, 11, 9, 16, 15]
20: [13, 11, 9, 16, 12, 15]
21: [13, 11, 12, 16, 15]
22: [11, 13, 9, 12]
23: [9, 13, 15]
24: []
25: [13, 2, 6, 12, 9, 11, 15]
26: [12, 16, 9, 15, 11]
27: [13, 12, 16, 9, 15, 11]
28: [13, 16, 12, 9, 15, 11]
29: [13, 15, 12, 16, 11]
30: [11, 13, 9, 15]
31: [9, 11, 13, 15]
32: [6, 15, 16, 2, 13, 11, 9, 12]
33: [2, 6, 16, 13, 15, 11, 9]
34: [12, 16, 13, 9, 15]
35: [13, 12, 16, 9, 15, 11]
36: [13, 12, 16, 9, 15, 11]
37: [13, 9, 12, 16, 11]
38: [15, 9, 13, 11]
39: [11, 15, 9, 13]
40: [6, 15, 16, 2, 13, 11, 12]
41: [6, 2, 16, 12, 15, 11, 9]
42: [12, 15, 13, 9]
43: [12, 15, 13, 11, 9]
44: [12, 15, 16, 13, 11, 9]
45: [13, 11, 16, 12, 9]
46: [15, 13, 16, 11]
47: [15, 11, 9]
48: [6, 15, 16, 13, 11, 12]
49: [6, 16, 12, 15, 13, 11]
50: [6, 16, 12, 15, 13, 11]
51: [16, 12, 11]
52: [15, 16, 12]
53: [15, 11, 12, 9]
54: [15, 16, 11, 9]
55: [15, 11, 16, 9]
56: [6, 15, 16, 11, 13, 12]
57: [6, 15, 16, 11, 13, 12]
58: [6, 15, 16, 11, 12]
59: [15, 16, 11, 12]
60: [15, 11, 16, 12]
61: [15, 11, 16]
62: [15, 11, 16, 9]
63: [15, 11, 16, 9]
25
0: [11, 2, 9, 12, 13]
1: [11, 2, 9, 12, 13]
2: [2, 9, 12, 13]
3: [9, 13, 12]
4: [12, 9, 13]
5: [12, 9, 13]
6: [12, 9, 13, 15]
7: [12, 9, 13, 15]
8: [11, 2, 9, 12, 13]
9: [13, 11, 2, 9, 12]
10: [13, 11, 2, 9, 12]
11: [13, 12]
12: [12, 9]
13: [13, 9, 15]
14: [13, 12, 9, 15]
15: [12, 9, 13, 15]
16: [6, 11, 2, 9, 12, 13]
17: [6, 13, 2, 9, 12, 15]
18: [11, 9, 15]
19: [13, 11, 9, 15]
20: [13, 11, 12, 9, 15]
21: [13, 11, 12, 15]
22: [13, 11, 12, 9]
23: [9, 13, 15]
24: [11, 15, 6, 2, 9, 12, 13]
25: []
26: [9, 12, 15, 11]
27: [9, 12, 13, 15, 11]
28: [9, 12, 13, 15, 11]
29: [13, 12, 15, 11]
30: [13, 11, 15, 9]
31: [11, 13, 9, 15]
32: [15, 2, 6, 13, 9, 11, 12]
33: [2, 6, 13, 9, 15, 11]
34: [9, 12, 13, 15]
35: [9, 12, 13, 15, 11]
36: [9, 12, 13, 15, 11]
37: [9, 13, 12, 11]
38: [9, 15, 13, 11]
39: [9, 11, 15, 13]
40: [2, 15, 6, 13, 11, 12]
41: [2, 12, 6, 9, 15, 11]
42: [12, 9, 15, 13]
43: [12, 9, 15, 13, 11]
44: [12, 9, 15, 13, 11]
45: [9, 12, 13, 11]
46: [15, 13, 11]
47: [9, 15, 11]
48: [15, 6, 13, 11, 12]
49: [12, 6, 13, 15, 11]
50: [12, 6, 15, 13, 11]
51: [12, 11]
52: [15, 12]
53: [9, 15, 12, 11]
54: [9, 15, 11]
55: [9, 15, 11]
56: [15, 6, 13, 11, 12]
57: [15, 6, 11, 13, 12]
58: [15, 6, 11, 12]
59: [15, 11, 12]
60: [15, 11, 12]
61: [15, 11]
62: [15, 9, 11]
63: [9, 15, 11]
26
0: [11, 9, 16, 12, 14]
1: [11, 9, 16, 12, 14]
2: [9, 16, 12, 14]
3: [10, 9, 16, 14, 12]
4: [10, 12, 14, 16, 9]
5: [10, 12, 14, 9]
6: [10, 15, 12, 14, 9]
7: [10, 15, 14, 12, 9]
8: [11, 9, 16, 12, 14]
9: [16, 11, 9, 12, 14]
10: [10, 16, 11, 9, 12]
11: [10, 16, 14, 12]
12: [12, 14, 16, 10, 9]
13: [15, 14, 16, 10, 9]
14: [15, 12, 14, 10, 9]
15: [10, 15, 14, 12, 9]
16: [11, 9, 16, 12]
17: [16, 15, 9, 12, 14]
18: [10, 16, 20, 21, 11, 15, 9, 14]
19: [20, 21, 16, 11, 15, 10, 14, 9]
20: [16, 11, 12, 15, 10, 9]
21: [11, 15, 12, 16, 10]
22: [11, 12, 14, 10, 9]
23: [15, 10, 14, 9]
24: [11, 15, 9, 16, 12]
25: [11, 15, 9, 12]
26: []
27: [15, 21, 9, 20, 16, 12, 10, 14, 11]
28: [9, 15, 16, 12, 10, 14, 11]
29: [15, 12, 16, 10, 14, 11]
30: [15, 11, 14, 9]
31: [15, 10, 14, 11, 9]
32: [9, 15, 11, 12, 16]
33: [9, 11, 15, 16]
34: [9, 12, 14, 10, 15, 16]
35: [9, 15, 12, 16, 14, 10, 11]
36: [15, 9, 12, 16, 10, 14, 11]
37: [9, 16, 10, 12, 14, 11]
38: [9, 10, 15, 11]
39: [9, 10, 14, 11, 15]
40: [15, 11, 12, 16]
41: [12, 9, 11, 10, 15, 16]
42: [12, 14, 9, 15, 10]
43: [12, 9, 14, 11, 10, 15]
44: [12, 16, 9, 14, 11, 15]
45: [9, 16, 12, 14, 11]
46: [16, 10, 14, 15, 11]
47: [9, 14, 10, 11, 15]
48: [15, 11, 12, 16, 10]
49: [12, 11, 10, 15, 16]
50: [14, 12, 11, 15, 16]
51: [14, 12, 11, 10, 16]
52: [16, 10, 12, 14, 15]
53: [9, 10, 12, 14, 11, 15]
54: [9, 16, 10, 14, 15, 11]
55: [9, 14, 10, 11, 16, 15]
56: [15, 11, 12, 16, 10]
57: [11, 15, 12, 16, 10]
58: [11, 15, 12, 10, 16]
59: [14, 11, 15, 12, 10, 16]
60: [14, 16, 10, 11, 12, 15]
61: [14, 16, 10, 11, 15]
62: [14, 9, 10, 16, 11, 15]
63: [14, 9, 10, 16, 11, 15]
27
0: [11, 14, 9, 16, 12, 13]
1: [14, 11, 16, 9, 13, 12]
2: [14, 16, 9, 13, 12]
3: [14, 10, 16, 9, 13, 12]
4: [12, 16, 10, 13, 9, 14]
5: [12, 10, 13, 9, 14]
6: [12, 15, 10, 13, 9, 14]
7: [12, 15, 13, 10, 14, 9]
8: [11, 14, 9, 16, 12, 13]
9: [11, 14, 12, 13, 9, 16]
10: [11, 10, 12, 13, 9, 16]
11: [14, 10, 12, 13, 16]
12: [12, 16, 14, 9, 10]
13: [15, 16, 14, 9, 13, 10]
14: [12, 15, 14, 9, 13, 10]
15: [12, 15, 13, 10, 14, 9]
16: [11, 9, 16, 12, 13]
17: [14, 15, 13, 12, 16, 9]
18: [20, 21, 11, 14, 10, 15, 9, 16]
19: [14, 21, 20, 11, 15, 13, 9, 16, 10]
20: [12, 11, 15, 9, 13, 10, 16]
21: [12, 11, 15, 16, 13, 10]
22: [12, 11, 9, 14, 10, 13]
23: [15, 13, 10, 14, 9]
24: [11, 9, 15, 12, 16, 13]
25: [11, 15, 13, 12, 9]
26: [11, 20, 21, 14, 10, 12, 16, 9, 15]
27: []
28: [9, 10, 12, 15, 11, 13, 14, 16]
29: [15, 12, 16, 14, 10, 11, 13]
30: [15, 11, 9, 14, 13]
31: [15, 11, 13, 14, 10, 9]
32: [13, 9, 15, 12, 16, 11]
33: [13, 9, 11, 16, 15]
34: [13, 14, 10, 12, 16, 9, 15]
35: [13, 15, 16, 10, 14, 9, 11, 12]
36: [9, 10, 15, 16, 11, 12, 13, 14]
37: [9, 12, 16, 14, 10, 11, 13]
38: [9, 13, 15, 10, 11]
39: [9, 11, 13, 14, 10, 15]
40: [13, 15, 12, 16, 11]
41: [10, 9, 11, 16, 12, 15]
42: [13, 10, 14, 9, 12, 15]
43: [10, 13, 9, 11, 15, 12, 14]
44: [16, 9, 13, 11, 15, 14, 12]
45: [9, 16, 12, 13, 11, 14]
46: [16, 13, 15, 10, 14, 11]
47: [9, 11, 14, 10, 15]
48: [13, 10, 12, 15, 11, 16]
49: [13, 10, 11, 16, 12, 15]
50: [13, 14, 11, 16, 12, 15]
51: [10, 14, 16, 11, 12]
52: [16, 12, 10, 15, 14]
53: [9, 12, 10, 15, 11, 14]
54: [9, 16, 10, 15, 11, 14]
55: [9, 16, 11, 14, 10, 15]
56: [13, 10, 12, 15, 11, 16]
57: [10, 13, 12, 15, 11, 16]
58: [10, 12, 11, 15, 16]
59: [10, 14, 12, 11, 15, 16]
60: [16, 12, 14, 11, 15, 10]
61: [16, 14, 11, 15, 10]
62: [16, 9, 14, 11, 15, 10]
63: [9, 16, 11, 14, 10, 15]
28
0: [14, 11, 9, 16, 12, 13]
1: [14, 11, 9, 16, 12, 13]
2: [14, 16, 9, 13, 12]
3: [14, 10, 16, 9, 13, 12]
4: [12, 10, 16, 9, 13, 14]
5: [12, 10, 13, 9, 14]
6: [12, 15, 10, 13, 9, 14]
7: [12, 15, 10, 13, 9, 14]
8: [11, 14, 9, 16, 12, 13]
9: [14, 11, 12, 13, 9, 16]
10: [11, 10, 12, 13, 9, 16]
11: [14, 10, 12, 13, 16]
12: [12, 16, 14, 9, 10]
13: [15, 16, 14, 9, 13, 10]
14: [12, 15, 9, 14, 10, 13]
15: [15, 12, 13, 10, 14, 9]
16: [11, 9, 12, 16, 13]
17: [14, 15, 12, 13, 9, 16]
18: [14, 11, 15, 10, 9, 16]
19: [14, 15, 11, 9, 13, 10, 16]
20: [12, 17, 22, 15, 11, 9, 13, 10, 16]
21: [17, 22, 12, 15, 11, 16, 10, 13]
22: [12, 11, 9, 14, 10, 13]
23: [15, 13, 10, 14, 9]
24: [11, 15, 9, 12, 16, 13]
25: [11, 15, 13, 12, 9]
26: [11, 14, 10, 12, 16, 9, 15]
27: [13, 14, 16, 11, 15, 9, 10, 12]
28: []
29: [15, 22, 17, 12, 16, 14, 10, 13, 11]
30: [15, 11, 9, 14, 13]
31: [15, 11, 13, 10, 14, 9]
32: [13, 9, 15, 12, 16, 11]
33: [13, 9, 11, 16, 15]
34: [13, 10, 14, 12, 16, 15, 9]
35: [10, 11, 13, 16, 9, 12, 14, 15]
36: [9, 10, 11, 16, 12, 13, 14, 15]
37: [9, 12, 16, 10, 14, 11, 13]
38: [9, 13, 15, 10, 11]
39: [9, 13, 11, 14, 10, 15]
40: [13, 15, 12, 16, 11]
41: [10, 9, 11, 16, 12, 15]
42: [10, 13, 9, 14, 12, 15]
43: [10, 9, 13, 15, 11, 12, 14]
44: [16, 9, 13, 15, 11, 12, 14]
45: [9, 12, 16, 13, 14, 11]
46: [16, 13, 15, 10, 14, 11]
47: [9, 11, 14, 10, 15]
48: [13, 10, 15, 12, 16, 11]
49: [10, 13, 11, 16, 12, 15]
50: [13, 14, 16, 11, 15, 12]
51: [10, 14, 16, 11, 12]
52: [16, 12, 10, 15, 14]
53: [9, 12, 10, 15, 11, 14]
54: [9, 16, 15, 10, 14, 11]
55: [9, 16, 11, 14, 10, 15]
56: [10, 13, 12, 15, 11, 16]
57: [10, 13, 12, 15, 11, 16]
58: [10, 12, 15, 11, 16]
59: [10, 12, 14, 15, 11, 16]
60: [16, 12, 14, 15, 11, 10]
61: [16, 14, 11, 15, 10]
62: [9, 16, 14, 11, 15, 10]
63: [9, 16, 14, 11, 15, 10]
29
0: [16, 11, 12, 14, 13]
1: [16, 11, 12, 14, 13]
2: [16, 14, 12, 13]
3: [16, 14, 12, 10, 13]
4: [16, 10, 13, 12, 14]
5: [13, 10, 12, 14]
6: [15, 13, 10, 14, 12]
7: [15, 13, 10, 14, 12]
8: [11, 16, 12, 14, 13]
9: [11, 14, 12, 16, 13]
10: [11, 12, 10, 16, 13]
11: [14, 12, 10, 16, 13]
12: [16, 10, 12, 14]
13: [16, 10, 15, 13, 14]
14: [10, 15, 12, 13, 14]
15: [15, 13, 10, 14, 12]
16: [11, 16, 12, 13]
17: [15, 14, 12, 16, 13]
18: [15, 11, 14, 10, 16]
19: [10, 15, 14, 11, 16, 13]
20: [17, 22, 10, 15, 11, 16, 12, 13]
21: [10, 16, 22, 17, 15, 11, 13, 12]
22: [10, 11, 12, 13, 14]
23: [15, 13, 10, 14]
24: [11, 16, 12, 15, 13]
25: [11, 15, 12, 13]
26: [11, 10, 14, 12, 16, 15]
27: [11, 13, 10, 14, 16, 12, 15]
28: [11, 17, 13, 22, 10, 14, 16, 12, 15]
29: []
30: [15, 11, 13, 14]
31: [15, 11, 13, 10, 14]
32: [13, 12, 16, 15, 11]
33: [13, 16, 11, 15]
34: [13, 10, 14, 16, 12, 15]
35: [11, 13, 14, 10, 12, 16, 15]
36: [11, 13, 10, 14, 12, 16, 15]
37: [12, 13, 14, 10, 11, 16]
38: [13, 15, 10, 11]
39: [11, 13, 15, 10, 14]
40: [13, 12, 16, 15, 11]
41: [10, 16, 12, 11, 15]
42: [13, 10, 14, 12, 15]
43: [14, 10, 13, 12, 15, 11]
44: [14, 13, 12, 15, 16, 11]
45: [12, 14, 13, 11, 16]
46: [14, 13, 15, 10, 11, 16]
47: [11, 15, 14, 10]
48: [12, 13, 16, 10, 15, 11]
49: [13, 10, 16, 12, 11, 15]
50: [13, 16, 14, 12, 11, 15]
51: [10, 16, 14, 12, 11]
52: [12, 14, 15, 16, 10]
53: [12, 14, 15, 10, 11]
54: [14, 15, 10, 11, 16]
55: [11, 15, 14, 10, 16]
56: [12, 13, 16, 10, 15, 11]
57: [12, 13, 10, 16, 15, 11]
58: [12, 10, 16, 15, 11]
59: [12, 10, 16, 15, 11, 14]
60: [12, 15, 11, 14, 16, 10]
61: [15, 11, 14, 10, 16]
62: [11, 15, 14, 10, 16]
63: [11, 15, 14, 10, 16]
30
0: [14, 13, 9, 11]
1: [14, 13, 9, 11]
2: [14, 13, 9]
3: [14, 13, 9]
4: [13, 9, 14]
5: [8, 13, 9, 14]
6: [15, 8, 13, 14, 9]
7: [15, 8, 13, 14, 9]
8: [14, 13, 9, 11]
9: [9, 14, 13, 11]
10: [9, 13, 11]
11: [14, 13]
12: [9, 14]
13: [9, 15, 8, 13, 14]
14: [9, 15, 8, 13, 14]
15: [15, 8, 13, 14, 9]
16: [9, 13, 11]
17: [9, 15, 14, 13]
18: [9, 15, 14, 11]
19: [9, 15, 14, 13, 11]
20: [9, 15, 13, 11]
21: [15, 13, 11]
22: [4, 9, 8, 11, 13, 14]
23: [4, 15, 8, 13, 14, 9]
24: [15, 9, 11, 13]
25: [9, 15, 11, 13]
26: [9, 14, 11, 15]
27: [13, 14, 9, 11, 15]
28: [13, 14, 9, 11, 15]
29: [13, 14, 11, 15]
30: []
31: [11, 15, 4, 8, 13, 14, 9]
32: [13, 11, 15, 9]
33: [13, 11, 9, 15]
34: [13, 9, 14, 15]
35: [13, 14, 9, 11, 15]
36: [13, 14, 9, 11, 15]
37: [13, 14, 9, 11]
38: [8, 4, 9, 13, 11, 15]
39: [11, 4, 8, 9, 13, 15, 14]
40: [13, 11, 15]
41: [11, 9, 15]
42: [13, 14, 9, 15]
43: [14, 13, 11, 9, 15]
44: [14, 13, 11, 9, 15]
45: [14, 13, 11, 9]
46: [8, 14, 4, 13, 11, 15]
47: [8, 11, 4, 9, 15, 14]
48: [13, 11, 15]
49: [13, 11, 15]
50: [13, 11, 14, 15]
51: [11, 14]
52: [14, 15]
53: [14, 4, 11, 9, 15]
54: [14, 4, 9, 11, 15]
55: [11, 4, 9, 15, 14]
56: [11, 13, 15]
57: [11, 13, 15]
58: [11, 15]
59: [11, 15, 14]
60: [11, 15, 14]
61: [11, 4, 15, 14]
62: [11, 4, 9, 15, 14]
63: [11, 4, 9, 15, 14]
31
0: [13, 14, 9, 11]
1: [13, 14, 9, 11]
2: [13, 14, 9]
3: [13, 14, 9, 10]
4: [13, 14, 9, 10]
5: [8, 13, 14, 9, 10]
6: [8, 13, 14, 15, 9, 10]
7: [8, 13, 14, 15, 9, 10]
8: [13, 14, 9, 11]
9: [9, 13, 14, 11]
10: [9, 13, 10, 11]
11: [13, 14, 10]
12: [9, 14, 10]
13: [9, 8, 15, 14, 10, 13]
14: [9, 15, 8, 14, 10, 13]
15: [8, 13, 14, 15, 9, 10]
16: [13, 9, 11]
17: [9, 15, 13, 14]
18: [9, 15, 14, 10, 11]
19: [9, 15, 13, 10, 14, 11]
20: [9, 15, 10, 13, 11]
21: [15, 10, 13, 11]
22: [9, 8, 14, 4, 10, 13, 11]
23: [8, 13, 14, 15, 4, 9, 10]
24: [13, 15, 9, 11]
25: [9, 15, 13, 11]
26: [9, 11, 14, 10, 15]
27: [9, 10, 14, 13, 11, 15]
28: [9, 10, 14, 11, 13, 15]
29: [14, 10, 13, 11, 15]
30: [9, 8, 4, 14, 13, 11, 15]
31: []
32: [11, 15, 9, 13]
33: [11, 9, 13, 15]
34: [9, 13, 10, 14, 15]
35: [9, 14, 10, 11, 13, 15]
36: [9, 14, 10, 13, 11, 15]
37: [10, 14, 9, 11, 13]
38: [4, 8, 10, 9, 11, 15, 13]
39: [4, 10, 11, 8, 9, 15, 13, 14]
40: [11, 15, 13]
41: [11, 9, 10, 15]
42: [9, 10, 15, 14, 13]
43: [11, 14, 10, 9, 15, 13]
44: [14, 11, 9, 15, 13]
45: [14, 11, 9, 13]
46: [4, 8, 10, 14, 11, 15, 13]
47: [4, 10, 11, 8, 9, 15, 14]
48: [11, 15, 10, 13]
49: [11, 10, 15, 13]
50: [11, 15, 14, 13]
51: [11, 10, 14]
52: [10, 14, 15]
53: [4, 10, 14, 11, 9, 15]
54: [4, 10, 14, 11, 9, 15]
55: [4, 10, 11, 9, 15, 14]
56: [11, 15, 10, 13]
57: [11, 15, 10, 13]
58: [11, 15, 10]
59: [11, 15, 10, 14]
60: [10, 11, 15, 14]
61: [4, 10, 11, 15, 14]
62: [4, 10, 11, 15, 9, 14]
63: [4, 10, 11, 9, 15, 14]
32
0: [2, 9, 12, 11, 13, 16]
1: [2, 9, 12, 13, 11, 16]
2: [2, 9, 12, 13, 16]
3: [9, 12, 13, 16]
4: [9, 13, 12, 16]
5: [9, 13, 12]
6: [9, 13, 12, 15]
7: [9, 13, 12, 15]
8: [2, 9, 12, 11, 13, 16]
9: [2, 12, 16, 9, 11, 13]
10: [2, 12, 16, 9, 11, 13]
11: [12, 16, 13]
12: [9, 12, 16]
13: [9, 13, 16, 15]
14: [9, 12, 13, 15]
15: [9, 13, 12, 15]
16: [2, 9, 12, 6, 11, 13, 16]
17: [2, 6, 12, 16, 9, 13, 15]
18: [16, 9, 11, 15]
19: [16, 9, 11, 13, 15]
20: [9, 16, 12, 11, 13, 15]
21: [11, 12, 13, 16, 15]
22: [9, 11, 12, 13]
23: [9, 13, 15]
24: [2, 9, 12, 6, 11, 13, 15, 16]
25: [2, 6, 12, 11, 9, 13, 15]
26: [12, 16, 11, 9, 15]
27: [11, 16, 12, 15, 9, 13]
28: [11, 16, 12, 9, 15, 13]
29: [11, 15, 12, 16, 13]
30: [9, 11, 15, 13]
31: [9, 13, 11, 15]
32: []
33: [11, 6, 2, 16, 15, 9, 13]
34: [16, 12, 15, 9, 13]
35: [11, 12, 16, 9, 15, 13]
36: [11, 12, 16, 15, 9, 13]
37: [11, 9, 16, 12, 13]
38: [11, 13, 15, 9]
39: [13, 15, 9, 11]
40: [6, 13, 15, 16, 2, 11, 12]
41: [11, 6, 16, 2, 12, 15, 9]
42: [13, 12, 15, 9]
43: [11, 13, 12, 15, 9]
44: [11, 13, 15, 12, 16, 9]
45: [11, 13, 16, 12, 9]
46: [11, 13, 15, 16]
47: [15, 9, 11]
48: [6, 13, 15, 16, 11, 12]
49: [11, 13, 6, 16, 12, 15]
50: [11, 6, 13, 16, 12, 15]
51: [11, 16, 12]
52: [15, 16, 12]
53: [11, 15, 12, 9]
54: [11, 15, 16, 9]
55: [15, 16, 9, 11]
56: [6, 13, 15, 16, 11, 12]
57: [6, 13, 15, 16, 11, 12]
58: [6, 15, 16, 11, 12]
59: [15, 16, 11, 12]
60: [15, 16, 11, 12]
61: [15, 16, 11]
62: [15, 16, 9, 11]
63: [15, 16, 9, 11]
33
0: [9, 2, 11, 13, 16]
1: [9, 2, 11, 13, 16]
2: [9, 2, 13, 16]
3: [9, 13, 16]
4: [9, 13, 16]
5: [9, 13]
6: [9, 15, 13]
7: [9, 15, 13]
8: [9, 2, 11, 13, 16]
9: [16, 2, 9, 11, 13]
10: [16, 2, 9, 11, 13]
11: [16, 13]
12: [9, 16]
13: [15, 9, 16, 13]
14: [15, 9, 13]
15: [15, 9, 13]
16: [6, 9, 2, 11, 13, 16]
17: [6, 16, 2, 15, 9, 13]
18: [16, 15, 9, 11]
19: [16, 15, 9, 11, 13]
20: [16, 15, 9, 11, 13]
21: [15, 16, 11, 13]
22: [9, 11, 13]
23: [15, 9, 13]
24: [9, 2, 6, 11, 15, 13, 16]
25: [6, 2, 11, 15, 9, 13]
26: [15, 16, 11, 9]
27: [15, 16, 11, 9, 13]
28: [15, 16, 11, 9, 13]
29: [15, 11, 16, 13]
30: [15, 9, 11, 13]
31: [15, 9, 13, 11]
32: [9, 13, 2, 6, 15, 16, 11]
33: []
34: [15, 16, 9, 13]
35: [15, 16, 11, 9, 13]
36: [15, 16, 11, 9, 13]
37: [11, 16, 9, 13]
38: [11, 13, 9, 15]
39: [13, 11, 9, 15]
40: [2, 13, 6, 15, 16, 11]
41: [2, 11, 6, 9, 15, 16]
42: [13, 15, 9]
43: [11, 13, 15, 9]
44: [11, 13, 16, 15, 9]
45: [11, 13, 16, 9]
46: [11, 13, 16, 15]
47: [11, 15, 9]
48: [13, 6, 15, 16, 11]
49: [11, 13, 6, 15, 16]
50: [11, 13, 6, 15, 16]
51: [11, 16]
52: [16, 15]
53: [11, 15, 9]
54: [11, 16, 15, 9]
55: [16, 15, 11, 9]
56: [13, 6, 15, 16, 11]
57: [13, 6, 15, 16, 11]
58: [6, 15, 11, 16]
59: [15, 11, 16]
60: [16, 15, 11]
61: [16, 15, 11]
62: [16, 15, 11, 9]
63: [16, 15, 11, 9]
34
0: [9, 13, 16, 12, 14]
1: [9, 13, 16, 12, 14]
2: [13, 9, 16, 12, 14]
3: [10, 13, 9, 16, 14, 12]
4: [10, 12, 14, 13, 9, 16]
5: [10, 12, 14, 13, 9]
6: [10, 15, 12, 14, 13, 9]
7: [10, 15, 14, 12, 13, 9]
8: [9, 13, 16, 12, 14]
9: [16, 13, 9, 12, 14]
10: [10, 16, 13, 9, 12]
11: [10, 16, 13, 14, 12]
12: [12, 14, 16, 10, 9]
13: [15, 14, 16, 10, 9, 13]
14: [15, 12, 14, 10, 9, 13]
15: [10, 15, 14, 12, 13, 9]
16: [9, 13, 16, 12]
17: [16, 15, 13, 9, 12, 14]
18: [10, 16, 15, 9, 14]
19: [16, 15, 10, 13, 14, 9]
20: [16, 12, 15, 10, 13, 9]
21: [15, 12, 16, 10, 13]
22: [12, 14, 10, 9, 13]
23: [15, 10, 14, 13, 9]
24: [9, 15, 13, 12, 16]
25: [15, 13, 9, 12]
26: [10, 15, 16, 9, 12, 14]
27: [9, 15, 12, 16, 10, 14, 13]
28: [9, 15, 16, 12, 10, 14, 13]
29: [15, 12, 14, 16, 10, 13]
30: [15, 14, 9, 13]
31: [15, 10, 14, 13, 9]
32: [13, 9, 15, 12, 16]
33: [13, 9, 15, 16]
34: []
35: [9, 19, 15, 24, 12, 16, 14, 10, 13]
36: [9, 15, 12, 16, 14, 10, 13]
37: [9, 12, 16, 10, 14, 13]
38: [9, 13, 10, 15]
39: [9, 14, 10, 13, 15]
40: [13, 15, 12, 16]
41: [12, 9, 10, 15, 16]
42: [12, 14, 24, 19, 13, 9, 15, 10]
43: [19, 24, 12, 13, 9, 14, 10, 15]
44: [12, 13, 16, 9, 14, 15]
45: [13, 9, 16, 12, 14]
46: [13, 16, 10, 14, 15]
47: [9, 14, 10, 15]
48: [13, 15, 12, 16, 10]
49: [12, 13, 10, 15, 16]
50: [14, 12, 13, 15, 16]
51: [14, 12, 10, 16]
52: [16, 10, 12, 14, 15]
53: [9, 10, 12, 14, 15]
54: [9, 16, 10, 14, 15]
55: [9, 14, 10, 16, 15]
56: [13, 15, 12, 16, 10]
57: [13, 15, 12, 16, 10]
58: [15, 12, 10, 16]
59: [14, 12, 15, 10, 16]
60: [14, 16, 10, 12, 15]
61: [14, 16, 10, 15]
62: [14, 9, 10, 16, 15]
63: [14, 9, 10, 16, 15]
35
0: [11, 14, 16, 9, 13, 12]
1: [11, 14, 16, 9, 13, 12]
2: [14, 16, 9, 13, 12]
3: [14, 10, 16, 13, 9, 12]
4: [12, 10, 16, 13, 9, 14]
5: [12, 10, 13, 9, 14]
6: [12, 15, 10, 13, 9, 14]
7: [12, 15, 10, 13, 9, 14]
8: [11, 14, 9, 16, 12, 13]
9: [11, 14, 13, 12, 16, 9]
10: [11, 10, 12, 13, 9, 16]
11: [14, 10, 12, 13, 16]
12: [12, 16, 14, 9, 10]
13: [15, 16, 14, 9, 13, 10]
14: [12, 15, 9, 14, 10, 13]
15: [15, 12, 13, 10, 14, 9]
16: [11, 9, 16, 12, 13]
17: [14, 15, 13, 12, 16, 9]
18: [11, 10, 14, 15, 16, 9]
19: [14, 11, 15, 13, 9, 10, 16]
20: [12, 11, 15, 13, 9, 10, 16]
21: [12, 15, 11, 16, 10, 13]
22: [12, 11, 9, 14, 10, 13]
23: [15, 13, 10, 14, 9]
24: [11, 15, 9, 16, 12, 13]
25: [11, 15, 13, 12, 9]
26: [11, 10, 14, 12, 16, 9, 15]
27: [9, 11, 12, 14, 10, 13, 15, 16]
28: [9, 12, 14, 15, 10, 11, 13, 16]
29: [15, 12, 16, 10, 14, 13, 11]
30: [15, 11, 9, 14, 13]
31: [15, 11, 13, 10, 14, 9]
32: [13, 9, 15, 12, 16, 11]
33: [13, 9, 11, 16, 15]
34: [13, 24, 19, 10, 14, 16, 12, 15, 9]
35: []
36: [14, 15, 16, 9, 13, 10, 11, 12]
37: [9, 16, 12, 10, 14, 11, 13]
38: [9, 13, 15, 10, 11]
39: [9, 13, 11, 10, 14, 15]
40: [13, 15, 12, 16, 11]
41: [10, 9, 11, 16, 12, 15]
42: [19, 24, 10, 13, 9, 14, 12, 15]
43: [10, 19, 24, 13, 9, 11, 15, 12, 14]
44: [16, 13, 9, 11, 15, 12, 14]
45: [16, 9, 13, 12, 11, 14]
46: [16, 13, 10, 15, 11, 14]
47: [9, 11, 10, 14, 15]
48: [13, 10, 15, 12, 16, 11]
49: [10, 13, 11, 16, 12, 15]
50: [13, 14, 16, 11, 15, 12]
51: [10, 14, 16, 11, 12]
52: [16, 12, 10, 15, 14]
53: [9, 12, 10, 15, 11, 14]
54: [16, 9, 10, 15, 11, 14]
55: [9, 16, 11, 14, 10, 15]
56: [10, 13, 12, 15, 11, 16]
57: [10, 13, 12, 15, 11, 16]
58: [10, 12, 15, 11, 16]
59: [10, 12, 14, 11, 15, 16]
60: [16, 12, 14, 11, 15, 10]
61: [16, 14, 11, 15, 10]
62: [16, 9, 11, 14, 10, 15]
63: [16, 9, 11, 14, 10, 15]
36
0: [11, 14, 9, 16, 12, 13]
1: [14, 11, 16, 9, 13, 12]
2: [14, 16, 9, 13, 12]
3: [14, 10, 16, 9, 13, 12]
4: [12, 16, 10, 9, 13, 14]
5: [12, 10, 9, 13, 14]
6: [12, 15, 10, 13, 9, 14]
7: [15, 12, 10, 13, 9, 14]
8: [11, 14, 9, 16, 12, 13]
9: [11, 14, 12, 13, 9, 16]
10: [11, 10, 12, 13, 9, 16]
11: [14, 10, 12, 13, 16]
12: [12, 16, 14, 9, 10]
13: [15, 16, 9, 14, 10, 13]
14: [15, 12, 9, 14, 10, 13]
15: [15, 12, 10, 13, 9, 14]
16: [11, 9, 16, 12, 13]
17: [14, 15, 13, 12, 16, 9]
18: [11, 14, 10, 15, 9, 16]
19: [14, 11, 15, 9, 13, 16, 10]
20: [12, 15, 11, 9, 13, 10, 16]
21: [15, 12, 16, 11, 10, 13]
22: [12, 11, 9, 14, 10, 13]
23: [15, 13, 10, 14, 9]
24: [11, 9, 15, 16, 12, 13]
25: [11, 15, 13, 12, 9]
26: [11, 10, 14, 16, 12, 9, 15]
27: [11, 12, 13, 14, 9, 10, 15, 16]
28: [13, 14, 15, 12, 16, 9, 10, 11]
29: [15, 16, 12, 10, 14, 11, 13]
30: [15, 11, 9, 14, 13]
31: [15, 11, 13, 10, 14, 9]
32: [13, 9, 15, 16, 12, 11]
33: [13, 9, 11, 16, 15]
34: [13, 10, 14, 16, 12, 9, 15]
35: [10, 11, 12, 13, 9, 14, 15, 16]
36: []
37: [9, 18, 23, 16, 12, 10, 14, 11, 13]
38: [9, 13, 15, 10, 11]
39: [9, 11, 13, 10, 14, 15]
40: [13, 15, 12, 16, 11]
41: [10, 9, 11, 16, 12, 15]
42: [10, 9, 13, 14, 15, 12]
43: [10, 9, 13, 11, 15, 12, 14]
44: [16, 23, 18, 9, 13, 15, 11, 14, 12]
45: [18, 23, 9, 16, 12, 13, 11, 14]
46: [16, 13, 15, 10, 14, 11]
47: [9, 11, 14, 10, 15]
48: [10, 13, 15, 12, 16, 11]
49: [10, 13, 16, 11, 15, 12]
50: [13, 14, 16, 11, 15, 12]
51: [10, 14, 16, 11, 12]
52: [16, 12, 10, 15, 14]
53: [9, 12, 10, 15, 11, 14]
54: [9, 16, 10, 15, 11, 14]
55: [9, 16, 11, 14, 10, 15]
56: [10, 13, 15, 12, 16, 11]
57: [10, 13, 12, 15, 11, 16]
58: [10, 12, 15, 11, 16]
59: [10, 14, 12, 15, 11, 16]
60: [16, 12, 14, 11, 15, 10]
61: [16, 14, 11, 15, 10]
62: [16, 9, 14, 11, 15, 10]
63: [9, 16, 11, 14, 10, 15]
37
0: [16, 11, 12, 14, 9, 13]
1: [16, 11, 12, 14, 9, 13]
2: [16, 14, 12, 9, 13]
3: [16, 14, 12, 9, 10, 13]
4: [16, 9, 13, 10, 12, 14]
5: [9, 13, 10, 12, 14]
6: [9, 13, 10, 14, 12]
7: [13, 9, 10, 14, 12]
8: [11, 16, 12, 9, 14, 13]
9: [11, 14, 12, 16, 13, 9]
10: [11, 12, 10, 16, 9, 13]
11: [14, 12, 10, 16, 13]
12: [16, 10, 9, 12, 14]
13: [16, 10, 9, 13, 14]
14: [10, 9, 12, 13, 14]
15: [13, 9, 10, 14, 12]
16: [11, 16, 12, 9, 13]
17: [14, 12, 16, 13, 9]
18: [11, 14, 10, 16, 9]
19: [10, 14, 11, 16, 9, 13]
20: [10, 11, 16, 9, 12, 13]
21: [10, 16, 11, 13, 12]
22: [10, 11, 9, 12, 13, 14]
23: [13, 9, 10, 14]
24: [11, 12, 16, 9, 13]
25: [11, 12, 13, 9]
26: [11, 14, 10, 12, 16, 9]
27: [13, 11, 10, 14, 12, 16, 9]
28: [11, 13, 10, 14, 16, 12, 9]
29: [10, 11, 16, 12, 13, 14]
30: [11, 9, 13, 14]
31: [11, 13, 9, 10, 14]
32: [13, 12, 16, 9, 11]
33: [13, 9, 16, 11]
34: [13, 10, 14, 12, 16, 9]
35: [11, 13, 14, 10, 12, 16, 9]
36: [13, 23, 11, 18, 14, 10, 12, 16, 9]
37: []
38: [9, 13, 10, 11]
39: [9, 13, 11, 14, 10]
40: [13, 12, 16, 11]
41: [9, 10, 16, 12, 11]
42: [9, 13, 10, 14, 12]
43: [14, 9, 10, 13, 12, 11]
44: [18, 23, 14, 9, 13, 12, 16, 11]
45: [12, 14, 18, 23, 9, 13, 11, 16]
46: [14, 13, 10, 11, 16]
47: [9, 11, 14, 10]
48: [12, 13, 16, 10, 11]
49: [13, 10, 16, 12, 11]
50: [13, 16, 14, 12, 11]
51: [10, 16, 14, 12, 11]
52: [12, 14, 16, 10]
53: [12, 14, 9, 10, 11]
54: [14, 9, 10, 11, 16]
55: [9, 11, 14, 10, 16]
56: [12, 13, 16, 10, 11]
57: [12, 13, 10, 16, 11]
58: [12, 10, 16, 11]
59: [12, 10, 16, 14, 11]
60: [12, 11, 14, 16, 10]
61: [11, 14, 10, 16]
62: [9, 11, 14, 10, 16]
63: [9, 11, 14, 10, 16]
38
0: [11, 13, 9]
1: [13, 11, 9]
2: [13, 9]
3: [13, 9, 10]
4: [13, 9, 10]
5: [13, 8, 9, 10]
6: [13, 8, 9, 15, 10]
7: [13, 8, 15, 9, 10]
8: [11, 13, 9]
9: [11, 13, 9]
10: [11, 13, 10, 9]
11: [13, 10]
12: [10, 9]
13: [10, 8, 13, 15, 9]
14: [10, 8, 13, 15, 9]
15: [13, 8, 15, 9, 10]
16: [11, 13, 9]
17: [13, 15, 9]
18: [11, 10, 15, 9]
19: [10, 11, 13, 15, 9]
20: [10, 11, 13, 15, 9]
21: [10, 11, 13, 15]
22: [4, 10, 8, 11, 13, 9]
23: [4, 13, 8, 15, 9, 10]
24: [11, 9, 13, 15]
25: [11, 13, 15, 9]
26: [11, 15, 10, 9]
27: [11, 10, 15, 13, 9]
28: [11, 10, 15, 13, 9]
29: [10, 11, 15, 13]
30: [4, 8, 15, 11, 13, 9]
31: [13, 4, 8, 15, 11, 9, 10]
32: [9, 15, 11, 13]
33: [15, 9, 13, 11]
34: [15, 10, 13, 9]
35: [11, 10, 15, 13, 9]
36: [11, 10, 15, 13, 9]
37: [10, 11, 13, 9]
38: []
39: [9, 13, 8, 4, 11, 10, 15]
40: [11, 15, 13]
41: [15, 9, 10, 11]
42: [15, 9, 10, 13]
43: [15, 9, 10, 11, 13]
44: [15, 9, 11, 13]
45: [9, 11, 13]
46: [8, 15, 4, 10, 11, 13]
47: [8, 9, 4, 11, 10, 15]
48: [10, 11, 15, 13]
49: [15, 10, 11, 13]
50: [15, 11, 13]
51: [10, 11]
52: [15, 10]
53: [15, 9, 4, 10, 11]
54: [15, 9, 4, 10, 11]
55: [9, 4, 11, 10, 15]
56: [10, 11, 15, 13]
57: [10, 11, 15, 13]
58: [10, 11, 15]
59: [10, 11, 15]
60: [11, 15, 10]
61: [4, 11, 10, 15]
62: [9, 4, 11, 10, 15]
63: [9, 4, 11, 10, 15]
39
0: [13, 9, 14, 11]
1: [13, 9, 14, 11]
2: [13, 9, 14]
3: [13, 9, 14, 10]
4: [13, 14, 9, 10]
5: [8, 13, 14, 9, 10]
6: [8, 13, 14, 9, 15, 10]
7: [8, 13, 14, 9, 15, 10]
8: [13, 9, 14, 11]
9: [13, 14, 9, 11]
10: [13, 9, 10, 11]
11: [13, 14, 10]
12: [14, 10, 9]
13: [8, 14, 10, 13, 15, 9]
14: [8, 14, 10, 13, 15, 9]
15: [8, 13, 14, 15, 9, 10]
16: [13, 9, 11]
17: [13, 15, 14, 9]
18: [15, 9, 14, 10, 11]
19: [10, 13, 14, 15, 9, 11]
20: [10, 13, 15, 9, 11]
21: [10, 13, 15, 11]
22: [8, 4, 14, 10, 13, 9, 11]
23: [8, 13, 14, 4, 15, 9, 10]
24: [9, 13, 11, 15]
25: [13, 11, 15, 9]
26: [15, 11, 10, 14, 9]
27: [15, 10, 14, 11, 13, 9]
28: [15, 10, 14, 11, 13, 9]
29: [10, 14, 15, 11, 13]
30: [4, 8, 14, 15, 13, 9, 11]
31: [8, 13, 14, 4, 15, 9, 10, 11]
32: [9, 11, 13, 15]
33: [9, 15, 11, 13]
34: [15, 13, 10, 14, 9]
35: [15, 14, 10, 11, 13, 9]
36: [15, 10, 14, 11, 13, 9]
37: [10, 14, 11, 13, 9]
38: [15, 4, 8, 10, 11, 9, 13]
39: []
40: [11, 13, 15]
41: [9, 15, 11, 10]
42: [15, 9, 10, 14, 13]
43: [15, 9, 11, 14, 10, 13]
44: [15, 9, 11, 14, 13]
45: [9, 14, 11, 13]
46: [15, 4, 10, 8, 14, 11, 13]
47: [4, 9, 10, 11, 8, 14, 15]
48: [11, 10, 13, 15]
49: [15, 11, 10, 13]
50: [15, 11, 14, 13]
51: [11, 10, 14]
52: [15, 10, 14]
53: [15, 4, 9, 10, 14, 11]
54: [15, 9, 4, 10, 14, 11]
55: [4, 9, 10, 11, 14, 15]
56: [11, 10, 13, 15]
57: [11, 10, 13, 15]
58: [11, 10, 15]
59: [11, 10, 14, 15]
60: [10, 11, 14, 15]
61: [4, 10, 11, 14, 15]
62: [4, 9, 10, 11, 14, 15]
63: [4, 9, 10, 11, 14, 15]
40
0: [2, 12, 13, 11, 16]
1: [2, 12, 13, 11, 16]
2: [2, 12, 13, 16]
3: [12, 13, 16]
4: [13, 12, 16]
5: [13, 12]
6: [13, 12, 15]
7: [13, 12, 15]
8: [2, 12, 11, 13, 16]
9: [2, 12, 16, 11, 13]
10: [2, 12, 16, 11, 13]
11: [12, 16, 13]
12: [12, 16]
13: [13, 16, 15]
14: [12, 13, 15]
15: [13, 12, 15]
16: [2, 12, 6, 11, 13, 16]
17: [2, 6, 12, 16, 13, 15]
18: [16, 11, 15]
19: [16, 11, 13, 15]
20: [16, 12, 11, 13, 15]
21: [11, 13, 12, 16, 15]
22: [11, 12, 13]
23: [13, 15]
24: [2, 12, 6, 11, 13, 15, 16]
25: [6, 2, 12, 11, 13, 15]
26: [16, 12, 11, 15]
27: [11, 16, 12, 15, 13]
28: [11, 16, 12, 15, 13]
29: [11, 15, 16, 12, 13]
30: [15, 11, 13]
31: [13, 15, 11]
32: [2, 11, 12, 6, 13, 15, 16]
33: [11, 6, 16, 2, 15, 13]
34: [16, 12, 15, 13]
35: [11, 16, 12, 15, 13]
36: [11, 12, 16, 15, 13]
37: [11, 16, 12, 13]
38: [13, 11, 15]
39: [13, 15, 11]
40: []
41: [1, 11, 6, 16, 2, 12, 15]
42: [13, 12, 15]
43: [11, 13, 15, 12]
44: [11, 13, 15, 12, 16]
45: [11, 13, 16, 12]
46: [13, 11, 15, 16]
47: [15, 11]
48: [6, 13, 15, 16, 1, 11, 12]
49: [1, 11, 13, 6, 16, 12, 15]
50: [1, 6, 11, 13, 16, 12, 15]
51: [1, 11, 16, 12]
52: [1, 15, 16, 12]
53: [1, 11, 15, 12]
54: [11, 15, 16]
55: [15, 16, 11]
56: [6, 13, 15, 16, 1, 11, 12]
57: [6, 13, 15, 16, 1, 11, 12]
58: [6, 15, 16, 1, 11, 12]
59: [15, 16, 1, 11, 12]
60: [15, 1, 16, 11, 12]
61: [1, 15, 16, 11]
62: [15, 16, 11]
63: [15, 16, 11]
41
0: [2, 9, 11, 16, 12]
1: [2, 9, 11, 16, 12]
2: [2, 9, 16, 12]
3: [10, 9, 16, 12]
4: [10, 9, 12, 16]
5: [10, 9, 12]
6: [10, 9, 12, 15]
7: [10, 9, 15, 12]
8: [2, 9, 11, 12, 16]
9: [16, 2, 11, 9, 12]
10: [10, 16, 2, 9, 11, 12]
11: [10, 16, 12]
12: [12, 9, 16, 10]
13: [15, 9, 16, 10]
14: [15, 12, 9, 10]
15: [10, 15, 9, 12]
16: [2, 6, 9, 11, 12, 16]
17: [6, 16, 2, 15, 9, 12]
18: [10, 16, 15, 9, 11]
19: [16, 15, 9, 11, 10]
20: [12, 16, 15, 9, 11, 10]
21: [15, 12, 16, 10, 11]
22: [9, 12, 10, 11]
23: [15, 10, 9]
24: [2, 9, 6, 11, 15, 12, 16]
25: [6, 2, 11, 15, 9, 12]
26: [10, 15, 16, 11, 9, 12]
27: [15, 12, 16, 11, 9, 10]
28: [15, 12, 16, 11, 9, 10]
29: [15, 11, 12, 16, 10]
30: [15, 9, 11]
31: [15, 10, 9, 11]
32: [2, 9, 6, 15, 12, 16, 11]
33: [6, 9, 15, 16, 2, 11]
34: [10, 15, 16, 9, 12]
35: [15, 12, 16, 11, 9, 10]
36: [12, 15, 11, 16, 9, 10]
37: [11, 12, 16, 10, 9]
38: [11, 10, 9, 15]
39: [10, 11, 9, 15]
40: [2, 6, 1, 15, 12, 16, 11]
41: []
42: [10, 15, 9, 12]
43: [11, 12, 10, 15, 9]
44: [11, 12, 16, 15, 9]
45: [11, 12, 16, 9]
46: [11, 16, 10, 15]
47: [10, 11, 15, 9]
48: [6, 1, 15, 12, 16, 11, 10]
49: [1, 11, 12, 6, 10, 15, 16]
50: [1, 11, 12, 6, 15, 16]
51: [1, 11, 12, 10, 16]
52: [1, 16, 10, 12, 15]
53: [1, 11, 10, 12, 15, 9]
54: [11, 16, 10, 15, 9]
55: [10, 16, 11, 15, 9]
56: [6, 1, 15, 12, 16, 11, 10]
57: [1, 6, 12, 15, 11, 16, 10]
58: [1, 6, 12, 15, 11, 10, 16]
59: [1, 12, 15, 11, 10, 16]
60: [1, 16, 10, 12, 15, 11]
61: [1, 16, 10, 15, 11]
62: [10, 16, 15, 11, 9]
63: [10, 16, 15, 11, 9]
42
0: [9, 13, 12, 14]
1: [9, 13, 12, 14]
2: [9, 13, 12, 14]
3: [10, 9, 13, 14, 12]
4: [10, 9, 12, 13, 14]
5: [10, 9, 13, 12, 14]
6: [10, 13, 9, 12, 14, 15]
7: [10, 13, 9, 14, 12, 15]
8: [9, 13, 12, 14]
9: [13, 9, 12, 14]
10: [10, 13, 9, 12]
11: [10, 13, 14, 12]
12: [12, 14, 9, 10]
13: [14, 15, 9, 13, 10]
14: [12, 15, 9, 14, 10, 13]
15: [13, 10, 14, 9, 15, 12]
16: [9, 13, 12]
17: [13, 15, 9, 12, 14]
18: [10, 15, 9, 14]
19: [15, 9, 13, 10, 14]
20: [12, 15, 9, 13, 10]
21: [12, 15, 10, 13]
22: [9, 12, 14, 10, 13]
23: [13, 10, 14, 15, 9]
24: [9, 13, 15, 12]
25: [13, 15, 9, 12]
26: [10, 15, 9, 12, 14]
27: [15, 12, 9, 10, 14, 13]
28: [12, 15, 9, 14, 10, 13]
29: [15, 12, 14, 10, 13]
30: [15, 9, 14, 13]
31: [13, 14, 10, 15, 9]
32: [9, 15, 12, 13]
33: [9, 15, 13]
34: [10, 19, 24, 15, 9, 13, 12, 14]
35: [19, 24, 12, 15, 9, 14, 10, 13]
36: [12, 15, 14, 9, 13, 10]
37: [12, 14, 10, 13, 9]
38: [13, 10, 9, 15]
39: [13, 14, 10, 9, 15]
40: [15, 12, 13]
41: [9, 12, 15, 10]
42: []
43: [13, 24, 19, 12, 14, 10, 9, 15]
44: [13, 12, 14, 9, 15]
45: [13, 12, 14, 9]
46: [13, 10, 14, 15]
47: [14, 10, 9, 15]
48: [15, 12, 13, 10]
49: [12, 15, 10, 13]
50: [14, 15, 12, 13]
51: [14, 12, 10]
52: [10, 12, 14, 15]
53: [10, 12, 14, 9, 15]
54: [10, 14, 9, 15]
55: [14, 10, 15, 9]
56: [12, 15, 10, 13]
57: [12, 15, 10, 13]
58: [12, 15, 10]
59: [14, 12, 15, 10]
60: [14, 10, 12, 15]
61: [14, 10, 15]
62: [14, 10, 15, 9]
63: [14, 10, 15, 9]
43
0: [9, 14, 13, 11, 12]
1: [9, 14, 13, 11, 12]
2: [14, 9, 13, 12]
3: [14, 9, 13, 10, 12]
4: [12, 9, 13, 10, 14]
5: [12, 13, 9, 10, 14]
6: [12, 13, 9, 10, 15, 14]
7: [13, 12, 9, 15, 10, 14]
8: [9, 14, 11, 13, 12]
9: [14, 11, 13, 9, 12]
10: [10, 11, 13, 9, 12]
11: [14, 10, 13, 12]
12: [12, 9, 14, 10]
13: [15, 9, 13, 14, 10]
14: [12, 15, 9, 13, 14, 10]
15: [13, 12, 9, 15, 10, 14]
16: [9, 11, 13, 12]
17: [14, 13, 15, 9, 12]
18: [10, 14, 11, 15, 9]
19: [14, 11, 15, 9, 13, 10]
20: [12, 15, 9, 11, 13, 10]
21: [12, 15, 11, 13, 10]
22: [12, 9, 11, 13, 10, 14]
23: [13, 15, 9, 10, 14]
24: [9, 11, 13, 15, 12]
25: [11, 13, 15, 9, 12]
26: [15, 10, 11, 14, 9, 12]
27: [12, 14, 15, 11, 9, 13, 10]
28: [14, 12, 11, 15, 9, 13, 10]
29: [11, 15, 12, 13, 10, 14]
30: [15, 9, 11, 13, 14]
31: [13, 15, 9, 10, 11, 14]
32: [9, 12, 15, 13, 11]
33: [9, 15, 13, 11]
34: [19, 24, 15, 10, 14, 9, 13, 12]
35: [14, 24, 12, 19, 15, 11, 9, 13, 10]
36: [12, 14, 11, 15, 13, 9, 10]
37: [11, 12, 13, 10, 9, 14]
38: [13, 11, 10, 9, 15]
39: [13, 10, 14, 11, 9, 15]
40: [12, 15, 11, 13]
41: [9, 15, 10, 11, 12]
42: [9, 15, 19, 24, 10, 14, 12, 13]
43: []
44: [11, 12, 13, 9, 14, 15]
45: [11, 13, 12, 14, 9]
46: [13, 11, 10, 14, 15]
47: [10, 14, 11, 9, 15]
48: [10, 12, 15, 11, 13]
49: [15, 10, 11, 12, 13]
50: [15, 14, 11, 12, 13]
51: [10, 14, 11, 12]
52: [12, 10, 14, 15]
53: [11, 12, 10, 9, 14, 15]
54: [11, 10, 9, 14, 15]
55: [10, 14, 11, 15, 9]
56: [10, 12, 15, 11, 13]
57: [10, 12, 15, 11, 13]
58: [10, 12, 15, 11]
59: [10, 14, 12, 15, 11]
60: [12, 14, 10, 11, 15]
61: [14, 10, 11, 15]
62: [14, 10, 11, 15, 9]
63: [14, 10, 11, 15, 9]
44
0: [9, 14, 13, 11, 16, 12]
1: [9, 14, 13, 11, 16, 12]
2: [14, 9, 13, 16, 12]
3: [14, 9, 13, 16, 12]
4: [12, 13, 9, 16, 14]
5: [12, 13, 9, 14]
6: [12, 13, 9, 15, 14]
7: [13, 12, 9, 15, 14]
8: [9, 14, 11, 13, 16, 12]
9: [14, 11, 13, 9, 12, 16]
10: [11, 13, 9, 12, 16]
11: [14, 13, 12, 16]
12: [12, 16, 9, 14]
13: [16, 15, 9, 13, 14]
14: [12, 15, 9, 13, 14]
15: [13, 12, 9, 15, 14]
16: [9, 11, 13, 16, 12]
17: [14, 13, 15, 9, 12, 16]
18: [14, 11, 15, 9, 16]
19: [14, 11, 13, 15, 9, 16]
20: [12, 11, 15, 9, 13, 16]
21: [16, 12, 15, 11, 13]
22: [12, 9, 11, 13, 14]
23: [13, 15, 9, 14]
24: [9, 11, 13, 16, 12, 15]
25: [11, 13, 15, 9, 12]
26: [15, 11, 14, 9, 16, 12]
27: [12, 14, 15, 11, 9, 13, 16]
28: [12, 14, 11, 15, 13, 9, 16]
29: [11, 16, 15, 12, 13, 14]
30: [15, 9, 11, 13, 14]
31: [13, 15, 9, 11, 14]
32: [9, 16, 12, 15, 13, 11]
33: [9, 15, 16, 13, 11]
34: [15, 14, 9, 16, 13, 12]
35: [12, 14, 11, 15, 9, 13, 16]
36: [12, 18, 14, 23, 11, 15, 13, 9, 16]
37: [18, 23, 11, 16, 12, 13, 9, 14]
38: [13, 11, 9, 15]
39: [13, 11, 14, 9, 15]
40: [16, 12, 15, 11, 13]
41: [9, 15, 16, 11, 12]
42: [9, 15, 14, 12, 13]
43: [9, 14, 15, 11, 12, 13]
44: []
45: [11, 13, 23, 18, 16, 12, 14, 9]
46: [13, 11, 16, 14, 15]
47: [14, 11, 9, 15]
48: [12, 16, 15, 11, 13]
49: [15, 16, 11, 12, 13]
50: [15, 14, 16, 11, 12, 13]
51: [14, 16, 11, 12]
52: [16, 12, 14, 15]
53: [11, 12, 9, 14, 15]
54: [11, 16, 9, 14, 15]
55: [16, 14, 11, 15, 9]
56: [12, 16, 15, 11, 13]
57: [12, 16, 15, 11, 13]
58: [12, 16, 15, 11]
59: [12, 14, 16, 11, 15]
60: [16, 12, 14, 11, 15]
61: [16, 14, 11, 15]
62: [16, 14, 11, 15, 9]
63: [16, 14, 11, 15, 9]
45
0: [9, 16, 12, 13, 11, 14]
1: [16, 9, 13, 12, 14, 11]
2: [16, 9, 13, 14, 12]
3: [16, 13, 9, 14, 12]
4: [16, 13, 9, 12, 14]
5: [13, 9, 12, 14]
6: [13, 9, 14, 12]
7: [13, 9, 14, 12]
8: [9, 16, 12, 11, 13, 14]
9: [11, 14, 12, 13, 9, 16]
10: [11, 12, 13, 9, 16]
11: [14, 12, 13, 16]
12: [16, 9, 12, 14]
13: [16, 9, 13, 14]
14: [9, 13, 12, 14]
15: [13, 9, 14, 12]
16: [9, 12, 16, 11, 13]
17: [13, 14, 12, 16, 9]
18: [11, 14, 9, 16]
19: [14, 11, 13, 9, 16]
20: [11, 13, 9, 16, 12]
21: [16, 11, 13, 12]
22: [9, 11, 13, 12, 14]
23: [13, 9, 14]
24: [9, 12, 11, 16, 13]
25: [11, 13, 12, 9]
26: [11, 14, 12, 16, 9]
27: [11, 14, 12, 13, 9, 16]
28: [11, 14, 13, 12, 16, 9]
29: [16, 11, 13, 12, 14]
30: [9, 11, 13, 14]
31: [13, 9, 11, 14]
32: [9, 12, 16, 13, 11]
33: [9, 16, 13, 11]
34: [14, 12, 16, 9, 13]
35: [14, 11, 12, 9, 13, 16]
36: [18, 23, 11, 14, 12, 13, 9, 16]
37: [16, 23, 18, 11, 13, 9, 12, 14]
38: [13, 11, 9]
39: [13, 11, 14, 9]
40: [12, 16, 11, 13]
41: [9, 16, 12, 11]
42: [9, 14, 12, 13]
43: [9, 14, 12, 11, 13]
44: [9, 18, 23, 14, 12, 16, 11, 13]
45: []
46: [13, 14, 11, 16]
47: [11, 14, 9]
48: [12, 16, 11, 13]
49: [16, 12, 11, 13]
50: [16, 14, 12, 11, 13]
51: [16, 14, 12, 11]
52: [12, 14, 16]
53: [11, 12, 14, 9]
54: [11, 14, 9, 16]
55: [11, 14, 9, 16]
56: [12, 16, 11, 13]
57: [12, 16, 11, 13]
58: [12, 16, 11]
59: [12, 16, 14, 11]
60: [12, 14, 11, 16]
61: [14, 11, 16]
62: [14, 11, 16, 9]
63: [11, 14, 9, 16]
46
0: [16, 11, 13, 14]
1: [16, 13, 11, 14]
2: [16, 13, 14]
3: [16, 13, 14, 10]
4: [16, 13, 10, 14]
5: [8, 13, 10, 14]
6: [8, 13, 15, 10, 14]
7: [8, 13, 15, 10, 14]
8: [11, 16, 13, 14]
9: [11, 14, 13, 16]
10: [11, 13, 10, 16]
11: [14, 13, 10, 16]
12: [16, 10, 14]
13: [16, 10, 8, 13, 15, 14]
14: [10, 8, 15, 13, 14]
15: [8, 13, 15, 10, 14]
16: [11, 16, 13]
17: [13, 14, 15, 16]
18: [11, 14, 10, 15, 16]
19: [10, 14, 11, 13, 15, 16]
20: [10, 11, 13, 15, 16]
21: [10, 16, 11, 13, 15]
22: [4, 10, 8, 11, 13, 14]
23: [4, 8, 13, 15, 14, 10]
24: [11, 16, 13, 15]
25: [11, 13, 15]
26: [11, 15, 14, 10, 16]
27: [11, 14, 10, 15, 13, 16]
28: [11, 14, 10, 15, 13, 16]
29: [10, 11, 16, 15, 13, 14]
30: [4, 8, 15, 11, 13, 14]
31: [8, 13, 4, 15, 11, 14, 10]
32: [16, 15, 11, 13]
33: [15, 16, 13, 11]
34: [15, 14, 10, 16, 13]
35: [11, 14, 10, 15, 13, 16]
36: [11, 14, 10, 15, 13, 16]
37: [10, 11, 16, 13, 14]
38: [4, 10, 11, 13, 8, 15]
39: [8, 13, 4, 11, 14, 10, 15]
40: [16, 15, 11, 13]
41: [15, 10, 16, 11]
42: [15, 14, 10, 13]
43: [14, 15, 10, 11, 13]
44: [14, 15, 16, 11, 13]
45: [16, 11, 13, 14]
46: []
47: [8, 4, 5, 11, 14, 10, 15]
48: [16, 10, 11, 15, 13]
49: [15, 10, 16, 11, 13]
50: [5, 15, 14, 16, 11, 13]
51: [5, 10, 16, 14, 11]
52: [5, 14, 15, 16, 10]
53: [5, 14, 15, 4, 10, 11]
54: [5, 14, 15, 4, 10, 11, 16]
55: [4, 5, 11, 14, 10, 15, 16]
56: [16, 10, 11, 15, 13]
57: [10, 16, 11, 15, 13]
58: [5, 10, 16, 11, 15]
59: [5, 10, 16, 14, 11, 15]
60: [5, 14, 11, 15, 16, 10]
61: [5, 4, 14, 11, 15, 10, 16]
62: [4, 5, 11, 14, 10, 15, 16]
63: [4, 5, 11, 14, 10, 15, 16]
47
0: [9, 14, 11]
1: [9, 14, 11]
2: [9, 14]
3: [9, 14, 10]
4: [14, 9, 10]
5: [8, 14, 9, 10]
6: [8, 14, 9, 15, 10]
7: [8, 14, 9, 15, 10]
8: [9, 14, 11]
9: [14, 9, 11]
10: [9, 10, 11]
11: [14, 10]
12: [14, 10, 9]
13: [8, 14, 10, 15, 9]
14: [8, 14, 10, 15, 9]
15: [8, 14, 9, 15, 10]
16: [9, 11]
17: [15, 14, 9]
18: [15, 9, 10, 14, 11]
19: [10, 14, 15, 9, 11]
20: [10, 15, 9, 11]
21: [10, 15, 11]
22: [4, 8, 14, 10, 9, 11]
23: [8, 14, 4, 15, 9, 10]
24: [9, 11, 15]
25: [11, 15, 9]
26: [15, 11, 10, 14, 9]
27: [15, 10, 14, 11, 9]
28: [15, 10, 14, 11, 9]
29: [10, 14, 15, 11]
30: [4, 8, 14, 15, 9, 11]
31: [8, 14, 4, 15, 9, 10, 11]
32: [9, 11, 15]
33: [9, 11, 15]
34: [15, 10, 14, 9]
35: [15, 10, 14, 11, 9]
36: [15, 10, 14, 11, 9]
37: [10, 14, 11, 9]
38: [15, 4, 10, 8, 11, 9]
39: [8, 14, 15, 4, 9, 10, 11]
40: [11, 15]
41: [9, 15, 11, 10]
42: [9, 15, 10, 14]
43: [9, 15, 11, 14, 10]
44: [9, 15, 11, 14]
45: [9, 14, 11]
46: [5, 15, 4, 10, 8, 14, 11]
47: []
48: [11, 10, 15]
49: [15, 11, 10]
50: [5, 15, 11, 14]
51: [5, 11, 10, 14]
52: [5, 10, 15, 14]
53: [5, 4, 9, 15, 10, 14, 11]
54: [5, 9, 15, 4, 10, 14, 11]
55: [4, 9, 10, 11, 5, 14, 15]
56: [11, 10, 15]
57: [11, 10, 15]
58: [5, 11, 10, 15]
59: [11, 5, 10, 14, 15]
60: [10, 11, 5, 14, 15]
61: [4, 10, 11, 5, 14, 15]
62: [4, 9, 10, 11, 5, 14, 15]
63: [4, 9, 10, 11, 5, 14, 15]
48
0: [12, 13, 11, 16]
1: [12, 13, 11, 16]
2: [12, 13, 16]
3: [10, 12, 13, 16]
4: [10, 13, 12, 16]
5: [10, 13, 12]
6: [10, 13, 12, 15]
7: [10, 13, 12, 15]
8: [12, 13, 11, 16]
9: [12, 16, 11, 13]
10: [10, 12, 16, 11, 13]
11: [10, 12, 16, 13]
12: [12, 10, 16]
13: [10, 13, 16, 15]
14: [10, 12, 13, 15]
15: [10, 13, 12, 15]
16: [12, 6, 11, 13, 16]
17: [6, 12, 16, 13, 15]
18: [10, 16, 11, 15]
19: [16, 11, 13, 10, 15]
20: [16, 12, 11, 13, 10, 15]
21: [10, 11, 13, 16, 12, 15]
22: [10, 11, 12, 13]
23: [13, 10, 15]
24: [12, 6, 11, 13, 15, 16]
25: [6, 12, 11, 13, 15]
26: [10, 16, 12, 11, 15]
27: [11, 16, 12, 15, 10, 13]
28: [11, 16, 12, 15, 10, 13]
29: [11, 10, 15, 16, 12, 13]
30: [15, 11, 13]
31: [13, 10, 15, 11]
32: [11, 12, 6, 13, 15, 16]
33: [11, 6, 16, 15, 13]
34: [10, 16, 12, 15, 13]
35: [11, 16, 12, 15, 10, 13]
36: [11, 16, 12, 15, 10, 13]
37: [11, 10, 16, 12, 13]
38: [13, 15, 11, 10]
39: [13, 15, 10, 11]
40: [1, 11, 12, 6, 13, 15, 16]
41: [1, 10, 11, 6, 16, 12, 15]
42: [10, 13, 12, 15]
43: [13, 11, 15, 12, 10]
44: [13, 11, 15, 12, 16]
45: [13, 11, 16, 12]
46: [13, 11, 15, 10, 16]
47: [15, 10, 11]
48: []
49: [10, 1, 13, 6, 11, 16, 12, 15]
50: [1, 6, 13, 11, 16, 12, 15]
51: [1, 16, 11, 12, 10]
52: [1, 15, 10, 16, 12]
53: [1, 11, 15, 10, 12]
54: [11, 15, 10, 16]
55: [15, 10, 16, 11]
56: [6, 13, 15, 16, 1, 10, 11, 12]
57: [6, 13, 15, 16, 1, 10, 11, 12]
58: [6, 15, 16, 1, 10, 11, 12]
59: [15, 16, 1, 10, 11, 12]
60: [15, 1, 10, 16, 11, 12]
61: [15, 1, 10, 16, 11]
62: [15, 10, 16, 11]
63: [15, 10, 16, 11]
49
0: [13, 11, 12, 16]
1: [13, 11, 16, 12]
2: [13, 16, 12]
3: [10, 13, 16, 12]
4: [10, 12, 13, 16]
5: [10, 12, 13]
6: [10, 12, 13, 15]
7: [10, 13, 12, 15]
8: [11, 13, 12, 16]
9: [16, 11, 13, 12]
10: [10, 16, 11, 13, 12]
11: [10, 16, 13, 12]
12: [12, 16, 10]
13: [15, 16, 13, 10]
14: [12, 15, 10, 13]
15: [13, 10, 15, 12]
16: [6, 11, 13, 12, 16]
17: [6, 16, 15, 13, 12]
18: [10, 16, 15, 11]
19: [16, 15, 11, 13, 10]
20: [12, 16, 15, 11, 13, 10]
21: [12, 15, 11, 16, 10, 13]
22: [12, 11, 10, 13]
23: [13, 15, 10]
24: [6, 11, 13, 15, 12, 16]
25: [6, 11, 13, 15, 12]
26: [10, 15, 16, 11, 12]
27: [15, 12, 16, 11, 10, 13]
28: [12, 15, 11, 16, 10, 13]
29: [15, 11, 12, 16, 10, 13]
30: [15, 11, 13]
31: [13, 15, 10, 11]
32: [6, 15, 12, 16, 13, 11]
33: [6, 15, 16, 13, 11]
34: [10, 15, 16, 13, 12]
35: [12, 15, 11, 16, 10, 13]
36: [12, 15, 11, 16, 13, 10]
37: [11, 12, 16, 10, 13]
38: [13, 11, 10, 15]
39: [13, 10, 11, 15]
40: [6, 1, 15, 12, 16, 11, 13]
41: [6, 10, 15, 16, 1, 11, 12]
42: [10, 13, 12, 15]
43: [11, 12, 13, 10, 15]
44: [11, 12, 13, 16, 15]
45: [11, 13, 12, 16]
46: [13, 11, 16, 10, 15]
47: [10, 11, 15]
48: [6, 1, 15, 12, 16, 11, 13, 10]
49: []
50: [1, 11, 12, 13, 6, 15, 16]
51: [1, 11, 12, 10, 16]
52: [1, 16, 10, 12, 15]
53: [1, 11, 12, 10, 15]
54: [11, 16, 10, 15]
55: [10, 16, 11, 15]
56: [1, 6, 12, 15, 11, 16, 10, 13]
57: [1, 6, 12, 15, 11, 16, 10, 13]
58: [1, 6, 12, 15, 11, 10, 16]
59: [1, 12, 15, 11, 10, 16]
60: [1, 16, 10, 12, 15, 11]
61: [1, 16, 10, 15, 11]
62: [10, 16, 15, 11]
63: [10, 16, 11, 15]
50
0: [13, 11, 12, 16, 14]
1: [13, 11, 12, 16, 14]
2: [13, 16, 12, 14]
3: [13, 16, 12, 14]
4: [12, 13, 14, 16]
5: [12, 13, 14]
6: [12, 13, 14, 15]
7: [13, 12, 14, 15]
8: [11, 13, 12, 16, 14]
9: [16, 11, 13, 12, 14]
10: [16, 11, 13, 12]
11: [16, 13, 14, 12]
12: [12, 14, 16]
13: [14, 15, 13, 16]
14: [12, 15, 14, 13]
15: [13, 14, 12, 15]
16: [6, 11, 13, 12, 16]
17: [6, 16, 13, 15, 12, 14]
18: [16, 15, 11, 14]
19: [16, 15, 11, 13, 14]
20: [12, 16, 15, 11, 13]
21: [12, 15, 11, 13, 16]
22: [12, 14, 11, 13]
23: [13, 14, 15]
24: [6, 11, 13, 15, 12, 16]
25: [6, 11, 13, 15, 12]
26: [15, 16, 11, 12, 14]
27: [12, 15, 11, 16, 14, 13]
28: [12, 15, 11, 16, 14, 13]
29: [11, 15, 12, 14, 16, 13]
30: [15, 14, 11, 13]
31: [13, 14, 15, 11]
32: [6, 15, 12, 16, 13, 11]
33: [6, 15, 16, 13, 11]
34: [15, 16, 13, 12, 14]
35: [12, 15, 11, 16, 14, 13]
36: [12, 15, 11, 16, 14, 13]
37: [11, 12, 14, 16, 13]
38: [13, 11, 15]
39: [13, 14, 11, 15]
40: [6, 1, 15, 12, 16, 11, 13]
41: [6, 15, 16, 1, 11, 12]
42: [13, 12, 14, 15]
43: [11, 12, 13, 14, 15]
44: [11, 12, 13, 16, 14, 15]
45: [11, 13, 12, 14, 16]
46: [13, 11, 5, 14, 16, 15]
47: [5, 14, 11, 15]
48: [1, 6, 12, 15, 11, 16, 13]
49: [6, 15, 16, 1, 11, 12, 13]
50: []
51: [1, 11, 12, 14, 5, 16]
52: [1, 5, 16, 12, 14, 15]
53: [1, 11, 5, 12, 14, 15]
54: [11, 5, 16, 14, 15]
55: [5, 14, 16, 11, 15]
56: [1, 6, 12, 15, 11, 16, 13]
57: [1, 6, 12, 15, 11, 16, 13]
58: [5, 1, 6, 12, 15, 11, 16]
59: [5, 14, 1, 12, 15, 11, 16]
60: [5, 14, 1, 16, 12, 15, 11]
61: [1, 5, 14, 16, 15, 11]
62: [5, 14, 16, 11, 15]
63: [5, 14, 16, 11, 15]
51
0: [11, 12, 16, 14]
1: [11, 12, 16, 14]
2: [12, 16, 14]
3: [10, 16, 12, 14]
4: [12, 10, 14, 16]
5: [12, 14, 10]
6: [12, 14, 10]
7: [12, 14, 10]
8: [11, 12, 16, 14]
9: [16, 11, 12, 14]
10: [16, 10, 11, 12]
11: [16, 10, 14, 12]
12: [12, 14, 16, 10]
13: [14, 16, 10]
14: [12, 14, 10]
15: [14, 12, 10]
16: [11, 12, 16]
17: [16, 12, 14]
18: [16, 10, 11, 14]
19: [16, 11, 14, 10]
20: [12, 16, 11, 10]
21: [12, 11, 16, 10]
22: [12, 14, 11, 10]
23: [14, 10]
24: [11, 12, 16]
25: [11, 12]
26: [16, 10, 11, 12, 14]
27: [12, 11, 16, 14, 10]
28: [12, 11, 16, 14, 10]
29: [11, 12, 14, 16, 10]
30: [14, 11]
31: [14, 10, 11]
32: [12, 16, 11]
33: [16, 11]
34: [16, 10, 12, 14]
35: [12, 11, 16, 14, 10]
36: [12, 11, 16, 14, 10]
37: [11, 12, 14, 16, 10]
38: [11, 10]
39: [14, 10, 11]
40: [1, 12, 11, 16]
41: [16, 10, 1, 11, 12]
42: [10, 12, 14]
43: [11, 12, 14, 10]
44: [11, 12, 16, 14]
45: [11, 12, 14, 16]
46: [11, 5, 14, 16, 10]
47: [14, 5, 10, 11]
48: [10, 1, 12, 11, 16]
49: [16, 10, 1, 11, 12]
50: [5, 16, 1, 11, 12, 14]
51: []
52: [1, 5, 16, 12, 14, 10]
53: [1, 11, 5, 12, 14, 10]
54: [11, 5, 14, 16, 10]
55: [14, 5, 10, 16, 11]
56: [10, 1, 12, 11, 16]
57: [10, 1, 12, 11, 16]
58: [5, 10, 1, 12, 11, 16]
59: [10, 14, 5, 1, 12, 11, 16]
60: [14, 1, 5, 16, 12, 10, 11]
61: [1, 14, 5, 16, 10, 11]
62: [14, 5, 16, 10, 11]
63: [14, 5, 16, 10, 11]
52
0: [12, 14, 16]
1: [14, 12, 16]
2: [14, 12, 16]
3: [14, 12, 16, 10]
4: [16, 10, 12, 14]
5: [10, 14, 12]
6: [15, 14, 10, 12]
7: [15, 14, 10, 12]
8: [12, 14, 16]
9: [14, 12, 16]
10: [12, 10, 16]
11: [14, 12, 10, 16]
12: [10, 16, 12, 14]
13: [10, 16, 15, 14]
14: [10, 15, 14, 12]
15: [15, 14, 10, 12]
16: [12, 16]
17: [14, 12, 15, 16]
18: [14, 15, 10, 16]
19: [14, 10, 15, 16]
20: [10, 15, 12, 16]
21: [10, 16, 15, 12]
22: [10, 14, 12]
23: [15, 14, 10]
24: [12, 16, 15]
25: [12, 15]
26: [15, 14, 12, 10, 16]
27: [14, 15, 10, 12, 16]
28: [14, 15, 10, 12, 16]
29: [10, 16, 15, 14, 12]
30: [15, 14]
31: [15, 14, 10]
32: [12, 16, 15]
33: [15, 16]
34: [15, 14, 12, 10, 16]
35: [14, 15, 10, 12, 16]
36: [14, 15, 10, 12, 16]
37: [10, 16, 14, 12]
38: [10, 15]
39: [14, 10, 15]
40: [12, 1, 16, 15]
41: [15, 1, 12, 10, 16]
42: [15, 14, 12, 10]
43: [14, 15, 10, 12]
44: [14, 15, 12, 16]
45: [16, 14, 12]
46: [10, 16, 5, 14, 15]
47: [5, 14, 10, 15]
48: [12, 1, 10, 16, 15]
49: [15, 1, 10, 12, 16]
50: [5, 15, 1, 14, 12, 16]
51: [5, 1, 10, 14, 12, 16]
52: []
53: [1, 10, 5, 12, 14, 15]
54: [10, 16, 5, 14, 15]
55: [16, 5, 14, 15, 10]
56: [12, 1, 10, 16, 15]
57: [12, 1, 10, 16, 15]
58: [5, 12, 1, 10, 16, 15]
59: [12, 1, 5, 10, 14, 16, 15]
60: [12, 16, 1, 5, 14, 15, 10]
61: [1, 16, 5, 14, 15, 10]
62: [16, 5, 14, 15, 10]
63: [16, 5, 14, 15, 10]
53
0: [9, 12, 14, 11]
1: [9, 14, 12, 11]
2: [14, 9, 12]
3: [14, 9, 12, 10]
4: [9, 10, 12, 14]
5: [9, 10, 14, 12]
6: [9, 15, 10, 14, 12]
7: [9, 15, 14, 10, 12]
8: [9, 12, 11, 14]
9: [14, 11, 12, 9]
10: [11, 12, 9, 10]
11: [14, 12, 10]
12: [10, 9, 12, 14]
13: [10, 15, 9, 14]
14: [10, 15, 9, 14, 12]
15: [9, 15, 14, 10, 12]
16: [9, 12, 11]
17: [14, 12, 15, 9]
18: [14, 11, 15, 9, 10]
19: [14, 10, 11, 15, 9]
20: [10, 11, 15, 9, 12]
21: [10, 11, 15, 12]
22: [4, 10, 9, 11, 14, 12]
23: [4, 15, 9, 14, 10]
24: [9, 12, 11, 15]
25: [11, 12, 15, 9]
26: [11, 15, 14, 12, 10, 9]
27: [14, 11, 15, 10, 12, 9]
28: [11, 14, 10, 15, 12, 9]
29: [10, 11, 15, 14, 12]
30: [4, 15, 9, 11, 14]
31: [4, 15, 9, 11, 14, 10]
32: [9, 12, 15, 11]
33: [9, 15, 11]
34: [15, 14, 12, 10, 9]
35: [14, 11, 15, 10, 12, 9]
36: [14, 11, 15, 10, 12, 9]
37: [10, 11, 9, 14, 12]
38: [4, 10, 11, 9, 15]
39: [4, 11, 14, 10, 9, 15]
40: [1, 12, 15, 11]
41: [9, 15, 1, 10, 12, 11]
42: [9, 15, 14, 12, 10]
43: [9, 14, 15, 10, 12, 11]
44: [9, 14, 15, 12, 11]
45: [9, 14, 11, 12]
46: [4, 10, 11, 5, 14, 15]
47: [4, 5, 11, 14, 10, 9, 15]
48: [1, 12, 10, 15, 11]
49: [15, 1, 10, 12, 11]
50: [5, 15, 1, 14, 12, 11]
51: [5, 1, 10, 14, 12, 11]
52: [5, 12, 14, 15, 1, 10]
53: []
54: [4, 10, 11, 5, 9, 14, 15]
55: [4, 5, 11, 14, 10, 15, 9]
56: [1, 12, 10, 15, 11]
57: [1, 12, 10, 11, 15]
58: [1, 5, 12, 10, 11, 15]
59: [1, 12, 5, 10, 14, 11, 15]
60: [1, 12, 5, 14, 11, 15, 10]
61: [1, 5, 4, 14, 11, 15, 10]
62: [5, 4, 14, 11, 15, 10, 9]
63: [5, 4, 14, 11, 15, 10, 9]
54
0: [9, 16, 11, 14]
1: [16, 9, 14, 11]
2: [16, 14, 9]
3: [16, 14, 9, 10]
4: [16, 9, 10, 14]
5: [9, 10, 14]
6: [9, 15, 10, 14]
7: [9, 15, 10, 14]
8: [9, 11, 16, 14]
9: [11, 14, 9, 16]
10: [11, 10, 9, 16]
11: [14, 10, 16]
12: [16, 10, 9, 14]
13: [16, 10, 15, 9, 14]
14: [10, 15, 9, 14]
15: [9, 15, 14, 10]
16: [9, 11, 16]
17: [14, 15, 16, 9]
18: [11, 14, 10, 15, 9, 16]
19: [14, 10, 11, 15, 9, 16]
20: [10, 11, 15, 9, 16]
21: [10, 16, 11, 15]
22: [4, 10, 11, 9, 14]
23: [4, 15, 9, 14, 10]
24: [9, 11, 16, 15]
25: [11, 15, 9]
26: [11, 15, 14, 10, 16, 9]
27: [11, 14, 10, 15, 9, 16]
28: [11, 14, 10, 15, 16, 9]
29: [10, 11, 16, 15, 14]
30: [4, 15, 9, 11, 14]
31: [4, 15, 9, 11, 14, 10]
32: [9, 16, 15, 11]
33: [9, 15, 16, 11]
34: [15, 14, 10, 16, 9]
35: [14, 11, 15, 10, 9, 16]
36: [11, 14, 10, 15, 9, 16]
37: [10, 11, 16, 9, 14]
38: [4, 10, 11, 9, 15]
39: [4, 11, 14, 10, 9, 15]
40: [16, 15, 11]
41: [9, 15, 10, 16, 11]
42: [9, 15, 14, 10]
43: [9, 14, 15, 10, 11]
44: [9, 14, 15, 16, 11]
45: [9, 16, 11, 14]
46: [4, 10, 11, 16, 5, 14, 15]
47: [4, 5, 11, 14, 10, 9, 15]
48: [16, 10, 15, 11]
49: [15, 10, 16, 11]
50: [5, 15, 14, 16, 11]
51: [5, 10, 14, 16, 11]
52: [5, 14, 15, 16, 10]
53: [5, 9, 14, 15, 4, 10, 11]
54: []
55: [4, 5, 11, 14, 10, 15, 9, 16]
56: [16, 10, 11, 15]
57: [10, 16, 11, 15]
58: [5, 10, 16, 11, 15]
59: [5, 10, 16, 14, 11, 15]
60: [5, 14, 11, 15, 16, 10]
61: [5, 4, 14, 11, 15, 10, 16]
62: [5, 4, 14, 11, 15, 10, 16, 9]
63: [4, 5, 11, 14, 10, 15, 9, 16]
55
0: [16, 9, 14, 11]
1: [16, 9, 14, 11]
2: [16, 9, 14]
3: [16, 9, 14, 10]
4: [14, 16, 9, 10]
5: [14, 9, 10]
6: [14, 9, 15, 10]
7: [14, 9, 15, 10]
8: [9, 16, 11, 14]
9: [16, 9, 14, 11]
10: [9, 16, 10, 11]
11: [14, 16, 10]
12: [16, 14, 10, 9]
13: [16, 14, 10, 9, 15]
14: [14, 10, 9, 15]
15: [14, 9, 15, 10]
16: [9, 16, 11]
17: [16, 15, 9, 14]
18: [16, 9, 15, 10, 14, 11]
19: [10, 14, 9, 15, 16, 11]
20: [10, 9, 15, 16, 11]
21: [16, 10, 15, 11]
22: [4, 10, 14, 9, 11]
23: [14, 4, 9, 15, 10]
24: [9, 16, 11, 15]
25: [11, 15, 9]
26: [15, 11, 16, 10, 9, 14]
27: [15, 10, 14, 11, 16, 9]
28: [10, 15, 11, 14, 16, 9]
29: [16, 10, 14, 15, 11]
30: [4, 14, 15, 9, 11]
31: [14, 4, 15, 9, 10, 11]
32: [9, 11, 16, 15]
33: [9, 11, 15, 16]
34: [15, 16, 10, 9, 14]
35: [15, 10, 14, 11, 9, 16]
36: [15, 10, 14, 11, 16, 9]
37: [16, 10, 14, 11, 9]
38: [15, 4, 10, 11, 9]
39: [14, 15, 4, 9, 10, 11]
40: [11, 16, 15]
41: [9, 11, 15, 16, 10]
42: [9, 15, 10, 14]
43: [9, 15, 11, 10, 14]
44: [9, 15, 11, 14, 16]
45: [16, 9, 14, 11]
46: [5, 16, 15, 4, 10, 14, 11]
47: [5, 14, 15, 4, 9, 10, 11]
48: [11, 16, 10, 15]
49: [15, 11, 16, 10]
50: [5, 15, 11, 16, 14]
51: [5, 11, 10, 16, 14]
52: [5, 10, 15, 14, 16]
53: [4, 5, 9, 10, 15, 11, 14]
54: [16, 5, 9, 4, 15, 10, 14, 11]
55: []
56: [11, 16, 10, 15]
57: [11, 16, 10, 15]
58: [11, 5, 16, 10, 15]
59: [11, 5, 16, 10, 14, 15]
60: [10, 11, 5, 14, 15, 16]
61: [4, 10, 11, 5, 14, 15, 16]
62: [4, 9, 10, 11, 5, 14, 15, 16]
63: [4, 9, 10, 11, 5, 14, 15, 16]
56
0: [12, 13, 11, 16]
1: [12, 13, 11, 16]
2: [12, 13, 16]
3: [10, 12, 13, 16]
4: [10, 13, 12, 16]
5: [10, 13, 12]
6: [10, 13, 12, 15]
7: [10, 13, 12, 15]
8: [12, 13, 11, 16]
9: [12, 16, 13, 11]
10: [10, 12, 16, 13, 11]
11: [10, 12, 16, 13]
12: [12, 10, 16]
13: [13, 10, 16, 15]
14: [10, 13, 12, 15]
15: [13, 10, 15, 12]
16: [12, 6, 13, 11, 16]
17: [6, 16, 12, 13, 15]
18: [10, 16, 11, 15]
19: [16, 13, 11, 10, 15]
20: [16, 12, 13, 11, 10, 15]
21: [10, 13, 11, 16, 12, 15]
22: [10, 11, 13, 12]
23: [13, 10, 15]
24: [12, 6, 11, 13, 15, 16]
25: [6, 12, 11, 13, 15]
26: [10, 16, 12, 11, 15]
27: [16, 11, 15, 12, 10, 13]
28: [11, 16, 12, 15, 10, 13]
29: [11, 15, 10, 16, 13, 12]
30: [15, 11, 13]
31: [13, 10, 15, 11]
32: [11, 12, 6, 13, 15, 16]
33: [11, 6, 16, 15, 13]
34: [10, 16, 12, 15, 13]
35: [11, 16, 12, 15, 10, 13]
36: [11, 16, 12, 15, 13, 10]
37: [11, 10, 16, 13, 12]
38: [13, 15, 11, 10]
39: [13, 15, 10, 11]
40: [1, 11, 12, 6, 13, 15, 16]
41: [1, 10, 6, 11, 16, 12, 15]
42: [10, 13, 12, 15]
43: [13, 11, 15, 12, 10]
44: [13, 11, 15, 16, 12]
45: [13, 11, 16, 12]
46: [13, 15, 11, 10, 16]
47: [15, 10, 11]
48: [1, 10, 11, 12, 6, 13, 15, 16]
49: [10, 13, 1, 6, 11, 16, 12, 15]
50: [6, 13, 1, 16, 11, 15, 12]
51: [16, 1, 11, 12, 10]
52: [1, 15, 16, 10, 12]
53: [1, 11, 15, 10, 12]
54: [11, 15, 10, 16]
55: [15, 10, 16, 11]
56: []
57: [6, 13, 15, 16, 1, 10, 11, 12]
58: [6, 15, 16, 1, 10, 11, 12]
59: [15, 16, 1, 10, 11, 12]
60: [15, 1, 10, 16, 11, 12]
61: [15, 1, 10, 16, 11]
62: [15, 10, 16, 11]
63: [15, 10, 16, 11]
57
0: [12, 13, 11, 16]
1: [12, 13, 11, 16]
2: [12, 13, 16]
3: [10, 12, 13, 16]
4: [10, 13, 12, 16]
5: [10, 13, 12]
6: [10, 13, 12, 15]
7: [13, 10, 15, 12]
8: [12, 13, 11, 16]
9: [16, 12, 13, 11]
10: [10, 12, 16, 13, 11]
11: [10, 12, 16, 13]
12: [12, 16, 10]
13: [13, 16, 10, 15]
14: [13, 10, 15, 12]
15: [13, 10, 15, 12]
16: [12, 6, 13, 11, 16]
17: [6, 16, 12, 13, 15]
18: [10, 16, 11, 15]
19: [16, 13, 11, 10, 15]
20: [16, 12, 13, 11, 10, 15]
21: [13, 10, 16, 11, 15, 12]
22: [10, 13, 11, 12]
23: [13, 10, 15]
24: [12, 6, 13, 11, 15, 16]
25: [6, 12, 11, 13, 15]
26: [10, 16, 12, 11, 15]
27: [16, 11, 15, 12, 10, 13]
28: [16, 11, 15, 12, 13, 10]
29: [11, 15, 10, 16, 13, 12]
30: [15, 13, 11]
31: [13, 10, 15, 11]
32: [11, 12, 6, 13, 15, 16]
33: [6, 11, 16, 15, 13]
34: [10, 16, 12, 15, 13]
35: [16, 11, 15, 12, 13, 10]
36: [11, 16, 12, 15, 13, 10]
37: [11, 10, 16, 13, 12]
38: [13, 15, 11, 10]
39: [13, 15, 10, 11]
40: [1, 11, 12, 6, 13, 15, 16]
41: [1, 6, 10, 11, 16, 12, 15]
42: [13, 10, 15, 12]
43: [13, 11, 15, 12, 10]
44: [13, 11, 15, 16, 12]
45: [13, 11, 16, 12]
46: [13, 15, 11, 10, 16]
47: [15, 10, 11]
48: [1, 10, 11, 12, 6, 13, 15, 16]
49: [13, 6, 10, 1, 16, 11, 15, 12]
50: [6, 13, 16, 1, 11, 15, 12]
51: [16, 1, 11, 12, 10]
52: [1, 15, 16, 10, 12]
53: [1, 11, 15, 10, 12]
54: [15, 11, 10, 16]
55: [15, 10, 16, 11]
56: [1, 10, 11, 12, 6, 13, 15, 16]
57: []
58: [6, 15, 16, 1, 10, 11, 12]
59: [15, 16, 1, 10, 11, 12]
60: [15, 1, 16, 10, 11, 12]
61: [15, 1, 10, 16, 11]
62: [15, 10, 16, 11]
63: [15, 10, 16, 11]
58
0: [12, 11, 16]
1: [12, 11, 16]
2: [12, 16]
3: [10, 12, 16]
4: [10, 12, 16]
5: [10, 12]
6: [10, 15, 12]
7: [10, 15, 12]
8: [12, 11, 16]
9: [16, 12, 11]
10: [10, 16, 12, 11]
11: [10, 12, 16]
12: [12, 16, 10]
13: [16, 15, 10]
14: [15, 10, 12]
15: [10, 15, 12]
16: [6, 12, 11, 16]
17: [6, 16, 12, 15]
18: [10, 16, 11, 15]
19: [16, 11, 15, 10]
20: [16, 12, 11, 15, 10]
21: [16, 10, 11, 15, 12]
22: [10, 11, 12]
23: [10, 15]
24: [12, 6, 11, 15, 16]
25: [6, 12, 11, 15]
26: [10, 16, 12, 15, 11]
27: [16, 11, 15, 12, 10]
28: [16, 11, 15, 12, 10]
29: [11, 15, 16, 10, 12]
30: [15, 11]
31: [10, 15, 11]
32: [11, 12, 6, 15, 16]
33: [6, 11, 16, 15]
34: [10, 16, 12, 15]
35: [16, 11, 15, 12, 10]
36: [16, 11, 15, 12, 10]
37: [11, 16, 10, 12]
38: [15, 11, 10]
39: [15, 10, 11]
40: [1, 11, 12, 6, 15, 16]
41: [6, 1, 10, 16, 11, 15, 12]
42: [10, 15, 12]
43: [11, 15, 12, 10]
44: [11, 15, 16, 12]
45: [11, 16, 12]
46: [5, 15, 11, 16, 10]
47: [5, 15, 10, 11]
48: [1, 10, 11, 12, 6, 15, 16]
49: [6, 10, 16, 1, 11, 15, 12]
50: [6, 16, 1, 11, 5, 15, 12]
51: [16, 1, 11, 5, 12, 10]
52: [1, 5, 15, 16, 10, 12]
53: [1, 5, 15, 11, 10, 12]
54: [5, 15, 11, 16, 10]
55: [5, 15, 10, 16, 11]
56: [1, 10, 11, 12, 6, 15, 16]
57: [1, 10, 11, 12, 6, 15, 16]
58: []
59: [5, 15, 16, 1, 10, 11, 12]
60: [5, 15, 1, 16, 10, 11, 12]
61: [5, 15, 1, 16, 10, 11]
62: [5, 15, 10, 16, 11]
63: [5, 15, 10, 16, 11]
59
0: [12, 11, 14, 16]
1: [12, 11, 14, 16]
2: [12, 14, 16]
3: [10, 12, 14, 16]
4: [10, 14, 12, 16]
5: [14, 10, 12]
6: [14, 10, 15, 12]
7: [14, 10, 15, 12]
8: [12, 11, 14, 16]
9: [16, 12, 11, 14]
10: [10, 16, 12, 11]
11: [10, 16, 12, 14]
12: [14, 12, 16, 10]
13: [14, 16, 15, 10]
14: [14, 15, 10, 12]
15: [14, 10, 15, 12]
16: [12, 11, 16]
17: [16, 12, 15, 14]
18: [16, 10, 11, 15, 14]
19: [16, 14, 11, 15, 10]
20: [16, 12, 11, 15, 10]
21: [16, 10, 15, 11, 12]
22: [14, 10, 11, 12]
23: [14, 10, 15]
24: [12, 11, 15, 16]
25: [12, 11, 15]
26: [16, 10, 12, 15, 11, 14]
27: [16, 15, 11, 12, 14, 10]
28: [16, 11, 15, 12, 14, 10]
29: [11, 14, 15, 16, 10, 12]
30: [14, 15, 11]
31: [14, 10, 15, 11]
32: [11, 12, 15, 16]
33: [16, 11, 15]
34: [16, 10, 12, 15, 14]
35: [16, 11, 15, 12, 14, 10]
36: [16, 11, 15, 12, 14, 10]
37: [11, 14, 16, 10, 12]
38: [15, 11, 10]
39: [14, 15, 10, 11]
40: [1, 11, 12, 15, 16]
41: [16, 1, 10, 11, 15, 12]
42: [10, 15, 12, 14]
43: [11, 15, 12, 14, 10]
44: [11, 15, 16, 12, 14]
45: [11, 14, 16, 12]
46: [5, 15, 11, 14, 16, 10]
47: [5, 14, 15, 10, 11]
48: [1, 10, 11, 12, 15, 16]
49: [16, 10, 1, 11, 15, 12]
50: [16, 1, 11, 5, 15, 12, 14]
51: [16, 1, 5, 11, 12, 10, 14]
52: [1, 5, 15, 16, 14, 10, 12]
53: [5, 1, 15, 11, 14, 10, 12]
54: [5, 15, 11, 14, 16, 10]
55: [5, 14, 15, 10, 16, 11]
56: [1, 10, 11, 12, 15, 16]
57: [1, 10, 11, 12, 15, 16]
58: [1, 10, 11, 12, 5, 15, 16]
59: []
60: [5, 14, 15, 1, 16, 10, 11, 12]
61: [5, 14, 15, 1, 16, 10, 11]
62: [5, 14, 15, 16, 10, 11]
63: [5, 14, 15, 10, 16, 11]
60
0: [12, 16, 11, 14]
1: [12, 16, 11, 14]
2: [12, 16, 14]
3: [12, 16, 10, 14]
4: [14, 16, 10, 12]
5: [14, 10, 12]
6: [14, 15, 10, 12]
7: [14, 15, 10, 12]
8: [12, 16, 11, 14]
9: [12, 11, 16, 14]
10: [12, 10, 11, 16]
11: [12, 10, 14, 16]
12: [10, 16, 14, 12]
13: [10, 16, 14, 15]
14: [10, 14, 15, 12]
15: [14, 15, 10, 12]
16: [12, 16, 11]
17: [12, 16, 15, 14]
18: [10, 11, 16, 15, 14]
19: [10, 14, 11, 15, 16]
20: [10, 12, 15, 11, 16]
21: [10, 16, 15, 11, 12]
22: [10, 14, 11, 12]
23: [14, 15, 10]
24: [12, 16, 11, 15]
25: [12, 11, 15]
26: [12, 15, 11, 10, 16, 14]
27: [10, 15, 11, 12, 14, 16]
28: [10, 11, 15, 14, 12, 16]
29: [10, 16, 14, 11, 15, 12]
30: [14, 15, 11]
31: [14, 15, 10, 11]
32: [11, 12, 16, 15]
33: [11, 15, 16]
34: [15, 12, 10, 16, 14]
35: [10, 15, 11, 14, 12, 16]
36: [10, 11, 15, 12, 14, 16]
37: [10, 16, 11, 14, 12]
38: [10, 15, 11]
39: [14, 15, 10, 11]
40: [1, 11, 12, 16, 15]
41: [1, 11, 15, 12, 10, 16]
42: [15, 12, 10, 14]
43: [11, 15, 10, 12, 14]
44: [15, 11, 14, 12, 16]
45: [16, 11, 14, 12]
46: [10, 5, 16, 15, 11, 14]
47: [5, 14, 15, 10, 11]
48: [1, 11, 12, 16, 10, 15]
49: [1, 11, 15, 12, 10, 16]
50: [1, 5, 11, 15, 12, 16, 14]
51: [1, 5, 11, 10, 12, 16, 14]
52: [10, 5, 1, 15, 14, 12, 16]
53: [10, 5, 15, 1, 11, 14, 12]
54: [10, 16, 5, 15, 11, 14]
55: [5, 14, 15, 16, 10, 11]
56: [1, 11, 12, 10, 16, 15]
57: [1, 11, 12, 10, 16, 15]
58: [1, 11, 12, 5, 10, 16, 15]
59: [1, 11, 12, 5, 10, 16, 14, 15]
60: []
61: [5, 14, 15, 16, 1, 10, 11]
62: [5, 14, 15, 16, 10, 11]
63: [5, 14, 15, 16, 10, 11]
61
0: [16, 11, 14]
1: [16, 11, 14]
2: [16, 14]
3: [16, 14, 10]
4: [14, 16, 10]
5: [14, 10]
6: [14, 15, 10]
7: [14, 15, 10]
8: [16, 11, 14]
9: [11, 16, 14]
10: [10, 11, 16]
11: [14, 10, 16]
12: [16, 10, 14]
13: [16, 10, 14, 15]
14: [10, 14, 15]
15: [14, 15, 10]
16: [16, 11]
17: [16, 15, 14]
18: [10, 16, 11, 15, 14]
19: [10, 14, 15, 11, 16]
20: [10, 15, 11, 16]
21: [10, 16, 15, 11]
22: [4, 10, 14, 11]
23: [4, 14, 15, 10]
24: [16, 11, 15]
25: [11, 15]
26: [15, 11, 10, 16, 14]
27: [10, 15, 11, 14, 16]
28: [10, 11, 15, 14, 16]
29: [10, 16, 14, 11, 15]
30: [4, 14, 15, 11]
31: [14, 4, 15, 10, 11]
32: [11, 16, 15]
33: [11, 15, 16]
34: [15, 10, 16, 14]
35: [10, 15, 11, 14, 16]
36: [10, 15, 11, 14, 16]
37: [10, 16, 14, 11]
38: [4, 10, 15, 11]
39: [14, 15, 4, 10, 11]
40: [1, 11, 16, 15]
41: [1, 11, 15, 10, 16]
42: [15, 10, 14]
43: [15, 11, 10, 14]
44: [15, 11, 14, 16]
45: [16, 11, 14]
46: [4, 5, 10, 16, 15, 11, 14]
47: [5, 14, 15, 4, 10, 11]
48: [1, 11, 16, 10, 15]
49: [1, 11, 15, 10, 16]
50: [1, 5, 11, 15, 16, 14]
51: [5, 1, 11, 10, 16, 14]
52: [10, 5, 15, 1, 14, 16]
53: [4, 10, 5, 15, 1, 11, 14]
54: [4, 10, 16, 5, 15, 11, 14]
55: [5, 14, 15, 16, 4, 10, 11]
56: [1, 11, 16, 10, 15]
57: [1, 11, 10, 16, 15]
58: [1, 11, 5, 10, 16, 15]
59: [1, 11, 5, 10, 16, 14, 15]
60: [1, 10, 11, 5, 14, 15, 16]
61: []
62: [5, 14, 15, 16, 4, 10, 11]
63: [5, 14, 15, 16, 4, 10, 11]
62
0: [9, 16, 11, 14]
1: [9, 16, 11, 14]
2: [16, 9, 14]
3: [16, 9, 14, 10]
4: [14, 16, 9, 10]
5: [14, 9, 10]
6: [14, 9, 15, 10]
7: [14, 9, 15, 10]
8: [9, 16, 11, 14]
9: [9, 11, 16, 14]
10: [9, 10, 11, 16]
11: [14, 10, 16]
12: [16, 14, 10, 9]
13: [16, 10, 14, 9, 15]
14: [10, 14, 9, 15]
15: [14, 9, 15, 10]
16: [9, 16, 11]
17: [9, 16, 15, 14]
18: [9, 10, 16, 15, 11, 14]
19: [10, 9, 14, 15, 11, 16]
20: [10, 9, 15, 11, 16]
21: [16, 10, 15, 11]
22: [4, 10, 14, 9, 11]
23: [14, 4, 9, 15, 10]
24: [9, 16, 11, 15]
25: [11, 9, 15]
26: [15, 11, 10, 16, 9, 14]
27: [10, 15, 11, 14, 9, 16]
28: [10, 15, 11, 14, 9, 16]
29: [16, 10, 14, 11, 15]
30: [4, 14, 9, 15, 11]
31: [14, 4, 9, 15, 10, 11]
32: [9, 11, 16, 15]
33: [9, 11, 15, 16]
34: [15, 10, 16, 9, 14]
35: [10, 15, 11, 14, 9, 16]
36: [10, 15, 11, 14, 9, 16]
37: [16, 10, 14, 11, 9]
38: [4, 15, 10, 11, 9]
39: [14, 15, 4, 9, 10, 11]
40: [11, 16, 15]
41: [9, 11, 15, 10, 16]
42: [9, 15, 10, 14]
43: [9, 15, 11, 10, 14]
44: [9, 15, 11, 14, 16]
45: [9, 16, 11, 14]
46: [4, 5, 16, 10, 15, 11, 14]
47: [5, 14, 15, 4, 9, 10, 11]
48: [11, 16, 10, 15]
49: [11, 15, 10, 16]
50: [5, 11, 15, 16, 14]
51: [5, 11, 10, 16, 14]
52: [10, 5, 15, 14, 16]
53: [4, 9, 10, 5, 15, 11, 14]
54: [9, 4, 16, 5, 10, 15, 11, 14]
55: [5, 14, 15, 16, 4, 9, 10, 11]
56: [11, 16, 10, 15]
57: [11, 16, 10, 15]
58: [11, 5, 10, 16, 15]
59: [11, 5, 10, 16, 14, 15]
60: [10, 11, 5, 14, 15, 16]
61: [4, 10, 11, 5, 14, 15, 16]
62: []
63: [5, 14, 15, 16, 4, 9, 10, 11]
63
0: [9, 16, 11, 14]
1: [16, 9, 14, 11]
2: [16, 9, 14]
3: [16, 9, 14, 10]
4: [14, 16, 9, 10]
5: [14, 9, 10]
6: [14, 9, 15, 10]
7: [14, 9, 15, 10]
8: [9, 16, 11, 14]
9: [9, 16, 11, 14]
10: [9, 10, 16, 11]
11: [14, 10, 16]
12: [16, 14, 10, 9]
13: [16, 14, 10, 9, 15]
14: [10, 14, 9, 15]
15: [14, 9, 15, 10]
16: [9, 16, 11]
17: [16, 9, 15, 14]
18: [9, 16, 10, 15, 11, 14]
19: [10, 14, 9, 15, 16, 11]
20: [10, 9, 15, 16, 11]
21: [16, 10, 15, 11]
22: [4, 10, 14, 9, 11]
23: [14, 4, 9, 15, 10]
24: [9, 16, 11, 15]
25: [11, 9, 15]
26: [15, 11, 16, 10, 9, 14]
27: [10, 15, 11, 14, 9, 16]
28: [10, 15, 11, 14, 16, 9]
29: [16, 10, 14, 15, 11]
30: [4, 14, 15, 9, 11]
31: [14, 4, 9, 15, 10, 11]
32: [9, 11, 16, 15]
33: [9, 11, 15, 16]
34: [15, 16, 10, 9, 14]
35: [15, 10, 14, 11, 9, 16]
36: [10, 15, 11, 14, 9, 16]
37: [16, 10, 14, 11, 9]
38: [15, 4, 10, 11, 9]
39: [14, 15, 4, 9, 10, 11]
40: [11, 16, 15]
41: [9, 11, 15, 16, 10]
42: [9, 15, 10, 14]
43: [9, 15, 11, 10, 14]
44: [9, 15, 11, 14, 16]
45: [9, 16, 11, 14]
46: [5, 16, 4, 15, 10, 14, 11]
47: [5, 14, 15, 4, 9, 10, 11]
48: [11, 16, 10, 15]
49: [11, 15, 16, 10]
50: [5, 15, 11, 16, 14]
51: [5, 11, 10, 16, 14]
52: [10, 5, 15, 14, 16]
53: [4, 9, 5, 10, 15, 11, 14]
54: [9, 16, 4, 5, 10, 15, 11, 14]
55: [5, 14, 15, 16, 4, 9, 10, 11]
56: [11, 16, 10, 15]
57: [11, 16, 10, 15]
58: [11, 5, 16, 10, 15]
59: [11, 5, 10, 16, 14, 15]
60: [10, 11, 5, 14, 15, 16]
61: [4, 10, 11, 5, 14, 15, 16]
62: [4, 9, 10, 11, 5, 14, 15, 16]
63: []
