8
1: [0, 1, 5, 6, 2, 3, 7, 11, 10, 9, 8, 4]
2: [0, 1, 2, 3, 7, 11, 15, 14, 13, 12, 8, 4]
3: [1, 2, 6, 10, 14, 13, 9, 5]
4: [4, 5, 6, 7, 11, 15, 14, 10, 9, 13, 12, 8]
5: [0, 1, 2, 6, 10, 14, 13, 12, 8, 9, 5, 4]
6: [4, 5, 6, 7, 11, 10, 9, 8]
7: [1, 2, 3, 7, 6, 10, 11, 15, 14, 13, 9, 5]
8: [5, 6, 10, 9]
16
0
0: []
1: [1, 2, 5]
2: [2, 5, 1]
3: [2, 1]
4: [1, 2, 5]
5: [1, 5]
6: [1, 5]
7: [2, 1]
8: [5, 1, 2]
9: [1, 5]
10: [5, 1]
11: [2, 1]
12: [5, 2]
13: [5, 2]
14: [5, 2]
15: [2]
1
0: [1, 2, 5]
1: []
2: [2, 3, 5, 7, 1]
3: [2, 7, 1]
4: [1, 2, 5]
5: [1, 3, 5, 7]
6: [1, 3, 5, 7]
7: [2, 7, 1]
8: [5, 1, 2]
9: [3, 1, 5, 7]
10: [3, 5, 7, 1]
11: [2, 1, 7]
12: [5, 2]
13: [3, 5, 2, 7]
14: [3, 5, 2, 7]
15: [2, 7]
2
0: [1, 2, 5]
1: [3, 1, 2, 5, 7]
2: []
3: [1, 2, 7]
4: [1, 2, 5]
5: [3, 5, 1, 7]
6: [3, 5, 7, 1]
7: [1, 2, 7]
8: [1, 5, 2]
9: [1, 3, 5, 7]
10: [3, 5, 1, 7]
11: [1, 2, 7]
12: [5, 2]
13: [3, 5, 2, 7]
14: [3, 5, 2, 7]
15: [2, 7]
3
0: [1, 2]
1: [1, 2, 7]
2: [1, 2, 7]
3: []
4: [1, 2]
5: [1, 7]
6: [7, 1]
7: [1, 2, 7]
8: [1, 2]
9: [1, 7]
10: [1, 7]
11: [1, 2, 7]
12: [2]
13: [2, 7]
14: [2, 7]
15: [2, 7]
4
0: [1, 2, 5]
1: [1, 2, 5]
2: [2, 5, 1]
3: [2, 1]
4: []
5: [4, 6, 1, 5]
6: [4, 6, 1, 5]
7: [4, 6, 2, 1]
8: [6, 5, 1, 2, 4]
9: [6, 4, 1, 5]
10: [5, 6, 4, 1]
11: [4, 6, 2, 1]
12: [5, 2, 4]
13: [5, 2, 4]
14: [4, 5, 2]
15: [4, 2]
5
0: [5, 1]
1: [3, 7, 5, 1]
2: [1, 3, 7, 5]
3: [1, 7]
4: [5, 6, 1, 4]
5: []
6: [1, 4, 6, 8, 3, 5, 7]
7: [4, 6, 1, 7]
8: [6, 1, 4, 5]
9: [8, 6, 1, 3, 4, 5, 7]
10: [8, 3, 6, 1, 4, 5, 7]
11: [4, 6, 1, 7]
12: [4, 5]
13: [3, 4, 5, 7]
14: [3, 4, 5, 7]
15: [4, 7]
6
0: [1, 5]
1: [3, 7, 1, 5]
2: [1, 3, 7, 5]
3: [1, 7]
4: [6, 1, 5, 4]
5: [8, 3, 5, 6, 7, 1, 4]
6: []
7: [4, 6, 1, 7]
8: [5, 6, 1, 4]
9: [8, 3, 6, 1, 4, 5, 7]
10: [3, 5, 7, 8, 6, 1, 4]
11: [4, 6, 7, 1]
12: [5, 4]
13: [3, 5, 7, 4]
14: [3, 5, 4, 7]
15: [4, 7]
7
0: [1, 2]
1: [1, 2, 7]
2: [1, 2, 7]
3: [1, 2, 7]
4: [1, 6, 2, 4]
5: [6, 1, 7, 4]
6: [7, 6, 1, 4]
7: []
8: [1, 6, 2, 4]
9: [1, 6, 4, 7]
10: [1, 6, 7, 4]
11: [1, 2, 4, 6, 7]
12: [2, 4]
13: [2, 4, 7]
14: [2, 4, 7]
15: [2, 4, 7]
8
0: [1, 2, 5]
1: [1, 2, 5]
2: [2, 1, 5]
3: [2, 1]
4: [1, 2, 4, 6, 5]
5: [4, 5, 6, 1]
6: [4, 6, 1, 5]
7: [4, 6, 2, 1]
8: []
9: [5, 6, 4, 1]
10: [6, 4, 5, 1]
11: [4, 6, 2, 1]
12: [2, 4, 5]
13: [2, 4, 5]
14: [4, 2, 5]
15: [4, 2]
9
0: [1, 5]
1: [3, 7, 1, 5]
2: [3, 7, 5, 1]
3: [7, 1]
4: [1, 5, 6, 4]
5: [3, 5, 7, 8, 6, 1, 4]
6: [8, 3, 6, 1, 4, 5, 7]
7: [6, 7, 4, 1]
8: [1, 6, 4, 5]
9: []
10: [8, 3, 5, 6, 7, 1, 4]
11: [6, 4, 7, 1]
12: [4, 5]
13: [4, 3, 5, 7]
14: [3, 5, 4, 7]
15: [4, 7]
10
0: [1, 5]
1: [1, 3, 7, 5]
2: [3, 1, 7, 5]
3: [1, 7]
4: [1, 6, 4, 5]
5: [8, 3, 6, 1, 4, 5, 7]
6: [8, 6, 1, 3, 4, 5, 7]
7: [6, 4, 1, 7]
8: [1, 6, 4, 5]
9: [1, 4, 6, 8, 3, 5, 7]
10: []
11: [7, 6, 4, 1]
12: [4, 5]
13: [3, 4, 5, 7]
14: [3, 5, 7, 4]
15: [7, 4]
11
0: [1, 2]
1: [1, 7, 2]
2: [7, 1, 2]
3: [7, 1, 2]
4: [1, 6, 2, 4]
5: [6, 7, 1, 4]
6: [6, 1, 4, 7]
7: [6, 7, 1, 2, 4]
8: [1, 6, 2, 4]
9: [1, 6, 4, 7]
10: [1, 6, 4, 7]
11: []
12: [2, 4]
13: [2, 7, 4]
14: [2, 4, 7]
15: [2, 4, 7]
12
0: [2, 5]
1: [2, 5]
2: [2, 5]
3: [2]
4: [2, 4, 5]
5: [4, 5]
6: [4, 5]
7: [4, 2]
8: [2, 4, 5]
9: [5, 4]
10: [4, 5]
11: [4, 2]
12: []
13: [2, 4, 5]
14: [4, 2, 5]
15: [4, 2]
13
0: [2, 5]
1: [3, 7, 2, 5]
2: [3, 7, 2, 5]
3: [7, 2]
4: [2, 4, 5]
5: [3, 7, 4, 5]
6: [3, 4, 7, 5]
7: [4, 7, 2]
8: [2, 4, 5]
9: [3, 7, 5, 4]
10: [3, 7, 4, 5]
11: [4, 2, 7]
12: [2, 4, 5]
13: []
14: [3, 4, 2, 5, 7]
15: [4, 2, 7]
14
0: [2, 5]
1: [3, 7, 2, 5]
2: [3, 7, 2, 5]
3: [7, 2]
4: [2, 4, 5]
5: [3, 7, 5, 4]
6: [3, 4, 7, 5]
7: [7, 2, 4]
8: [2, 5, 4]
9: [3, 4, 7, 5]
10: [4, 3, 7, 5]
11: [2, 4, 7]
12: [2, 5, 4]
13: [2, 3, 5, 7, 4]
14: []
15: [2, 4, 7]
15
0: [2]
1: [7, 2]
2: [7, 2]
3: [7, 2]
4: [2, 4]
5: [7, 4]
6: [4, 7]
7: [7, 2, 4]
8: [2, 4]
9: [4, 7]
10: [4, 7]
11: [2, 4, 7]
12: [2, 4]
13: [2, 7, 4]
14: [2, 4, 7]
15: []
