16
1: [0, 1, 5, 6, 2, 3, 7, 11, 10, 9, 8, 4]
2: [4, 8, 9, 10, 11, 7, 3, 2, 6, 5, 1, 0]
3: [0, 1, 2, 3, 7, 11, 15, 14, 13, 12, 8, 4]
4: [4, 8, 12, 13, 14, 15, 11, 7, 3, 2, 1, 0]
5: [1, 2, 6, 10, 14, 13, 9, 5]
6: [5, 9, 13, 14, 10, 6, 2, 1]
7: [4, 5, 6, 7, 11, 15, 14, 10, 9, 13, 12, 8]
8: [8, 12, 13, 9, 10, 14, 15, 11, 7, 6, 5, 4]
9: [0, 1, 2, 6, 10, 14, 13, 12, 8, 9, 5, 4]
10: [4, 5, 9, 8, 12, 13, 14, 10, 6, 2, 1, 0]
11: [4, 5, 6, 7, 11, 10, 9, 8]
12: [8, 9, 10, 11, 7, 6, 5, 4]
13: [1, 2, 3, 7, 6, 10, 11, 15, 14, 13, 9, 5]
14: [5, 9, 13, 14, 15, 11, 10, 6, 7, 3, 2, 1]
15: [5, 6, 10, 9]
16: [9, 10, 6, 5]
16
0
0: []
1: [1, 3, 9, 2, 4, 10]
2: [3, 9, 1, 2, 4, 10]
3: [3, 1, 2, 4]
4: [2, 4, 10, 1, 3, 9]
5: [1, 10, 2, 9]
6: [1, 9, 2, 10]
7: [3, 1, 2, 4]
8: [2, 4, 10, 9, 1, 3]
9: [2, 10, 1, 9]
10: [2, 9, 1, 10]
11: [2, 3, 1, 4]
12: [4, 10, 9, 3]
13: [4, 9, 10, 3]
14: [4, 9, 3, 10]
15: [3, 4]
1
0: [2, 4, 10, 1, 3, 9]
1: []
2: [3, 5, 9, 13, 1, 6, 2, 4, 10, 14]
3: [3, 13, 1, 2, 4, 14]
4: [2, 4, 10, 1, 3, 9]
5: [1, 6, 14, 10, 5, 9, 2, 13]
6: [1, 5, 9, 13, 6, 14, 2, 10]
7: [3, 13, 1, 2, 4, 14]
8: [2, 4, 10, 9, 1, 3]
9: [6, 14, 2, 10, 5, 1, 9, 13]
10: [5, 9, 2, 6, 13, 1, 14, 10]
11: [3, 1, 2, 13, 14, 4]
12: [4, 9, 10, 3]
13: [6, 14, 4, 5, 9, 3, 10, 13]
14: [5, 6, 9, 14, 3, 4, 10, 13]
15: [3, 14, 4, 13]
2
0: [4, 10, 2, 1, 3, 9]
1: [4, 6, 10, 14, 2, 5, 1, 3, 9, 13]
2: []
3: [1, 3, 13, 2, 4, 14]
4: [4, 10, 2, 1, 3, 9]
5: [2, 6, 14, 10, 5, 9, 1, 13]
6: [2, 5, 9, 13, 6, 14, 1, 10]
7: [1, 3, 13, 2, 4, 14]
8: [4, 1, 2, 9, 10, 3]
9: [6, 14, 1, 5, 10, 2, 9, 13]
10: [5, 9, 1, 13, 6, 2, 14, 10]
11: [1, 3, 13, 14, 2, 4]
12: [4, 9, 3, 10]
13: [5, 6, 9, 14, 3, 4, 10, 13]
14: [5, 9, 3, 6, 14, 4, 13, 10]
15: [3, 13, 14, 4]
3
0: [4, 2, 1, 3]
1: [4, 14, 2, 1, 3, 13]
2: [2, 4, 14, 1, 3, 13]
3: []
4: [4, 1, 2, 3]
5: [2, 14, 1, 13]
6: [2, 13, 1, 14]
7: [1, 3, 13, 2, 4, 14]
8: [1, 4, 2, 3]
9: [1, 14, 2, 13]
10: [1, 13, 2, 14]
11: [1, 3, 13, 14, 2, 4]
12: [3, 4]
13: [3, 14, 4, 13]
14: [3, 13, 14, 4]
15: [3, 13, 14, 4]
4
0: [1, 3, 9, 2, 4, 10]
1: [1, 3, 9, 2, 4, 10]
2: [3, 9, 1, 2, 4, 10]
3: [3, 1, 2, 4]
4: []
5: [7, 10, 11, 1, 12, 2, 8, 9]
6: [7, 11, 1, 9, 12, 2, 10, 8]
7: [7, 11, 2, 3, 12, 1, 4, 8]
8: [2, 4, 8, 12, 10, 11, 9, 1, 3, 7]
9: [2, 10, 12, 8, 11, 7, 1, 9]
10: [2, 12, 8, 9, 11, 7, 10, 1]
11: [2, 7, 11, 12, 3, 4, 1, 8]
12: [4, 8, 10, 9, 3, 7]
13: [4, 8, 10, 9, 3, 7]
14: [4, 7, 8, 9, 10, 3]
15: [4, 7, 3, 8]
5
0: [2, 9, 1, 10]
1: [2, 5, 13, 9, 6, 10, 1, 14]
2: [1, 5, 13, 9, 6, 10, 2, 14]
3: [1, 13, 2, 14]
4: [8, 9, 12, 2, 11, 1, 7, 10]
5: []
6: [1, 7, 11, 15, 5, 16, 6, 9, 13, 10, 12, 14, 2, 8]
7: [7, 11, 1, 13, 12, 2, 14, 8]
8: [8, 10, 12, 2, 11, 1, 7, 9]
9: [6, 10, 14, 16, 12, 15, 2, 8, 11, 1, 5, 7, 9, 13]
10: [15, 16, 5, 6, 11, 12, 1, 2, 7, 8, 9, 10, 13, 14]
11: [7, 11, 1, 12, 14, 2, 13, 8]
12: [8, 10, 7, 9]
13: [6, 14, 8, 10, 5, 7, 9, 13]
14: [6, 14, 5, 7, 10, 8, 9, 13]
15: [7, 14, 8, 13]
6
0: [2, 10, 1, 9]
1: [2, 6, 10, 14, 5, 13, 1, 9]
2: [1, 6, 10, 14, 5, 13, 2, 9]
3: [1, 14, 2, 13]
4: [8, 12, 2, 10, 11, 1, 9, 7]
5: [2, 8, 12, 16, 6, 15, 5, 10, 14, 9, 11, 13, 1, 7]
6: []
7: [7, 11, 14, 1, 12, 2, 8, 13]
8: [8, 12, 2, 9, 11, 1, 10, 7]
9: [15, 16, 5, 6, 11, 12, 1, 2, 7, 8, 9, 10, 13, 14]
10: [5, 9, 13, 15, 11, 16, 1, 7, 12, 2, 6, 8, 10, 14]
11: [7, 11, 13, 1, 12, 2, 8, 14]
12: [8, 9, 7, 10]
13: [5, 9, 6, 8, 13, 7, 14, 10]
14: [5, 9, 7, 13, 6, 8, 14, 10]
15: [7, 13, 8, 14]
7
0: [4, 1, 2, 3]
1: [4, 14, 2, 1, 3, 13]
2: [2, 4, 14, 1, 3, 13]
3: [2, 4, 14, 1, 3, 13]
4: [8, 12, 1, 4, 11, 2, 3, 7]
5: [8, 12, 2, 14, 11, 1, 13, 7]
6: [8, 12, 13, 2, 11, 1, 7, 14]
7: []
8: [1, 8, 11, 12, 3, 4, 2, 7]
9: [1, 11, 7, 12, 14, 8, 13, 2]
10: [1, 11, 13, 7, 12, 8, 2, 14]
11: [1, 3, 7, 11, 13, 12, 14, 2, 4, 8]
12: [3, 8, 4, 7]
13: [3, 7, 8, 13, 14, 4]
14: [3, 7, 13, 14, 4, 8]
15: [3, 7, 13, 14, 4, 8]
8
0: [1, 3, 9, 10, 2, 4]
1: [1, 3, 9, 10, 2, 4]
2: [3, 1, 2, 9, 10, 4]
3: [2, 3, 1, 4]
4: [1, 3, 7, 11, 9, 12, 10, 2, 4, 8]
5: [7, 9, 11, 1, 12, 2, 8, 10]
6: [7, 11, 1, 10, 12, 2, 9, 8]
7: [2, 7, 11, 12, 3, 4, 1, 8]
8: []
9: [2, 9, 12, 8, 11, 7, 1, 10]
10: [2, 12, 8, 10, 11, 7, 9, 1]
11: [2, 12, 4, 7, 11, 3, 8, 1]
12: [4, 8, 10, 3, 7, 9]
13: [4, 8, 10, 3, 7, 9]
14: [4, 10, 8, 7, 3, 9]
15: [4, 7, 8, 3]
9
0: [1, 9, 2, 10]
1: [5, 13, 1, 9, 6, 2, 10, 14]
2: [5, 13, 2, 6, 9, 1, 10, 14]
3: [2, 13, 1, 14]
4: [1, 9, 11, 7, 12, 8, 2, 10]
5: [5, 9, 13, 15, 11, 16, 1, 7, 12, 2, 6, 8, 10, 14]
6: [15, 16, 5, 6, 11, 12, 1, 2, 7, 8, 9, 10, 13, 14]
7: [2, 12, 8, 11, 13, 7, 14, 1]
8: [1, 10, 11, 7, 12, 8, 2, 9]
9: []
10: [2, 8, 12, 16, 6, 15, 5, 10, 14, 9, 11, 13, 1, 7]
11: [2, 12, 8, 14, 11, 7, 13, 1]
12: [7, 10, 8, 9]
13: [6, 7, 14, 10, 5, 9, 8, 13]
14: [6, 8, 14, 10, 5, 9, 7, 13]
15: [8, 14, 7, 13]
10
0: [1, 10, 2, 9]
1: [6, 10, 1, 5, 14, 2, 13, 9]
2: [6, 10, 2, 14, 5, 1, 13, 9]
3: [2, 14, 1, 13]
4: [1, 11, 7, 10, 12, 8, 9, 2]
5: [15, 16, 5, 6, 11, 12, 1, 2, 7, 8, 9, 10, 13, 14]
6: [6, 10, 14, 16, 12, 15, 2, 8, 11, 1, 5, 7, 9, 13]
7: [2, 12, 14, 8, 11, 7, 1, 13]
8: [1, 11, 7, 9, 12, 8, 10, 2]
9: [1, 7, 11, 15, 5, 16, 6, 9, 13, 10, 12, 14, 2, 8]
10: []
11: [2, 12, 13, 8, 11, 7, 1, 14]
12: [7, 9, 8, 10]
13: [5, 7, 9, 13, 6, 14, 8, 10]
14: [5, 8, 9, 13, 6, 14, 7, 10]
15: [8, 13, 7, 14]
11
0: [1, 4, 2, 3]
1: [4, 1, 2, 13, 14, 3]
2: [2, 4, 14, 13, 1, 3]
3: [2, 4, 14, 13, 1, 3]
4: [1, 8, 11, 12, 3, 4, 2, 7]
5: [8, 12, 2, 11, 13, 1, 14, 7]
6: [8, 12, 14, 2, 11, 1, 7, 13]
7: [2, 4, 8, 12, 14, 11, 13, 1, 3, 7]
8: [1, 11, 3, 8, 12, 4, 7, 2]
9: [1, 11, 7, 13, 12, 8, 14, 2]
10: [1, 11, 14, 7, 12, 8, 2, 13]
11: []
12: [3, 7, 8, 4]
13: [3, 13, 7, 8, 4, 14]
14: [3, 7, 13, 4, 8, 14]
15: [3, 7, 13, 4, 8, 14]
12
0: [3, 9, 10, 4]
1: [3, 9, 10, 4]
2: [3, 10, 4, 9]
3: [3, 4]
4: [3, 7, 9, 10, 4, 8]
5: [7, 9, 8, 10]
6: [7, 10, 8, 9]
7: [4, 7, 3, 8]
8: [3, 7, 9, 4, 8, 10]
9: [8, 9, 7, 10]
10: [8, 10, 7, 9]
11: [4, 7, 8, 3]
12: []
13: [4, 8, 10, 3, 7, 9]
14: [4, 10, 8, 7, 3, 9]
15: [4, 8, 7, 3]
13
0: [3, 9, 10, 4]
1: [5, 13, 3, 6, 10, 4, 9, 14]
2: [5, 6, 10, 13, 3, 4, 9, 14]
3: [4, 13, 3, 14]
4: [3, 7, 9, 10, 4, 8]
5: [5, 13, 7, 9, 6, 8, 10, 14]
6: [6, 10, 5, 7, 14, 8, 13, 9]
7: [4, 7, 8, 13, 14, 3]
8: [3, 7, 9, 4, 8, 10]
9: [5, 8, 13, 9, 6, 10, 7, 14]
10: [6, 8, 10, 14, 5, 13, 7, 9]
11: [4, 14, 8, 7, 3, 13]
12: [3, 7, 9, 4, 8, 10]
13: []
14: [4, 6, 10, 14, 8, 5, 7, 3, 9, 13]
15: [4, 14, 8, 7, 3, 13]
14
0: [3, 10, 4, 9]
1: [5, 6, 10, 13, 3, 4, 9, 14]
2: [6, 10, 4, 5, 13, 3, 14, 9]
3: [4, 13, 14, 3]
4: [3, 7, 8, 9, 10, 4]
5: [5, 13, 6, 8, 9, 7, 10, 14]
6: [6, 10, 8, 14, 5, 7, 13, 9]
7: [4, 8, 14, 13, 3, 7]
8: [3, 9, 7, 8, 4, 10]
9: [5, 7, 13, 9, 6, 10, 8, 14]
10: [6, 7, 10, 14, 5, 13, 8, 9]
11: [4, 8, 14, 3, 7, 13]
12: [3, 9, 7, 8, 4, 10]
13: [3, 5, 9, 13, 7, 6, 8, 4, 10, 14]
14: []
15: [4, 8, 14, 3, 7, 13]
15
0: [3, 4]
1: [4, 13, 3, 14]
2: [4, 13, 14, 3]
3: [4, 14, 13, 3]
4: [3, 8, 4, 7]
5: [8, 13, 7, 14]
6: [8, 14, 7, 13]
7: [4, 8, 14, 13, 3, 7]
8: [3, 7, 8, 4]
9: [7, 13, 8, 14]
10: [7, 14, 8, 13]
11: [4, 8, 14, 3, 7, 13]
12: [3, 7, 8, 4]
13: [3, 13, 7, 8, 4, 14]
14: [3, 7, 13, 4, 8, 14]
15: []
