82
1: [0, 1, 2, 3, 11, 19, 27, 26, 25, 24, 16, 8]
2: [2, 3, 11, 19, 27, 26, 18, 10]
3: [1, 2, 3, 11, 19, 27, 26, 25, 17, 9]
4: [0, 1, 9, 17, 25, 24, 16, 8]
5: [0, 1, 2, 10, 18, 26, 25, 24, 16, 8]
6: [0, 1, 2, 3, 11, 10, 9, 8]
7: [8, 9, 10, 11, 19, 18, 17, 16]
8: [16, 17, 18, 19, 27, 26, 25, 24]
9: [9, 10, 18, 17]
10: [9, 10, 18, 17]
11: [4, 5, 6, 7, 15, 23, 31, 30, 29, 28, 20, 12]
12: [6, 7, 15, 23, 31, 30, 22, 14]
13: [5, 6, 7, 15, 23, 31, 30, 29, 21, 13]
14: [4, 5, 13, 21, 29, 28, 20, 12]
15: [4, 5, 6, 14, 22, 30, 29, 28, 20, 12]
16: [4, 5, 6, 7, 15, 14, 13, 12]
17: [12, 13, 14, 15, 23, 22, 21, 20]
18: [20, 21, 22, 23, 31, 30, 29, 28]
19: [13, 14, 22, 21]
20: [13, 14, 22, 21]
21: [32, 33, 34, 35, 43, 51, 59, 58, 57, 56, 48, 40]
22: [34, 35, 43, 51, 59, 58, 50, 42]
23: [33, 34, 35, 43, 51, 59, 58, 57, 49, 41]
24: [32, 33, 41, 49, 57, 56, 48, 40]
25: [32, 33, 34, 42, 50, 58, 57, 56, 48, 40]
26: [32, 33, 34, 35, 43, 42, 41, 40]
27: [40, 41, 42, 43, 51, 50, 49, 48]
28: [48, 49, 50, 51, 59, 58, 57, 56]
29: [41, 42, 50, 49]
30: [41, 42, 50, 49]
31: [36, 37, 38, 39, 47, 55, 63, 62, 61, 60, 52, 44]
32: [38, 39, 47, 55, 63, 62, 54, 46]
33: [37, 38, 39, 47, 55, 63, 62, 61, 53, 45]
34: [36, 37, 45, 53, 61, 60, 52, 44]
35: [36, 37, 38, 46, 54, 62, 61, 60, 52, 44]
36: [36, 37, 38, 39, 47, 46, 45, 44]
37: [44, 45, 46, 47, 55, 54, 53, 52]
38: [52, 53, 54, 55, 63, 62, 61, 60]
39: [45, 46, 54, 53]
40: [45, 46, 54, 53]
41: [0, 1, 2, 3, 4, 5, 6, 7, 15, 14, 13, 12, 11, 10, 9, 8]
42: [0, 1, 2, 3, 4, 5, 6, 7, 15, 14, 13, 12, 11, 10, 9, 8]
43: [0, 1, 2, 3, 4, 5, 6, 7, 15, 14, 13, 12, 11, 10, 9, 8]
44: [8, 9, 10, 11, 12, 13, 14, 15, 23, 22, 21, 20, 19, 18, 17, 16]
45: [8, 9, 10, 11, 12, 13, 14, 15, 23, 22, 21, 20, 19, 18, 17, 16]
46: [8, 9, 10, 11, 12, 13, 14, 15, 23, 22, 21, 20, 19, 18, 17, 16]
47: [16, 17, 18, 19, 20, 21, 22, 23, 31, 30, 29, 28, 27, 26, 25, 24]
48: [16, 17, 18, 19, 20, 21, 22, 23, 31, 30, 29, 28, 27, 26, 25, 24]
49: [16, 17, 18, 19, 20, 21, 22, 23, 31, 30, 29, 28, 27, 26, 25, 24]
50: [24, 25, 26, 27, 28, 29, 30, 31, 39, 38, 37, 36, 35, 34, 33, 32]
51: [24, 25, 26, 27, 28, 29, 30, 31, 39, 38, 37, 36, 35, 34, 33, 32]
52: [24, 25, 26, 27, 28, 29, 30, 31, 39, 38, 37, 36, 35, 34, 33, 32]
53: [32, 33, 34, 35, 36, 37, 38, 39, 47, 46, 45, 44, 43, 42, 41, 40]
54: [32, 33, 34, 35, 36, 37, 38, 39, 47, 46, 45, 44, 43, 42, 41, 40]
55: [32, 33, 34, 35, 36, 37, 38, 39, 47, 46, 45, 44, 43, 42, 41, 40]
56: [40, 41, 42, 43, 44, 45, 46, 47, 55, 54, 53, 52, 51, 50, 49, 48]
57: [40, 41, 42, 43, 44, 45, 46, 47, 55, 54, 53, 52, 51, 50, 49, 48]
58: [40, 41, 42, 43, 44, 45, 46, 47, 55, 54, 53, 52, 51, 50, 49, 48]
59: [48, 49, 50, 51, 52, 53, 54, 55, 63, 62, 61, 60, 59, 58, 57, 56]
60: [48, 49, 50, 51, 52, 53, 54, 55, 63, 62, 61, 60, 59, 58, 57, 56]
61: [48, 49, 50, 51, 52, 53, 54, 55, 63, 62, 61, 60, 59, 58, 57, 56]
62: [0, 1, 9, 17, 25, 33, 41, 49, 57, 56, 48, 40, 32, 24, 16, 8]
63: [0, 1, 9, 17, 25, 33, 41, 49, 57, 56, 48, 40, 32, 24, 16, 8]
64: [0, 1, 9, 17, 25, 33, 41, 49, 57, 56, 48, 40, 32, 24, 16, 8]
65: [1, 2, 10, 18, 26, 34, 42, 50, 58, 57, 49, 41, 33, 25, 17, 9]
66: [1, 2, 10, 18, 26, 34, 42, 50, 58, 57, 49, 41, 33, 25, 17, 9]
67: [1, 2, 10, 18, 26, 34, 42, 50, 58, 57, 49, 41, 33, 25, 17, 9]
68: [2, 3, 11, 19, 27, 35, 43, 51, 59, 58, 50, 42, 34, 26, 18, 10]
69: [2, 3, 11, 19, 27, 35, 43, 51, 59, 58, 50, 42, 34, 26, 18, 10]
70: [2, 3, 11, 19, 27, 35, 43, 51, 59, 58, 50, 42, 34, 26, 18, 10]
71: [3, 4, 12, 20, 28, 36, 44, 52, 60, 59, 51, 43, 35, 27, 19, 11]
72: [3, 4, 12, 20, 28, 36, 44, 52, 60, 59, 51, 43, 35, 27, 19, 11]
73: [3, 4, 12, 20, 28, 36, 44, 52, 60, 59, 51, 43, 35, 27, 19, 11]
74: [4, 5, 13, 21, 29, 37, 45, 53, 61, 60, 52, 44, 36, 28, 20, 12]
75: [4, 5, 13, 21, 29, 37, 45, 53, 61, 60, 52, 44, 36, 28, 20, 12]
76: [4, 5, 13, 21, 29, 37, 45, 53, 61, 60, 52, 44, 36, 28, 20, 12]
77: [5, 6, 14, 22, 30, 38, 46, 54, 62, 61, 53, 45, 37, 29, 21, 13]
78: [5, 6, 14, 22, 30, 38, 46, 54, 62, 61, 53, 45, 37, 29, 21, 13]
79: [5, 6, 14, 22, 30, 38, 46, 54, 62, 61, 53, 45, 37, 29, 21, 13]
80: [6, 7, 15, 23, 31, 39, 47, 55, 63, 62, 54, 46, 38, 30, 22, 14]
81: [6, 7, 15, 23, 31, 39, 47, 55, 63, 62, 54, 46, 38, 30, 22, 14]
82: [6, 7, 15, 23, 31, 39, 47, 55, 63, 62, 54, 46, 38, 30, 22, 14]
64
0
0: []
1: [1, 4, 5, 6, 41, 42, 43, 62, 63, 64]
2: [1, 5, 6, 41, 42, 43]
3: [1, 6, 41, 42, 43]
4: [41, 42, 43]
5: [41, 42, 43]
6: [41, 42, 43]
7: [41, 42, 43]
8: [1, 4, 5, 6, 41, 42, 43, 62, 63, 64]
9: [4, 6, 41, 42, 43, 62, 63, 64]
10: [5, 6, 41, 42, 43]
11: [1, 6, 41, 42, 43]
12: [41, 42, 43]
13: [41, 42, 43]
14: [41, 42, 43]
15: [41, 42, 43]
16: [1, 4, 5, 62, 63, 64]
17: [4, 62, 63, 64]
18: [5]
19: [1]
20: []
21: []
22: []
23: []
24: [1, 4, 5, 62, 63, 64]
25: [1, 4, 5, 62, 63, 64]
26: [1, 5]
27: [1]
28: []
29: []
30: []
31: []
32: [62, 63, 64]
33: [62, 63, 64]
34: []
35: []
36: []
37: []
38: []
39: []
40: [62, 63, 64]
41: [62, 63, 64]
42: []
43: []
44: []
45: []
46: []
47: []
48: [62, 63, 64]
49: [62, 63, 64]
50: []
51: []
52: []
53: []
54: []
55: []
56: [62, 63, 64]
57: [62, 63, 64]
58: []
59: []
60: []
61: []
62: []
63: []
1
0: [1, 4, 5, 6, 41, 42, 43, 62, 63, 64]
1: []
2: [1, 3, 5, 6, 41, 42, 43, 65, 66, 67]
3: [1, 3, 6, 41, 42, 43]
4: [41, 42, 43]
5: [41, 42, 43]
6: [41, 42, 43]
7: [41, 42, 43]
8: [1, 4, 5, 6, 41, 42, 43, 62, 63, 64]
9: [3, 4, 6, 41, 42, 43, 62, 63, 64, 65, 66, 67]
10: [5, 6, 41, 42, 43, 65, 66, 67]
11: [1, 3, 6, 41, 42, 43]
12: [41, 42, 43]
13: [41, 42, 43]
14: [41, 42, 43]
15: [41, 42, 43]
16: [1, 4, 5, 62, 63, 64]
17: [3, 4, 62, 63, 64, 65, 66, 67]
18: [5, 65, 66, 67]
19: [1, 3]
20: []
21: []
22: []
23: []
24: [1, 4, 5, 62, 63, 64]
25: [1, 3, 4, 5, 62, 63, 64, 65, 66, 67]
26: [1, 3, 5, 65, 66, 67]
27: [1, 3]
28: []
29: []
30: []
31: []
32: [62, 63, 64]
33: [62, 63, 64, 65, 66, 67]
34: [65, 66, 67]
35: []
36: []
37: []
38: []
39: []
40: [62, 63, 64]
41: [62, 63, 64, 65, 66, 67]
42: [65, 66, 67]
43: []
44: []
45: []
46: []
47: []
48: [62, 63, 64]
49: [62, 63, 64, 65, 66, 67]
50: [65, 66, 67]
51: []
52: []
53: []
54: []
55: []
56: [62, 63, 64]
57: [62, 63, 64, 65, 66, 67]
58: [65, 66, 67]
59: []
60: []
61: []
62: []
63: []
2
0: [1, 5, 6, 41, 42, 43]
1: [1, 3, 5, 6, 41, 42, 43, 65, 66, 67]
2: []
3: [1, 2, 3, 6, 41, 42, 43, 68, 69, 70]
4: [41, 42, 43]
5: [41, 42, 43]
6: [41, 42, 43]
7: [41, 42, 43]
8: [1, 5, 6, 41, 42, 43]
9: [3, 6, 41, 42, 43, 65, 66, 67]
10: [2, 5, 6, 41, 42, 43, 65, 66, 67, 68, 69, 70]
11: [1, 2, 3, 6, 41, 42, 43, 68, 69, 70]
12: [41, 42, 43]
13: [41, 42, 43]
14: [41, 42, 43]
15: [41, 42, 43]
16: [1, 5]
17: [3, 65, 66, 67]
18: [2, 5, 65, 66, 67, 68, 69, 70]
19: [1, 2, 3, 68, 69, 70]
20: []
21: []
22: []
23: []
24: [1, 5]
25: [1, 3, 5, 65, 66, 67]
26: [1, 2, 3, 5, 65, 66, 67, 68, 69, 70]
27: [1, 2, 3, 68, 69, 70]
28: []
29: []
30: []
31: []
32: []
33: [65, 66, 67]
34: [65, 66, 67, 68, 69, 70]
35: [68, 69, 70]
36: []
37: []
38: []
39: []
40: []
41: [65, 66, 67]
42: [65, 66, 67, 68, 69, 70]
43: [68, 69, 70]
44: []
45: []
46: []
47: []
48: []
49: [65, 66, 67]
50: [65, 66, 67, 68, 69, 70]
51: [68, 69, 70]
52: []
53: []
54: []
55: []
56: []
57: [65, 66, 67]
58: [65, 66, 67, 68, 69, 70]
59: [68, 69, 70]
60: []
61: []
62: []
63: []
3
0: [1, 6, 41, 42, 43]
1: [1, 3, 6, 41, 42, 43]
2: [1, 2, 3, 6, 41, 42, 43, 68, 69, 70]
3: []
4: [41, 42, 43, 71, 72, 73]
5: [41, 42, 43]
6: [41, 42, 43]
7: [41, 42, 43]
8: [1, 6, 41, 42, 43]
9: [3, 6, 41, 42, 43]
10: [2, 6, 41, 42, 43, 68, 69, 70]
11: [1, 2, 3, 6, 41, 42, 43, 68, 69, 70, 71, 72, 73]
12: [41, 42, 43, 71, 72, 73]
13: [41, 42, 43]
14: [41, 42, 43]
15: [41, 42, 43]
16: [1]
17: [3]
18: [2, 68, 69, 70]
19: [1, 2, 3, 68, 69, 70, 71, 72, 73]
20: [71, 72, 73]
21: []
22: []
23: []
24: [1]
25: [1, 3]
26: [1, 2, 3, 68, 69, 70]
27: [1, 2, 3, 68, 69, 70, 71, 72, 73]
28: [71, 72, 73]
29: []
30: []
31: []
32: []
33: []
34: [68, 69, 70]
35: [68, 69, 70, 71, 72, 73]
36: [71, 72, 73]
37: []
38: []
39: []
40: []
41: []
42: [68, 69, 70]
43: [68, 69, 70, 71, 72, 73]
44: [71, 72, 73]
45: []
46: []
47: []
48: []
49: []
50: [68, 69, 70]
51: [68, 69, 70, 71, 72, 73]
52: [71, 72, 73]
53: []
54: []
55: []
56: []
57: []
58: [68, 69, 70]
59: [68, 69, 70, 71, 72, 73]
60: [71, 72, 73]
61: []
62: []
63: []
4
0: [41, 42, 43]
1: [41, 42, 43]
2: [41, 42, 43]
3: [41, 42, 43, 71, 72, 73]
4: []
5: [11, 14, 15, 16, 41, 42, 43, 74, 75, 76]
6: [11, 15, 16, 41, 42, 43]
7: [11, 16, 41, 42, 43]
8: [41, 42, 43]
9: [41, 42, 43]
10: [41, 42, 43]
11: [41, 42, 43, 71, 72, 73]
12: [11, 14, 15, 16, 41, 42, 43, 71, 72, 73, 74, 75, 76]
13: [14, 16, 41, 42, 43, 74, 75, 76]
14: [15, 16, 41, 42, 43]
15: [11, 16, 41, 42, 43]
16: []
17: []
18: []
19: [71, 72, 73]
20: [11, 14, 15, 71, 72, 73, 74, 75, 76]
21: [14, 74, 75, 76]
22: [15]
23: [11]
24: []
25: []
26: []
27: [71, 72, 73]
28: [11, 14, 15, 71, 72, 73, 74, 75, 76]
29: [11, 14, 15, 74, 75, 76]
30: [11, 15]
31: [11]
32: []
33: []
34: []
35: [71, 72, 73]
36: [71, 72, 73, 74, 75, 76]
37: [74, 75, 76]
38: []
39: []
40: []
41: []
42: []
43: [71, 72, 73]
44: [71, 72, 73, 74, 75, 76]
45: [74, 75, 76]
46: []
47: []
48: []
49: []
50: []
51: [71, 72, 73]
52: [71, 72, 73, 74, 75, 76]
53: [74, 75, 76]
54: []
55: []
56: []
57: []
58: []
59: [71, 72, 73]
60: [71, 72, 73, 74, 75, 76]
61: [74, 75, 76]
62: []
63: []
5
0: [41, 42, 43]
1: [41, 42, 43]
2: [41, 42, 43]
3: [41, 42, 43]
4: [11, 14, 15, 16, 41, 42, 43, 74, 75, 76]
5: []
6: [11, 13, 15, 16, 41, 42, 43, 77, 78, 79]
7: [11, 13, 16, 41, 42, 43]
8: [41, 42, 43]
9: [41, 42, 43]
10: [41, 42, 43]
11: [41, 42, 43]
12: [11, 14, 15, 16, 41, 42, 43, 74, 75, 76]
13: [13, 14, 16, 41, 42, 43, 74, 75, 76, 77, 78, 79]
14: [15, 16, 41, 42, 43, 77, 78, 79]
15: [11, 13, 16, 41, 42, 43]
16: []
17: []
18: []
19: []
20: [11, 14, 15, 74, 75, 76]
21: [13, 14, 74, 75, 76, 77, 78, 79]
22: [15, 77, 78, 79]
23: [11, 13]
24: []
25: []
26: []
27: []
28: [11, 14, 15, 74, 75, 76]
29: [11, 13, 14, 15, 74, 75, 76, 77, 78, 79]
30: [11, 13, 15, 77, 78, 79]
31: [11, 13]
32: []
33: []
34: []
35: []
36: [74, 75, 76]
37: [74, 75, 76, 77, 78, 79]
38: [77, 78, 79]
39: []
40: []
41: []
42: []
43: []
44: [74, 75, 76]
45: [74, 75, 76, 77, 78, 79]
46: [77, 78, 79]
47: []
48: []
49: []
50: []
51: []
52: [74, 75, 76]
53: [74, 75, 76, 77, 78, 79]
54: [77, 78, 79]
55: []
56: []
57: []
58: []
59: []
60: [74, 75, 76]
61: [74, 75, 76, 77, 78, 79]
62: [77, 78, 79]
63: []
6
0: [41, 42, 43]
1: [41, 42, 43]
2: [41, 42, 43]
3: [41, 42, 43]
4: [11, 15, 16, 41, 42, 43]
5: [11, 13, 15, 16, 41, 42, 43, 77, 78, 79]
6: []
7: [11, 12, 13, 16, 41, 42, 43, 80, 81, 82]
8: [41, 42, 43]
9: [41, 42, 43]
10: [41, 42, 43]
11: [41, 42, 43]
12: [11, 15, 16, 41, 42, 43]
13: [13, 16, 41, 42, 43, 77, 78, 79]
14: [12, 15, 16, 41, 42, 43, 77, 78, 79, 80, 81, 82]
15: [11, 12, 13, 16, 41, 42, 43, 80, 81, 82]
16: []
17: []
18: []
19: []
20: [11, 15]
21: [13, 77, 78, 79]
22: [12, 15, 77, 78, 79, 80, 81, 82]
23: [11, 12, 13, 80, 81, 82]
24: []
25: []
26: []
27: []
28: [11, 15]
29: [11, 13, 15, 77, 78, 79]
30: [11, 12, 13, 15, 77, 78, 79, 80, 81, 82]
31: [11, 12, 13, 80, 81, 82]
32: []
33: []
34: []
35: []
36: []
37: [77, 78, 79]
38: [77, 78, 79, 80, 81, 82]
39: [80, 81, 82]
40: []
41: []
42: []
43: []
44: []
45: [77, 78, 79]
46: [77, 78, 79, 80, 81, 82]
47: [80, 81, 82]
48: []
49: []
50: []
51: []
52: []
53: [77, 78, 79]
54: [77, 78, 79, 80, 81, 82]
55: [80, 81, 82]
56: []
57: []
58: []
59: []
60: []
61: [77, 78, 79]
62: [77, 78, 79, 80, 81, 82]
63: [80, 81, 82]
7
0: [41, 42, 43]
1: [41, 42, 43]
2: [41, 42, 43]
3: [41, 42, 43]
4: [11, 16, 41, 42, 43]
5: [11, 13, 16, 41, 42, 43]
6: [11, 12, 13, 16, 41, 42, 43, 80, 81, 82]
7: []
8: [41, 42, 43]
9: [41, 42, 43]
10: [41, 42, 43]
11: [41, 42, 43]
12: [11, 16, 41, 42, 43]
13: [13, 16, 41, 42, 43]
14: [12, 16, 41, 42, 43, 80, 81, 82]
15: [11, 12, 13, 16, 41, 42, 43, 80, 81, 82]
16: []
17: []
18: []
19: []
20: [11]
21: [13]
22: [12, 80, 81, 82]
23: [11, 12, 13, 80, 81, 82]
24: []
25: []
26: []
27: []
28: [11]
29: [11, 13]
30: [11, 12, 13, 80, 81, 82]
31: [11, 12, 13, 80, 81, 82]
32: []
33: []
34: []
35: []
36: []
37: []
38: [80, 81, 82]
39: [80, 81, 82]
40: []
41: []
42: []
43: []
44: []
45: []
46: [80, 81, 82]
47: [80, 81, 82]
48: []
49: []
50: []
51: []
52: []
53: []
54: [80, 81, 82]
55: [80, 81, 82]
56: []
57: []
58: []
59: []
60: []
61: []
62: [80, 81, 82]
63: [80, 81, 82]
8
0: [1, 4, 5, 6, 41, 42, 43, 62, 63, 64]
1: [1, 4, 5, 6, 41, 42, 43, 62, 63, 64]
2: [1, 5, 6, 41, 42, 43]
3: [1, 6, 41, 42, 43]
4: [41, 42, 43]
5: [41, 42, 43]
6: [41, 42, 43]
7: [41, 42, 43]
8: []
9: [4, 6, 7, 41, 42, 43, 44, 45, 46, 62, 63, 64]
10: [5, 6, 7, 41, 42, 43, 44, 45, 46]
11: [1, 6, 7, 41, 42, 43, 44, 45, 46]
12: [41, 42, 43, 44, 45, 46]
13: [41, 42, 43, 44, 45, 46]
14: [41, 42, 43, 44, 45, 46]
15: [41, 42, 43, 44, 45, 46]
16: [1, 4, 5, 7, 44, 45, 46, 62, 63, 64]
17: [4, 7, 44, 45, 46, 62, 63, 64]
18: [5, 7, 44, 45, 46]
19: [1, 7, 44, 45, 46]
20: [44, 45, 46]
21: [44, 45, 46]
22: [44, 45, 46]
23: [44, 45, 46]
24: [1, 4, 5, 62, 63, 64]
25: [1, 4, 5, 62, 63, 64]
26: [1, 5]
27: [1]
28: []
29: []
30: []
31: []
32: [62, 63, 64]
33: [62, 63, 64]
34: []
35: []
36: []
37: []
38: []
39: []
40: [62, 63, 64]
41: [62, 63, 64]
42: []
43: []
44: []
45: []
46: []
47: []
48: [62, 63, 64]
49: [62, 63, 64]
50: []
51: []
52: []
53: []
54: []
55: []
56: [62, 63, 64]
57: [62, 63, 64]
58: []
59: []
60: []
61: []
62: []
63: []
9
0: [4, 6, 41, 42, 43, 62, 63, 64]
1: [3, 4, 6, 41, 42, 43, 62, 63, 64, 65, 66, 67]
2: [3, 6, 41, 42, 43, 65, 66, 67]
3: [3, 6, 41, 42, 43]
4: [41, 42, 43]
5: [41, 42, 43]
6: [41, 42, 43]
7: [41, 42, 43]
8: [4, 6, 7, 41, 42, 43, 44, 45, 46, 62, 63, 64]
9: []
10: [6, 7, 9, 10, 41, 42, 43, 44, 45, 46, 65, 66, 67]
11: [3, 6, 7, 41, 42, 43, 44, 45, 46]
12: [41, 42, 43, 44, 45, 46]
13: [41, 42, 43, 44, 45, 46]
14: [41, 42, 43, 44, 45, 46]
15: [41, 42, 43, 44, 45, 46]
16: [4, 7, 44, 45, 46, 62, 63, 64]
17: [3, 4, 7, 9, 10, 44, 45, 46, 62, 63, 64, 65, 66, 67]
18: [7, 9, 10, 44, 45, 46, 65, 66, 67]
19: [3, 7, 44, 45, 46]
20: [44, 45, 46]
21: [44, 45, 46]
22: [44, 45, 46]
23: [44, 45, 46]
24: [4, 62, 63, 64]
25: [3, 4, 62, 63, 64, 65, 66, 67]
26: [3, 65, 66, 67]
27: [3]
28: []
29: []
30: []
31: []
32: [62, 63, 64]
33: [62, 63, 64, 65, 66, 67]
34: [65, 66, 67]
35: []
36: []
37: []
38: []
39: []
40: [62, 63, 64]
41: [62, 63, 64, 65, 66, 67]
42: [65, 66, 67]
43: []
44: []
45: []
46: []
47: []
48: [62, 63, 64]
49: [62, 63, 64, 65, 66, 67]
50: [65, 66, 67]
51: []
52: []
53: []
54: []
55: []
56: [62, 63, 64]
57: [62, 63, 64, 65, 66, 67]
58: [65, 66, 67]
59: []
60: []
61: []
62: []
63: []
10
0: [5, 6, 41, 42, 43]
1: [5, 6, 41, 42, 43, 65, 66, 67]
2: [2, 5, 6, 41, 42, 43, 65, 66, 67, 68, 69, 70]
3: [2, 6, 41, 42, 43, 68, 69, 70]
4: [41, 42, 43]
5: [41, 42, 43]
6: [41, 42, 43]
7: [41, 42, 43]
8: [5, 6, 7, 41, 42, 43, 44, 45, 46]
9: [6, 7, 9, 10, 41, 42, 43, 44, 45, 46, 65, 66, 67]
10: []
11: [2, 6, 7, 41, 42, 43, 44, 45, 46, 68, 69, 70]
12: [41, 42, 43, 44, 45, 46]
13: [41, 42, 43, 44, 45, 46]
14: [41, 42, 43, 44, 45, 46]
15: [41, 42, 43, 44, 45, 46]
16: [5, 7, 44, 45, 46]
17: [7, 9, 10, 44, 45, 46, 65, 66, 67]
18: [2, 5, 7, 9, 10, 44, 45, 46, 65, 66, 67, 68, 69, 70]
19: [2, 7, 44, 45, 46, 68, 69, 70]
20: [44, 45, 46]
21: [44, 45, 46]
22: [44, 45, 46]
23: [44, 45, 46]
24: [5]
25: [5, 65, 66, 67]
26: [2, 5, 65, 66, 67, 68, 69, 70]
27: [2, 68, 69, 70]
28: []
29: []
30: []
31: []
32: []
33: [65, 66, 67]
34: [65, 66, 67, 68, 69, 70]
35: [68, 69, 70]
36: []
37: []
38: []
39: []
40: []
41: [65, 66, 67]
42: [65, 66, 67, 68, 69, 70]
43: [68, 69, 70]
44: []
45: []
46: []
47: []
48: []
49: [65, 66, 67]
50: [65, 66, 67, 68, 69, 70]
51: [68, 69, 70]
52: []
53: []
54: []
55: []
56: []
57: [65, 66, 67]
58: [65, 66, 67, 68, 69, 70]
59: [68, 69, 70]
60: []
61: []
62: []
63: []
11
0: [1, 6, 41, 42, 43]
1: [1, 3, 6, 41, 42, 43]
2: [1, 2, 3, 6, 41, 42, 43, 68, 69, 70]
3: [1, 2, 3, 6, 41, 42, 43, 68, 69, 70, 71, 72, 73]
4: [41, 42, 43, 71, 72, 73]
5: [41, 42, 43]
6: [41, 42, 43]
7: [41, 42, 43]
8: [1, 6, 7, 41, 42, 43, 44, 45, 46]
9: [3, 6, 7, 41, 42, 43, 44, 45, 46]
10: [2, 6, 7, 41, 42, 43, 44, 45, 46, 68, 69, 70]
11: []
12: [41, 42, 43, 44, 45, 46, 71, 72, 73]
13: [41, 42, 43, 44, 45, 46]
14: [41, 42, 43, 44, 45, 46]
15: [41, 42, 43, 44, 45, 46]
16: [1, 7, 44, 45, 46]
17: [3, 7, 44, 45, 46]
18: [2, 7, 44, 45, 46, 68, 69, 70]
19: [1, 2, 3, 7, 44, 45, 46, 68, 69, 70, 71, 72, 73]
20: [44, 45, 46, 71, 72, 73]
21: [44, 45, 46]
22: [44, 45, 46]
23: [44, 45, 46]
24: [1]
25: [1, 3]
26: [1, 2, 3, 68, 69, 70]
27: [1, 2, 3, 68, 69, 70, 71, 72, 73]
28: [71, 72, 73]
29: []
30: []
31: []
32: []
33: []
34: [68, 69, 70]
35: [68, 69, 70, 71, 72, 73]
36: [71, 72, 73]
37: []
38: []
39: []
40: []
41: []
42: [68, 69, 70]
43: [68, 69, 70, 71, 72, 73]
44: [71, 72, 73]
45: []
46: []
47: []
48: []
49: []
50: [68, 69, 70]
51: [68, 69, 70, 71, 72, 73]
52: [71, 72, 73]
53: []
54: []
55: []
56: []
57: []
58: [68, 69, 70]
59: [68, 69, 70, 71, 72, 73]
60: [71, 72, 73]
61: []
62: []
63: []
12
0: [41, 42, 43]
1: [41, 42, 43]
2: [41, 42, 43]
3: [41, 42, 43, 71, 72, 73]
4: [11, 14, 15, 16, 41, 42, 43, 71, 72, 73, 74, 75, 76]
5: [11, 14, 15, 16, 41, 42, 43, 74, 75, 76]
6: [11, 15, 16, 41, 42, 43]
7: [11, 16, 41, 42, 43]
8: [41, 42, 43, 44, 45, 46]
9: [41, 42, 43, 44, 45, 46]
10: [41, 42, 43, 44, 45, 46]
11: [41, 42, 43, 44, 45, 46, 71, 72, 73]
12: []
13: [14, 16, 17, 41, 42, 43, 44, 45, 46, 74, 75, 76]
14: [15, 16, 17, 41, 42, 43, 44, 45, 46]
15: [11, 16, 17, 41, 42, 43, 44, 45, 46]
16: [44, 45, 46]
17: [44, 45, 46]
18: [44, 45, 46]
19: [44, 45, 46, 71, 72, 73]
20: [11, 14, 15, 17, 44, 45, 46, 71, 72, 73, 74, 75, 76]
21: [14, 17, 44, 45, 46, 74, 75, 76]
22: [15, 17, 44, 45, 46]
23: [11, 17, 44, 45, 46]
24: []
25: []
26: []
27: [71, 72, 73]
28: [11, 14, 15, 71, 72, 73, 74, 75, 76]
29: [11, 14, 15, 74, 75, 76]
30: [11, 15]
31: [11]
32: []
33: []
34: []
35: [71, 72, 73]
36: [71, 72, 73, 74, 75, 76]
37: [74, 75, 76]
38: []
39: []
40: []
41: []
42: []
43: [71, 72, 73]
44: [71, 72, 73, 74, 75, 76]
45: [74, 75, 76]
46: []
47: []
48: []
49: []
50: []
51: [71, 72, 73]
52: [71, 72, 73, 74, 75, 76]
53: [74, 75, 76]
54: []
55: []
56: []
57: []
58: []
59: [71, 72, 73]
60: [71, 72, 73, 74, 75, 76]
61: [74, 75, 76]
62: []
63: []
13
0: [41, 42, 43]
1: [41, 42, 43]
2: [41, 42, 43]
3: [41, 42, 43]
4: [14, 16, 41, 42, 43, 74, 75, 76]
5: [13, 14, 16, 41, 42, 43, 74, 75, 76, 77, 78, 79]
6: [13, 16, 41, 42, 43, 77, 78, 79]
7: [13, 16, 41, 42, 43]
8: [41, 42, 43, 44, 45, 46]
9: [41, 42, 43, 44, 45, 46]
10: [41, 42, 43, 44, 45, 46]
11: [41, 42, 43, 44, 45, 46]
12: [14, 16, 17, 41, 42, 43, 44, 45, 46, 74, 75, 76]
13: []
14: [16, 17, 19, 20, 41, 42, 43, 44, 45, 46, 77, 78, 79]
15: [13, 16, 17, 41, 42, 43, 44, 45, 46]
16: [44, 45, 46]
17: [44, 45, 46]
18: [44, 45, 46]
19: [44, 45, 46]
20: [14, 17, 44, 45, 46, 74, 75, 76]
21: [13, 14, 17, 19, 20, 44, 45, 46, 74, 75, 76, 77, 78, 79]
22: [17, 19, 20, 44, 45, 46, 77, 78, 79]
23: [13, 17, 44, 45, 46]
24: []
25: []
26: []
27: []
28: [14, 74, 75, 76]
29: [13, 14, 74, 75, 76, 77, 78, 79]
30: [13, 77, 78, 79]
31: [13]
32: []
33: []
34: []
35: []
36: [74, 75, 76]
37: [74, 75, 76, 77, 78, 79]
38: [77, 78, 79]
39: []
40: []
41: []
42: []
43: []
44: [74, 75, 76]
45: [74, 75, 76, 77, 78, 79]
46: [77, 78, 79]
47: []
48: []
49: []
50: []
51: []
52: [74, 75, 76]
53: [74, 75, 76, 77, 78, 79]
54: [77, 78, 79]
55: []
56: []
57: []
58: []
59: []
60: [74, 75, 76]
61: [74, 75, 76, 77, 78, 79]
62: [77, 78, 79]
63: []
14
0: [41, 42, 43]
1: [41, 42, 43]
2: [41, 42, 43]
3: [41, 42, 43]
4: [15, 16, 41, 42, 43]
5: [15, 16, 41, 42, 43, 77, 78, 79]
6: [12, 15, 16, 41, 42, 43, 77, 78, 79, 80, 81, 82]
7: [12, 16, 41, 42, 43, 80, 81, 82]
8: [41, 42, 43, 44, 45, 46]
9: [41, 42, 43, 44, 45, 46]
10: [41, 42, 43, 44, 45, 46]
11: [41, 42, 43, 44, 45, 46]
12: [15, 16, 17, 41, 42, 43, 44, 45, 46]
13: [16, 17, 19, 20, 41, 42, 43, 44, 45, 46, 77, 78, 79]
14: []
15: [12, 16, 17, 41, 42, 43, 44, 45, 46, 80, 81, 82]
16: [44, 45, 46]
17: [44, 45, 46]
18: [44, 45, 46]
19: [44, 45, 46]
20: [15, 17, 44, 45, 46]
21: [17, 19, 20, 44, 45, 46, 77, 78, 79]
22: [12, 15, 17, 19, 20, 44, 45, 46, 77, 78, 79, 80, 81, 82]
23: [12, 17, 44, 45, 46, 80, 81, 82]
24: []
25: []
26: []
27: []
28: [15]
29: [15, 77, 78, 79]
30: [12, 15, 77, 78, 79, 80, 81, 82]
31: [12, 80, 81, 82]
32: []
33: []
34: []
35: []
36: []
37: [77, 78, 79]
38: [77, 78, 79, 80, 81, 82]
39: [80, 81, 82]
40: []
41: []
42: []
43: []
44: []
45: [77, 78, 79]
46: [77, 78, 79, 80, 81, 82]
47: [80, 81, 82]
48: []
49: []
50: []
51: []
52: []
53: [77, 78, 79]
54: [77, 78, 79, 80, 81, 82]
55: [80, 81, 82]
56: []
57: []
58: []
59: []
60: []
61: [77, 78, 79]
62: [77, 78, 79, 80, 81, 82]
63: [80, 81, 82]
15
0: [41, 42, 43]
1: [41, 42, 43]
2: [41, 42, 43]
3: [41, 42, 43]
4: [11, 16, 41, 42, 43]
5: [11, 13, 16, 41, 42, 43]
6: [11, 12, 13, 16, 41, 42, 43, 80, 81, 82]
7: [11, 12, 13, 16, 41, 42, 43, 80, 81, 82]
8: [41, 42, 43, 44, 45, 46]
9: [41, 42, 43, 44, 45, 46]
10: [41, 42, 43, 44, 45, 46]
11: [41, 42, 43, 44, 45, 46]
12: [11, 16, 17, 41, 42, 43, 44, 45, 46]
13: [13, 16, 17, 41, 42, 43, 44, 45, 46]
14: [12, 16, 17, 41, 42, 43, 44, 45, 46, 80, 81, 82]
15: []
16: [44, 45, 46]
17: [44, 45, 46]
18: [44, 45, 46]
19: [44, 45, 46]
20: [11, 17, 44, 45, 46]
21: [13, 17, 44, 45, 46]
22: [12, 17, 44, 45, 46, 80, 81, 82]
23: [11, 12, 13, 17, 44, 45, 46, 80, 81, 82]
24: []
25: []
26: []
27: []
28: [11]
29: [11, 13]
30: [11, 12, 13, 80, 81, 82]
31: [11, 12, 13, 80, 81, 82]
32: []
33: []
34: []
35: []
36: []
37: []
38: [80, 81, 82]
39: [80, 81, 82]
40: []
41: []
42: []
43: []
44: []
45: []
46: [80, 81, 82]
47: [80, 81, 82]
48: []
49: []
50: []
51: []
52: []
53: []
54: [80, 81, 82]
55: [80, 81, 82]
56: []
57: []
58: []
59: []
60: []
61: []
62: [80, 81, 82]
63: [80, 81, 82]
16
0: [1, 4, 5, 62, 63, 64]
1: [1, 4, 5, 62, 63, 64]
2: [1, 5]
3: [1]
4: []
5: []
6: []
7: []
8: [1, 4, 5, 7, 44, 45, 46, 62, 63, 64]
9: [4, 7, 44, 45, 46, 62, 63, 64]
10: [5, 7, 44, 45, 46]
11: [1, 7, 44, 45, 46]
12: [44, 45, 46]
13: [44, 45, 46]
14: [44, 45, 46]
15: [44, 45, 46]
16: []
17: [4, 7, 8, 44, 45, 46, 47, 48, 49, 62, 63, 64]
18: [5, 7, 8, 44, 45, 46, 47, 48, 49]
19: [1, 7, 8, 44, 45, 46, 47, 48, 49]
20: [44, 45, 46, 47, 48, 49]
21: [44, 45, 46, 47, 48, 49]
22: [44, 45, 46, 47, 48, 49]
23: [44, 45, 46, 47, 48, 49]
24: [1, 4, 5, 8, 47, 48, 49, 62, 63, 64]
25: [1, 4, 5, 8, 47, 48, 49, 62, 63, 64]
26: [1, 5, 8, 47, 48, 49]
27: [1, 8, 47, 48, 49]
28: [47, 48, 49]
29: [47, 48, 49]
30: [47, 48, 49]
31: [47, 48, 49]
32: [62, 63, 64]
33: [62, 63, 64]
34: []
35: []
36: []
37: []
38: []
39: []
40: [62, 63, 64]
41: [62, 63, 64]
42: []
43: []
44: []
45: []
46: []
47: []
48: [62, 63, 64]
49: [62, 63, 64]
50: []
51: []
52: []
53: []
54: []
55: []
56: [62, 63, 64]
57: [62, 63, 64]
58: []
59: []
60: []
61: []
62: []
63: []
17
0: [4, 62, 63, 64]
1: [3, 4, 62, 63, 64, 65, 66, 67]
2: [3, 65, 66, 67]
3: [3]
4: []
5: []
6: []
7: []
8: [4, 7, 44, 45, 46, 62, 63, 64]
9: [3, 4, 7, 9, 10, 44, 45, 46, 62, 63, 64, 65, 66, 67]
10: [7, 9, 10, 44, 45, 46, 65, 66, 67]
11: [3, 7, 44, 45, 46]
12: [44, 45, 46]
13: [44, 45, 46]
14: [44, 45, 46]
15: [44, 45, 46]
16: [4, 7, 8, 44, 45, 46, 47, 48, 49, 62, 63, 64]
17: []
18: [7, 8, 9, 10, 44, 45, 46, 47, 48, 49, 65, 66, 67]
19: [3, 7, 8, 44, 45, 46, 47, 48, 49]
20: [44, 45, 46, 47, 48, 49]
21: [44, 45, 46, 47, 48, 49]
22: [44, 45, 46, 47, 48, 49]
23: [44, 45, 46, 47, 48, 49]
24: [4, 8, 47, 48, 49, 62, 63, 64]
25: [3, 4, 8, 47, 48, 49, 62, 63, 64, 65, 66, 67]
26: [3, 8, 47, 48, 49, 65, 66, 67]
27: [3, 8, 47, 48, 49]
28: [47, 48, 49]
29: [47, 48, 49]
30: [47, 48, 49]
31: [47, 48, 49]
32: [62, 63, 64]
33: [62, 63, 64, 65, 66, 67]
34: [65, 66, 67]
35: []
36: []
37: []
38: []
39: []
40: [62, 63, 64]
41: [62, 63, 64, 65, 66, 67]
42: [65, 66, 67]
43: []
44: []
45: []
46: []
47: []
48: [62, 63, 64]
49: [62, 63, 64, 65, 66, 67]
50: [65, 66, 67]
51: []
52: []
53: []
54: []
55: []
56: [62, 63, 64]
57: [62, 63, 64, 65, 66, 67]
58: [65, 66, 67]
59: []
60: []
61: []
62: []
63: []
18
0: [5]
1: [5, 65, 66, 67]
2: [2, 5, 65, 66, 67, 68, 69, 70]
3: [2, 68, 69, 70]
4: []
5: []
6: []
7: []
8: [5, 7, 44, 45, 46]
9: [7, 9, 10, 44, 45, 46, 65, 66, 67]
10: [2, 5, 7, 9, 10, 44, 45, 46, 65, 66, 67, 68, 69, 70]
11: [2, 7, 44, 45, 46, 68, 69, 70]
12: [44, 45, 46]
13: [44, 45, 46]
14: [44, 45, 46]
15: [44, 45, 46]
16: [5, 7, 8, 44, 45, 46, 47, 48, 49]
17: [7, 8, 9, 10, 44, 45, 46, 47, 48, 49, 65, 66, 67]
18: []
19: [2, 7, 8, 44, 45, 46, 47, 48, 49, 68, 69, 70]
20: [44, 45, 46, 47, 48, 49]
21: [44, 45, 46, 47, 48, 49]
22: [44, 45, 46, 47, 48, 49]
23: [44, 45, 46, 47, 48, 49]
24: [5, 8, 47, 48, 49]
25: [5, 8, 47, 48, 49, 65, 66, 67]
26: [2, 5, 8, 47, 48, 49, 65, 66, 67, 68, 69, 70]
27: [2, 8, 47, 48, 49, 68, 69, 70]
28: [47, 48, 49]
29: [47, 48, 49]
30: [47, 48, 49]
31: [47, 48, 49]
32: []
33: [65, 66, 67]
34: [65, 66, 67, 68, 69, 70]
35: [68, 69, 70]
36: []
37: []
38: []
39: []
40: []
41: [65, 66, 67]
42: [65, 66, 67, 68, 69, 70]
43: [68, 69, 70]
44: []
45: []
46: []
47: []
48: []
49: [65, 66, 67]
50: [65, 66, 67, 68, 69, 70]
51: [68, 69, 70]
52: []
53: []
54: []
55: []
56: []
57: [65, 66, 67]
58: [65, 66, 67, 68, 69, 70]
59: [68, 69, 70]
60: []
61: []
62: []
63: []
19
0: [1]
1: [1, 3]
2: [1, 2, 3, 68, 69, 70]
3: [1, 2, 3, 68, 69, 70, 71, 72, 73]
4: [71, 72, 73]
5: []
6: []
7: []
8: [1, 7, 44, 45, 46]
9: [3, 7, 44, 45, 46]
10: [2, 7, 44, 45, 46, 68, 69, 70]
11: [1, 2, 3, 7, 44, 45, 46, 68, 69, 70, 71, 72, 73]
12: [44, 45, 46, 71, 72, 73]
13: [44, 45, 46]
14: [44, 45, 46]
15: [44, 45, 46]
16: [1, 7, 8, 44, 45, 46, 47, 48, 49]
17: [3, 7, 8, 44, 45, 46, 47, 48, 49]
18: [2, 7, 8, 44, 45, 46, 47, 48, 49, 68, 69, 70]
19: []
20: [44, 45, 46, 47, 48, 49, 71, 72, 73]
21: [44, 45, 46, 47, 48, 49]
22: [44, 45, 46, 47, 48, 49]
23: [44, 45, 46, 47, 48, 49]
24: [1, 8, 47, 48, 49]
25: [1, 3, 8, 47, 48, 49]
26: [1, 2, 3, 8, 47, 48, 49, 68, 69, 70]
27: [1, 2, 3, 8, 47, 48, 49, 68, 69, 70, 71, 72, 73]
28: [47, 48, 49, 71, 72, 73]
29: [47, 48, 49]
30: [47, 48, 49]
31: [47, 48, 49]
32: []
33: []
34: [68, 69, 70]
35: [68, 69, 70, 71, 72, 73]
36: [71, 72, 73]
37: []
38: []
39: []
40: []
41: []
42: [68, 69, 70]
43: [68, 69, 70, 71, 72, 73]
44: [71, 72, 73]
45: []
46: []
47: []
48: []
49: []
50: [68, 69, 70]
51: [68, 69, 70, 71, 72, 73]
52: [71, 72, 73]
53: []
54: []
55: []
56: []
57: []
58: [68, 69, 70]
59: [68, 69, 70, 71, 72, 73]
60: [71, 72, 73]
61: []
62: []
63: []
20
0: []
1: []
2: []
3: [71, 72, 73]
4: [11, 14, 15, 71, 72, 73, 74, 75, 76]
5: [11, 14, 15, 74, 75, 76]
6: [11, 15]
7: [11]
8: [44, 45, 46]
9: [44, 45, 46]
10: [44, 45, 46]
11: [44, 45, 46, 71, 72, 73]
12: [11, 14, 15, 17, 44, 45, 46, 71, 72, 73, 74, 75, 76]
13: [14, 17, 44, 45, 46, 74, 75, 76]
14: [15, 17, 44, 45, 46]
15: [11, 17, 44, 45, 46]
16: [44, 45, 46, 47, 48, 49]
17: [44, 45, 46, 47, 48, 49]
18: [44, 45, 46, 47, 48, 49]
19: [44, 45, 46, 47, 48, 49, 71, 72, 73]
20: []
21: [14, 17, 18, 44, 45, 46, 47, 48, 49, 74, 75, 76]
22: [15, 17, 18, 44, 45, 46, 47, 48, 49]
23: [11, 17, 18, 44, 45, 46, 47, 48, 49]
24: [47, 48, 49]
25: [47, 48, 49]
26: [47, 48, 49]
27: [47, 48, 49, 71, 72, 73]
28: [11, 14, 15, 18, 47, 48, 49, 71, 72, 73, 74, 75, 76]
29: [11, 14, 15, 18, 47, 48, 49, 74, 75, 76]
30: [11, 15, 18, 47, 48, 49]
31: [11, 18, 47, 48, 49]
32: []
33: []
34: []
35: [71, 72, 73]
36: [71, 72, 73, 74, 75, 76]
37: [74, 75, 76]
38: []
39: []
40: []
41: []
42: []
43: [71, 72, 73]
44: [71, 72, 73, 74, 75, 76]
45: [74, 75, 76]
46: []
47: []
48: []
49: []
50: []
51: [71, 72, 73]
52: [71, 72, 73, 74, 75, 76]
53: [74, 75, 76]
54: []
55: []
56: []
57: []
58: []
59: [71, 72, 73]
60: [71, 72, 73, 74, 75, 76]
61: [74, 75, 76]
62: []
63: []
21
0: []
1: []
2: []
3: []
4: [14, 74, 75, 76]
5: [13, 14, 74, 75, 76, 77, 78, 79]
6: [13, 77, 78, 79]
7: [13]
8: [44, 45, 46]
9: [44, 45, 46]
10: [44, 45, 46]
11: [44, 45, 46]
12: [14, 17, 44, 45, 46, 74, 75, 76]
13: [13, 14, 17, 19, 20, 44, 45, 46, 74, 75, 76, 77, 78, 79]
14: [17, 19, 20, 44, 45, 46, 77, 78, 79]
15: [13, 17, 44, 45, 46]
16: [44, 45, 46, 47, 48, 49]
17: [44, 45, 46, 47, 48, 49]
18: [44, 45, 46, 47, 48, 49]
19: [44, 45, 46, 47, 48, 49]
20: [14, 17, 18, 44, 45, 46, 47, 48, 49, 74, 75, 76]
21: []
22: [17, 18, 19, 20, 44, 45, 46, 47, 48, 49, 77, 78, 79]
23: [13, 17, 18, 44, 45, 46, 47, 48, 49]
24: [47, 48, 49]
25: [47, 48, 49]
26: [47, 48, 49]
27: [47, 48, 49]
28: [14, 18, 47, 48, 49, 74, 75, 76]
29: [13, 14, 18, 47, 48, 49, 74, 75, 76, 77, 78, 79]
30: [13, 18, 47, 48, 49, 77, 78, 79]
31: [13, 18, 47, 48, 49]
32: []
33: []
34: []
35: []
36: [74, 75, 76]
37: [74, 75, 76, 77, 78, 79]
38: [77, 78, 79]
39: []
40: []
41: []
42: []
43: []
44: [74, 75, 76]
45: [74, 75, 76, 77, 78, 79]
46: [77, 78, 79]
47: []
48: []
49: []
50: []
51: []
52: [74, 75, 76]
53: [74, 75, 76, 77, 78, 79]
54: [77, 78, 79]
55: []
56: []
57: []
58: []
59: []
60: [74, 75, 76]
61: [74, 75, 76, 77, 78, 79]
62: [77, 78, 79]
63: []
22
0: []
1: []
2: []
3: []
4: [15]
5: [15, 77, 78, 79]
6: [12, 15, 77, 78, 79, 80, 81, 82]
7: [12, 80, 81, 82]
8: [44, 45, 46]
9: [44, 45, 46]
10: [44, 45, 46]
11: [44, 45, 46]
12: [15, 17, 44, 45, 46]
13: [17, 19, 20, 44, 45, 46, 77, 78, 79]
14: [12, 15, 17, 19, 20, 44, 45, 46, 77, 78, 79, 80, 81, 82]
15: [12, 17, 44, 45, 46, 80, 81, 82]
16: [44, 45, 46, 47, 48, 49]
17: [44, 45, 46, 47, 48, 49]
18: [44, 45, 46, 47, 48, 49]
19: [44, 45, 46, 47, 48, 49]
20: [15, 17, 18, 44, 45, 46, 47, 48, 49]
21: [17, 18, 19, 20, 44, 45, 46, 47, 48, 49, 77, 78, 79]
22: []
23: [12, 17, 18, 44, 45, 46, 47, 48, 49, 80, 81, 82]
24: [47, 48, 49]
25: [47, 48, 49]
26: [47, 48, 49]
27: [47, 48, 49]
28: [15, 18, 47, 48, 49]
29: [15, 18, 47, 48, 49, 77, 78, 79]
30: [12, 15, 18, 47, 48, 49, 77, 78, 79, 80, 81, 82]
31: [12, 18, 47, 48, 49, 80, 81, 82]
32: []
33: []
34: []
35: []
36: []
37: [77, 78, 79]
38: [77, 78, 79, 80, 81, 82]
39: [80, 81, 82]
40: []
41: []
42: []
43: []
44: []
45: [77, 78, 79]
46: [77, 78, 79, 80, 81, 82]
47: [80, 81, 82]
48: []
49: []
50: []
51: []
52: []
53: [77, 78, 79]
54: [77, 78, 79, 80, 81, 82]
55: [80, 81, 82]
56: []
57: []
58: []
59: []
60: []
61: [77, 78, 79]
62: [77, 78, 79, 80, 81, 82]
63: [80, 81, 82]
23
0: []
1: []
2: []
3: []
4: [11]
5: [11, 13]
6: [11, 12, 13, 80, 81, 82]
7: [11, 12, 13, 80, 81, 82]
8: [44, 45, 46]
9: [44, 45, 46]
10: [44, 45, 46]
11: [44, 45, 46]
12: [11, 17, 44, 45, 46]
13: [13, 17, 44, 45, 46]
14: [12, 17, 44, 45, 46, 80, 81, 82]
15: [11, 12, 13, 17, 44, 45, 46, 80, 81, 82]
16: [44, 45, 46, 47, 48, 49]
17: [44, 45, 46, 47, 48, 49]
18: [44, 45, 46, 47, 48, 49]
19: [44, 45, 46, 47, 48, 49]
20: [11, 17, 18, 44, 45, 46, 47, 48, 49]
21: [13, 17, 18, 44, 45, 46, 47, 48, 49]
22: [12, 17, 18, 44, 45, 46, 47, 48, 49, 80, 81, 82]
23: []
24: [47, 48, 49]
25: [47, 48, 49]
26: [47, 48, 49]
27: [47, 48, 49]
28: [11, 18, 47, 48, 49]
29: [11, 13, 18, 47, 48, 49]
30: [11, 12, 13, 18, 47, 48, 49, 80, 81, 82]
31: [11, 12, 13, 18, 47, 48, 49, 80, 81, 82]
32: []
33: []
34: []
35: []
36: []
37: []
38: [80, 81, 82]
39: [80, 81, 82]
40: []
41: []
42: []
43: []
44: []
45: []
46: [80, 81, 82]
47: [80, 81, 82]
48: []
49: []
50: []
51: []
52: []
53: []
54: [80, 81, 82]
55: [80, 81, 82]
56: []
57: []
58: []
59: []
60: []
61: []
62: [80, 81, 82]
63: [80, 81, 82]
24
0: [1, 4, 5, 62, 63, 64]
1: [1, 4, 5, 62, 63, 64]
2: [1, 5]
3: [1]
4: []
5: []
6: []
7: []
8: [1, 4, 5, 62, 63, 64]
9: [4, 62, 63, 64]
10: [5]
11: [1]
12: []
13: []
14: []
15: []
16: [1, 4, 5, 8, 47, 48, 49, 62, 63, 64]
17: [4, 8, 47, 48, 49, 62, 63, 64]
18: [5, 8, 47, 48, 49]
19: [1, 8, 47, 48, 49]
20: [47, 48, 49]
21: [47, 48, 49]
22: [47, 48, 49]
23: [47, 48, 49]
24: []
25: [1, 4, 5, 8, 47, 48, 49, 50, 51, 52, 62, 63, 64]
26: [1, 5, 8, 47, 48, 49, 50, 51, 52]
27: [1, 8, 47, 48, 49, 50, 51, 52]
28: [47, 48, 49, 50, 51, 52]
29: [47, 48, 49, 50, 51, 52]
30: [47, 48, 49, 50, 51, 52]
31: [47, 48, 49, 50, 51, 52]
32: [50, 51, 52, 62, 63, 64]
33: [50, 51, 52, 62, 63, 64]
34: [50, 51, 52]
35: [50, 51, 52]
36: [50, 51, 52]
37: [50, 51, 52]
38: [50, 51, 52]
39: [50, 51, 52]
40: [62, 63, 64]
41: [62, 63, 64]
42: []
43: []
44: []
45: []
46: []
47: []
48: [62, 63, 64]
49: [62, 63, 64]
50: []
51: []
52: []
53: []
54: []
55: []
56: [62, 63, 64]
57: [62, 63, 64]
58: []
59: []
60: []
61: []
62: []
63: []
25
0: [1, 4, 5, 62, 63, 64]
1: [1, 3, 4, 5, 62, 63, 64, 65, 66, 67]
2: [1, 3, 5, 65, 66, 67]
3: [1, 3]
4: []
5: []
6: []
7: []
8: [1, 4, 5, 62, 63, 64]
9: [3, 4, 62, 63, 64, 65, 66, 67]
10: [5, 65, 66, 67]
11: [1, 3]
12: []
13: []
14: []
15: []
16: [1, 4, 5, 8, 47, 48, 49, 62, 63, 64]
17: [3, 4, 8, 47, 48, 49, 62, 63, 64, 65, 66, 67]
18: [5, 8, 47, 48, 49, 65, 66, 67]
19: [1, 3, 8, 47, 48, 49]
20: [47, 48, 49]
21: [47, 48, 49]
22: [47, 48, 49]
23: [47, 48, 49]
24: [1, 4, 5, 8, 47, 48, 49, 50, 51, 52, 62, 63, 64]
25: []
26: [1, 3, 5, 8, 47, 48, 49, 50, 51, 52, 65, 66, 67]
27: [1, 3, 8, 47, 48, 49, 50, 51, 52]
28: [47, 48, 49, 50, 51, 52]
29: [47, 48, 49, 50, 51, 52]
30: [47, 48, 49, 50, 51, 52]
31: [47, 48, 49, 50, 51, 52]
32: [50, 51, 52, 62, 63, 64]
33: [50, 51, 52, 62, 63, 64, 65, 66, 67]
34: [50, 51, 52, 65, 66, 67]
35: [50, 51, 52]
36: [50, 51, 52]
37: [50, 51, 52]
38: [50, 51, 52]
39: [50, 51, 52]
40: [62, 63, 64]
41: [62, 63, 64, 65, 66, 67]
42: [65, 66, 67]
43: []
44: []
45: []
46: []
47: []
48: [62, 63, 64]
49: [62, 63, 64, 65, 66, 67]
50: [65, 66, 67]
51: []
52: []
53: []
54: []
55: []
56: [62, 63, 64]
57: [62, 63, 64, 65, 66, 67]
58: [65, 66, 67]
59: []
60: []
61: []
62: []
63: []
26
0: [1, 5]
1: [1, 3, 5, 65, 66, 67]
2: [1, 2, 3, 5, 65, 66, 67, 68, 69, 70]
3: [1, 2, 3, 68, 69, 70]
4: []
5: []
6: []
7: []
8: [1, 5]
9: [3, 65, 66, 67]
10: [2, 5, 65, 66, 67, 68, 69, 70]
11: [1, 2, 3, 68, 69, 70]
12: []
13: []
14: []
15: []
16: [1, 5, 8, 47, 48, 49]
17: [3, 8, 47, 48, 49, 65, 66, 67]
18: [2, 5, 8, 47, 48, 49, 65, 66, 67, 68, 69, 70]
19: [1, 2, 3, 8, 47, 48, 49, 68, 69, 70]
20: [47, 48, 49]
21: [47, 48, 49]
22: [47, 48, 49]
23: [47, 48, 49]
24: [1, 5, 8, 47, 48, 49, 50, 51, 52]
25: [1, 3, 5, 8, 47, 48, 49, 50, 51, 52, 65, 66, 67]
26: []
27: [1, 2, 3, 8, 47, 48, 49, 50, 51, 52, 68, 69, 70]
28: [47, 48, 49, 50, 51, 52]
29: [47, 48, 49, 50, 51, 52]
30: [47, 48, 49, 50, 51, 52]
31: [47, 48, 49, 50, 51, 52]
32: [50, 51, 52]
33: [50, 51, 52, 65, 66, 67]
34: [50, 51, 52, 65, 66, 67, 68, 69, 70]
35: [50, 51, 52, 68, 69, 70]
36: [50, 51, 52]
37: [50, 51, 52]
38: [50, 51, 52]
39: [50, 51, 52]
40: []
41: [65, 66, 67]
42: [65, 66, 67, 68, 69, 70]
43: [68, 69, 70]
44: []
45: []
46: []
47: []
48: []
49: [65, 66, 67]
50: [65, 66, 67, 68, 69, 70]
51: [68, 69, 70]
52: []
53: []
54: []
55: []
56: []
57: [65, 66, 67]
58: [65, 66, 67, 68, 69, 70]
59: [68, 69, 70]
60: []
61: []
62: []
63: []
27
0: [1]
1: [1, 3]
2: [1, 2, 3, 68, 69, 70]
3: [1, 2, 3, 68, 69, 70, 71, 72, 73]
4: [71, 72, 73]
5: []
6: []
7: []
8: [1]
9: [3]
10: [2, 68, 69, 70]
11: [1, 2, 3, 68, 69, 70, 71, 72, 73]
12: [71, 72, 73]
13: []
14: []
15: []
16: [1, 8, 47, 48, 49]
17: [3, 8, 47, 48, 49]
18: [2, 8, 47, 48, 49, 68, 69, 70]
19: [1, 2, 3, 8, 47, 48, 49, 68, 69, 70, 71, 72, 73]
20: [47, 48, 49, 71, 72, 73]
21: [47, 48, 49]
22: [47, 48, 49]
23: [47, 48, 49]
24: [1, 8, 47, 48, 49, 50, 51, 52]
25: [1, 3, 8, 47, 48, 49, 50, 51, 52]
26: [1, 2, 3, 8, 47, 48, 49, 50, 51, 52, 68, 69, 70]
27: []
28: [47, 48, 49, 50, 51, 52, 71, 72, 73]
29: [47, 48, 49, 50, 51, 52]
30: [47, 48, 49, 50, 51, 52]
31: [47, 48, 49, 50, 51, 52]
32: [50, 51, 52]
33: [50, 51, 52]
34: [50, 51, 52, 68, 69, 70]
35: [50, 51, 52, 68, 69, 70, 71, 72, 73]
36: [50, 51, 52, 71, 72, 73]
37: [50, 51, 52]
38: [50, 51, 52]
39: [50, 51, 52]
40: []
41: []
42: [68, 69, 70]
43: [68, 69, 70, 71, 72, 73]
44: [71, 72, 73]
45: []
46: []
47: []
48: []
49: []
50: [68, 69, 70]
51: [68, 69, 70, 71, 72, 73]
52: [71, 72, 73]
53: []
54: []
55: []
56: []
57: []
58: [68, 69, 70]
59: [68, 69, 70, 71, 72, 73]
60: [71, 72, 73]
61: []
62: []
63: []
28
0: []
1: []
2: []
3: [71, 72, 73]
4: [11, 14, 15, 71, 72, 73, 74, 75, 76]
5: [11, 14, 15, 74, 75, 76]
6: [11, 15]
7: [11]
8: []
9: []
10: []
11: [71, 72, 73]
12: [11, 14, 15, 71, 72, 73, 74, 75, 76]
13: [14, 74, 75, 76]
14: [15]
15: [11]
16: [47, 48, 49]
17: [47, 48, 49]
18: [47, 48, 49]
19: [47, 48, 49, 71, 72, 73]
20: [11, 14, 15, 18, 47, 48, 49, 71, 72, 73, 74, 75, 76]
21: [14, 18, 47, 48, 49, 74, 75, 76]
22: [15, 18, 47, 48, 49]
23: [11, 18, 47, 48, 49]
24: [47, 48, 49, 50, 51, 52]
25: [47, 48, 49, 50, 51, 52]
26: [47, 48, 49, 50, 51, 52]
27: [47, 48, 49, 50, 51, 52, 71, 72, 73]
28: []
29: [11, 14, 15, 18, 47, 48, 49, 50, 51, 52, 74, 75, 76]
30: [11, 15, 18, 47, 48, 49, 50, 51, 52]
31: [11, 18, 47, 48, 49, 50, 51, 52]
32: [50, 51, 52]
33: [50, 51, 52]
34: [50, 51, 52]
35: [50, 51, 52, 71, 72, 73]
36: [50, 51, 52, 71, 72, 73, 74, 75, 76]
37: [50, 51, 52, 74, 75, 76]
38: [50, 51, 52]
39: [50, 51, 52]
40: []
41: []
42: []
43: [71, 72, 73]
44: [71, 72, 73, 74, 75, 76]
45: [74, 75, 76]
46: []
47: []
48: []
49: []
50: []
51: [71, 72, 73]
52: [71, 72, 73, 74, 75, 76]
53: [74, 75, 76]
54: []
55: []
56: []
57: []
58: []
59: [71, 72, 73]
60: [71, 72, 73, 74, 75, 76]
61: [74, 75, 76]
62: []
63: []
29
0: []
1: []
2: []
3: []
4: [11, 14, 15, 74, 75, 76]
5: [11, 13, 14, 15, 74, 75, 76, 77, 78, 79]
6: [11, 13, 15, 77, 78, 79]
7: [11, 13]
8: []
9: []
10: []
11: []
12: [11, 14, 15, 74, 75, 76]
13: [13, 14, 74, 75, 76, 77, 78, 79]
14: [15, 77, 78, 79]
15: [11, 13]
16: [47, 48, 49]
17: [47, 48, 49]
18: [47, 48, 49]
19: [47, 48, 49]
20: [11, 14, 15, 18, 47, 48, 49, 74, 75, 76]
21: [13, 14, 18, 47, 48, 49, 74, 75, 76, 77, 78, 79]
22: [15, 18, 47, 48, 49, 77, 78, 79]
23: [11, 13, 18, 47, 48, 49]
24: [47, 48, 49, 50, 51, 52]
25: [47, 48, 49, 50, 51, 52]
26: [47, 48, 49, 50, 51, 52]
27: [47, 48, 49, 50, 51, 52]
28: [11, 14, 15, 18, 47, 48, 49, 50, 51, 52, 74, 75, 76]
29: []
30: [11, 13, 15, 18, 47, 48, 49, 50, 51, 52, 77, 78, 79]
31: [11, 13, 18, 47, 48, 49, 50, 51, 52]
32: [50, 51, 52]
33: [50, 51, 52]
34: [50, 51, 52]
35: [50, 51, 52]
36: [50, 51, 52, 74, 75, 76]
37: [50, 51, 52, 74, 75, 76, 77, 78, 79]
38: [50, 51, 52, 77, 78, 79]
39: [50, 51, 52]
40: []
41: []
42: []
43: []
44: [74, 75, 76]
45: [74, 75, 76, 77, 78, 79]
46: [77, 78, 79]
47: []
48: []
49: []
50: []
51: []
52: [74, 75, 76]
53: [74, 75, 76, 77, 78, 79]
54: [77, 78, 79]
55: []
56: []
57: []
58: []
59: []
60: [74, 75, 76]
61: [74, 75, 76, 77, 78, 79]
62: [77, 78, 79]
63: []
30
0: []
1: []
2: []
3: []
4: [11, 15]
5: [11, 13, 15, 77, 78, 79]
6: [11, 12, 13, 15, 77, 78, 79, 80, 81, 82]
7: [11, 12, 13, 80, 81, 82]
8: []
9: []
10: []
11: []
12: [11, 15]
13: [13, 77, 78, 79]
14: [12, 15, 77, 78, 79, 80, 81, 82]
15: [11, 12, 13, 80, 81, 82]
16: [47, 48, 49]
17: [47, 48, 49]
18: [47, 48, 49]
19: [47, 48, 49]
20: [11, 15, 18, 47, 48, 49]
21: [13, 18, 47, 48, 49, 77, 78, 79]
22: [12, 15, 18, 47, 48, 49, 77, 78, 79, 80, 81, 82]
23: [11, 12, 13, 18, 47, 48, 49, 80, 81, 82]
24: [47, 48, 49, 50, 51, 52]
25: [47, 48, 49, 50, 51, 52]
26: [47, 48, 49, 50, 51, 52]
27: [47, 48, 49, 50, 51, 52]
28: [11, 15, 18, 47, 48, 49, 50, 51, 52]
29: [11, 13, 15, 18, 47, 48, 49, 50, 51, 52, 77, 78, 79]
30: []
31: [11, 12, 13, 18, 47, 48, 49, 50, 51, 52, 80, 81, 82]
32: [50, 51, 52]
33: [50, 51, 52]
34: [50, 51, 52]
35: [50, 51, 52]
36: [50, 51, 52]
37: [50, 51, 52, 77, 78, 79]
38: [50, 51, 52, 77, 78, 79, 80, 81, 82]
39: [50, 51, 52, 80, 81, 82]
40: []
41: []
42: []
43: []
44: []
45: [77, 78, 79]
46: [77, 78, 79, 80, 81, 82]
47: [80, 81, 82]
48: []
49: []
50: []
51: []
52: []
53: [77, 78, 79]
54: [77, 78, 79, 80, 81, 82]
55: [80, 81, 82]
56: []
57: []
58: []
59: []
60: []
61: [77, 78, 79]
62: [77, 78, 79, 80, 81, 82]
63: [80, 81, 82]
31
0: []
1: []
2: []
3: []
4: [11]
5: [11, 13]
6: [11, 12, 13, 80, 81, 82]
7: [11, 12, 13, 80, 81, 82]
8: []
9: []
10: []
11: []
12: [11]
13: [13]
14: [12, 80, 81, 82]
15: [11, 12, 13, 80, 81, 82]
16: [47, 48, 49]
17: [47, 48, 49]
18: [47, 48, 49]
19: [47, 48, 49]
20: [11, 18, 47, 48, 49]
21: [13, 18, 47, 48, 49]
22: [12, 18, 47, 48, 49, 80, 81, 82]
23: [11, 12, 13, 18, 47, 48, 49, 80, 81, 82]
24: [47, 48, 49, 50, 51, 52]
25: [47, 48, 49, 50, 51, 52]
26: [47, 48, 49, 50, 51, 52]
27: [47, 48, 49, 50, 51, 52]
28: [11, 18, 47, 48, 49, 50, 51, 52]
29: [11, 13, 18, 47, 48, 49, 50, 51, 52]
30: [11, 12, 13, 18, 47, 48, 49, 50, 51, 52, 80, 81, 82]
31: []
32: [50, 51, 52]
33: [50, 51, 52]
34: [50, 51, 52]
35: [50, 51, 52]
36: [50, 51, 52]
37: [50, 51, 52]
38: [50, 51, 52, 80, 81, 82]
39: [50, 51, 52, 80, 81, 82]
40: []
41: []
42: []
43: []
44: []
45: []
46: [80, 81, 82]
47: [80, 81, 82]
48: []
49: []
50: []
51: []
52: []
53: []
54: [80, 81, 82]
55: [80, 81, 82]
56: []
57: []
58: []
59: []
60: []
61: []
62: [80, 81, 82]
63: [80, 81, 82]
32
0: [62, 63, 64]
1: [62, 63, 64]
2: []
3: []
4: []
5: []
6: []
7: []
8: [62, 63, 64]
9: [62, 63, 64]
10: []
11: []
12: []
13: []
14: []
15: []
16: [62, 63, 64]
17: [62, 63, 64]
18: []
19: []
20: []
21: []
22: []
23: []
24: [50, 51, 52, 62, 63, 64]
25: [50, 51, 52, 62, 63, 64]
26: [50, 51, 52]
27: [50, 51, 52]
28: [50, 51, 52]
29: [50, 51, 52]
30: [50, 51, 52]
31: [50, 51, 52]
32: []
33: [21, 24, 25, 26, 50, 51, 52, 53, 54, 55, 62, 63, 64]
34: [21, 25, 26, 50, 51, 52, 53, 54, 55]
35: [21, 26, 50, 51, 52, 53, 54, 55]
36: [50, 51, 52, 53, 54, 55]
37: [50, 51, 52, 53, 54, 55]
38: [50, 51, 52, 53, 54, 55]
39: [50, 51, 52, 53, 54, 55]
40: [21, 24, 25, 26, 53, 54, 55, 62, 63, 64]
41: [24, 26, 53, 54, 55, 62, 63, 64]
42: [25, 26, 53, 54, 55]
43: [21, 26, 53, 54, 55]
44: [53, 54, 55]
45: [53, 54, 55]
46: [53, 54, 55]
47: [53, 54, 55]
48: [21, 24, 25, 62, 63, 64]
49: [24, 62, 63, 64]
50: [25]
51: [21]
52: []
53: []
54: []
55: []
56: [21, 24, 25, 62, 63, 64]
57: [21, 24, 25, 62, 63, 64]
58: [21, 25]
59: [21]
60: []
61: []
62: []
63: []
33
0: [62, 63, 64]
1: [62, 63, 64, 65, 66, 67]
2: [65, 66, 67]
3: []
4: []
5: []
6: []
7: []
8: [62, 63, 64]
9: [62, 63, 64, 65, 66, 67]
10: [65, 66, 67]
11: []
12: []
13: []
14: []
15: []
16: [62, 63, 64]
17: [62, 63, 64, 65, 66, 67]
18: [65, 66, 67]
19: []
20: []
21: []
22: []
23: []
24: [50, 51, 52, 62, 63, 64]
25: [50, 51, 52, 62, 63, 64, 65, 66, 67]
26: [50, 51, 52, 65, 66, 67]
27: [50, 51, 52]
28: [50, 51, 52]
29: [50, 51, 52]
30: [50, 51, 52]
31: [50, 51, 52]
32: [21, 24, 25, 26, 50, 51, 52, 53, 54, 55, 62, 63, 64]
33: []
34: [21, 23, 25, 26, 50, 51, 52, 53, 54, 55, 65, 66, 67]
35: [21, 23, 26, 50, 51, 52, 53, 54, 55]
36: [50, 51, 52, 53, 54, 55]
37: [50, 51, 52, 53, 54, 55]
38: [50, 51, 52, 53, 54, 55]
39: [50, 51, 52, 53, 54, 55]
40: [21, 24, 25, 26, 53, 54, 55, 62, 63, 64]
41: [23, 24, 26, 53, 54, 55, 62, 63, 64, 65, 66, 67]
42: [25, 26, 53, 54, 55, 65, 66, 67]
43: [21, 23, 26, 53, 54, 55]
44: [53, 54, 55]
45: [53, 54, 55]
46: [53, 54, 55]
47: [53, 54, 55]
48: [21, 24, 25, 62, 63, 64]
49: [23, 24, 62, 63, 64, 65, 66, 67]
50: [25, 65, 66, 67]
51: [21, 23]
52: []
53: []
54: []
55: []
56: [21, 24, 25, 62, 63, 64]
57: [21, 23, 24, 25, 62, 63, 64, 65, 66, 67]
58: [21, 23, 25, 65, 66, 67]
59: [21, 23]
60: []
61: []
62: []
63: []
34
0: []
1: [65, 66, 67]
2: [65, 66, 67, 68, 69, 70]
3: [68, 69, 70]
4: []
5: []
6: []
7: []
8: []
9: [65, 66, 67]
10: [65, 66, 67, 68, 69, 70]
11: [68, 69, 70]
12: []
13: []
14: []
15: []
16: []
17: [65, 66, 67]
18: [65, 66, 67, 68, 69, 70]
19: [68, 69, 70]
20: []
21: []
22: []
23: []
24: [50, 51, 52]
25: [50, 51, 52, 65, 66, 67]
26: [50, 51, 52, 65, 66, 67, 68, 69, 70]
27: [50, 51, 52, 68, 69, 70]
28: [50, 51, 52]
29: [50, 51, 52]
30: [50, 51, 52]
31: [50, 51, 52]
32: [21, 25, 26, 50, 51, 52, 53, 54, 55]
33: [21, 23, 25, 26, 50, 51, 52, 53, 54, 55, 65, 66, 67]
34: []
35: [21, 22, 23, 26, 50, 51, 52, 53, 54, 55, 68, 69, 70]
36: [50, 51, 52, 53, 54, 55]
37: [50, 51, 52, 53, 54, 55]
38: [50, 51, 52, 53, 54, 55]
39: [50, 51, 52, 53, 54, 55]
40: [21, 25, 26, 53, 54, 55]
41: [23, 26, 53, 54, 55, 65, 66, 67]
42: [22, 25, 26, 53, 54, 55, 65, 66, 67, 68, 69, 70]
43: [21, 22, 23, 26, 53, 54, 55, 68, 69, 70]
44: [53, 54, 55]
45: [53, 54, 55]
46: [53, 54, 55]
47: [53, 54, 55]
48: [21, 25]
49: [23, 65, 66, 67]
50: [22, 25, 65, 66, 67, 68, 69, 70]
51: [21, 22, 23, 68, 69, 70]
52: []
53: []
54: []
55: []
56: [21, 25]
57: [21, 23, 25, 65, 66, 67]
58: [21, 22, 23, 25, 65, 66, 67, 68, 69, 70]
59: [21, 22, 23, 68, 69, 70]
60: []
61: []
62: []
63: []
35
0: []
1: []
2: [68, 69, 70]
3: [68, 69, 70, 71, 72, 73]
4: [71, 72, 73]
5: []
6: []
7: []
8: []
9: []
10: [68, 69, 70]
11: [68, 69, 70, 71, 72, 73]
12: [71, 72, 73]
13: []
14: []
15: []
16: []
17: []
18: [68, 69, 70]
19: [68, 69, 70, 71, 72, 73]
20: [71, 72, 73]
21: []
22: []
23: []
24: [50, 51, 52]
25: [50, 51, 52]
26: [50, 51, 52, 68, 69, 70]
27: [50, 51, 52, 68, 69, 70, 71, 72, 73]
28: [50, 51, 52, 71, 72, 73]
29: [50, 51, 52]
30: [50, 51, 52]
31: [50, 51, 52]
32: [21, 26, 50, 51, 52, 53, 54, 55]
33: [21, 23, 26, 50, 51, 52, 53, 54, 55]
34: [21, 22, 23, 26, 50, 51, 52, 53, 54, 55, 68, 69, 70]
35: []
36: [50, 51, 52, 53, 54, 55, 71, 72, 73]
37: [50, 51, 52, 53, 54, 55]
38: [50, 51, 52, 53, 54, 55]
39: [50, 51, 52, 53, 54, 55]
40: [21, 26, 53, 54, 55]
41: [23, 26, 53, 54, 55]
42: [22, 26, 53, 54, 55, 68, 69, 70]
43: [21, 22, 23, 26, 53, 54, 55, 68, 69, 70, 71, 72, 73]
44: [53, 54, 55, 71, 72, 73]
45: [53, 54, 55]
46: [53, 54, 55]
47: [53, 54, 55]
48: [21]
49: [23]
50: [22, 68, 69, 70]
51: [21, 22, 23, 68, 69, 70, 71, 72, 73]
52: [71, 72, 73]
53: []
54: []
55: []
56: [21]
57: [21, 23]
58: [21, 22, 23, 68, 69, 70]
59: [21, 22, 23, 68, 69, 70, 71, 72, 73]
60: [71, 72, 73]
61: []
62: []
63: []
36
0: []
1: []
2: []
3: [71, 72, 73]
4: [71, 72, 73, 74, 75, 76]
5: [74, 75, 76]
6: []
7: []
8: []
9: []
10: []
11: [71, 72, 73]
12: [71, 72, 73, 74, 75, 76]
13: [74, 75, 76]
14: []
15: []
16: []
17: []
18: []
19: [71, 72, 73]
20: [71, 72, 73, 74, 75, 76]
21: [74, 75, 76]
22: []
23: []
24: [50, 51, 52]
25: [50, 51, 52]
26: [50, 51, 52]
27: [50, 51, 52, 71, 72, 73]
28: [50, 51, 52, 71, 72, 73, 74, 75, 76]
29: [50, 51, 52, 74, 75, 76]
30: [50, 51, 52]
31: [50, 51, 52]
32: [50, 51, 52, 53, 54, 55]
33: [50, 51, 52, 53, 54, 55]
34: [50, 51, 52, 53, 54, 55]
35: [50, 51, 52, 53, 54, 55, 71, 72, 73]
36: []
37: [31, 34, 35, 36, 50, 51, 52, 53, 54, 55, 74, 75, 76]
38: [31, 35, 36, 50, 51, 52, 53, 54, 55]
39: [31, 36, 50, 51, 52, 53, 54, 55]
40: [53, 54, 55]
41: [53, 54, 55]
42: [53, 54, 55]
43: [53, 54, 55, 71, 72, 73]
44: [31, 34, 35, 36, 53, 54, 55, 71, 72, 73, 74, 75, 76]
45: [34, 36, 53, 54, 55, 74, 75, 76]
46: [35, 36, 53, 54, 55]
47: [31, 36, 53, 54, 55]
48: []
49: []
50: []
51: [71, 72, 73]
52: [31, 34, 35, 71, 72, 73, 74, 75, 76]
53: [34, 74, 75, 76]
54: [35]
55: [31]
56: []
57: []
58: []
59: [71, 72, 73]
60: [31, 34, 35, 71, 72, 73, 74, 75, 76]
61: [31, 34, 35, 74, 75, 76]
62: [31, 35]
63: [31]
37
0: []
1: []
2: []
3: []
4: [74, 75, 76]
5: [74, 75, 76, 77, 78, 79]
6: [77, 78, 79]
7: []
8: []
9: []
10: []
11: []
12: [74, 75, 76]
13: [74, 75, 76, 77, 78, 79]
14: [77, 78, 79]
15: []
16: []
17: []
18: []
19: []
20: [74, 75, 76]
21: [74, 75, 76, 77, 78, 79]
22: [77, 78, 79]
23: []
24: [50, 51, 52]
25: [50, 51, 52]
26: [50, 51, 52]
27: [50, 51, 52]
28: [50, 51, 52, 74, 75, 76]
29: [50, 51, 52, 74, 75, 76, 77, 78, 79]
30: [50, 51, 52, 77, 78, 79]
31: [50, 51, 52]
32: [50, 51, 52, 53, 54, 55]
33: [50, 51, 52, 53, 54, 55]
34: [50, 51, 52, 53, 54, 55]
35: [50, 51, 52, 53, 54, 55]
36: [31, 34, 35, 36, 50, 51, 52, 53, 54, 55, 74, 75, 76]
37: []
38: [31, 33, 35, 36, 50, 51, 52, 53, 54, 55, 77, 78, 79]
39: [31, 33, 36, 50, 51, 52, 53, 54, 55]
40: [53, 54, 55]
41: [53, 54, 55]
42: [53, 54, 55]
43: [53, 54, 55]
44: [31, 34, 35, 36, 53, 54, 55, 74, 75, 76]
45: [33, 34, 36, 53, 54, 55, 74, 75, 76, 77, 78, 79]
46: [35, 36, 53, 54, 55, 77, 78, 79]
47: [31, 33, 36, 53, 54, 55]
48: []
49: []
50: []
51: []
52: [31, 34, 35, 74, 75, 76]
53: [33, 34, 74, 75, 76, 77, 78, 79]
54: [35, 77, 78, 79]
55: [31, 33]
56: []
57: []
58: []
59: []
60: [31, 34, 35, 74, 75, 76]
61: [31, 33, 34, 35, 74, 75, 76, 77, 78, 79]
62: [31, 33, 35, 77, 78, 79]
63: [31, 33]
38
0: []
1: []
2: []
3: []
4: []
5: [77, 78, 79]
6: [77, 78, 79, 80, 81, 82]
7: [80, 81, 82]
8: []
9: []
10: []
11: []
12: []
13: [77, 78, 79]
14: [77, 78, 79, 80, 81, 82]
15: [80, 81, 82]
16: []
17: []
18: []
19: []
20: []
21: [77, 78, 79]
22: [77, 78, 79, 80, 81, 82]
23: [80, 81, 82]
24: [50, 51, 52]
25: [50, 51, 52]
26: [50, 51, 52]
27: [50, 51, 52]
28: [50, 51, 52]
29: [50, 51, 52, 77, 78, 79]
30: [50, 51, 52, 77, 78, 79, 80, 81, 82]
31: [50, 51, 52, 80, 81, 82]
32: [50, 51, 52, 53, 54, 55]
33: [50, 51, 52, 53, 54, 55]
34: [50, 51, 52, 53, 54, 55]
35: [50, 51, 52, 53, 54, 55]
36: [31, 35, 36, 50, 51, 52, 53, 54, 55]
37: [31, 33, 35, 36, 50, 51, 52, 53, 54, 55, 77, 78, 79]
38: []
39: [31, 32, 33, 36, 50, 51, 52, 53, 54, 55, 80, 81, 82]
40: [53, 54, 55]
41: [53, 54, 55]
42: [53, 54, 55]
43: [53, 54, 55]
44: [31, 35, 36, 53, 54, 55]
45: [33, 36, 53, 54, 55, 77, 78, 79]
46: [32, 35, 36, 53, 54, 55, 77, 78, 79, 80, 81, 82]
47: [31, 32, 33, 36, 53, 54, 55, 80, 81, 82]
48: []
49: []
50: []
51: []
52: [31, 35]
53: [33, 77, 78, 79]
54: [32, 35, 77, 78, 79, 80, 81, 82]
55: [31, 32, 33, 80, 81, 82]
56: []
57: []
58: []
59: []
60: [31, 35]
61: [31, 33, 35, 77, 78, 79]
62: [31, 32, 33, 35, 77, 78, 79, 80, 81, 82]
63: [31, 32, 33, 80, 81, 82]
39
0: []
1: []
2: []
3: []
4: []
5: []
6: [80, 81, 82]
7: [80, 81, 82]
8: []
9: []
10: []
11: []
12: []
13: []
14: [80, 81, 82]
15: [80, 81, 82]
16: []
17: []
18: []
19: []
20: []
21: []
22: [80, 81, 82]
23: [80, 81, 82]
24: [50, 51, 52]
25: [50, 51, 52]
26: [50, 51, 52]
27: [50, 51, 52]
28: [50, 51, 52]
29: [50, 51, 52]
30: [50, 51, 52, 80, 81, 82]
31: [50, 51, 52, 80, 81, 82]
32: [50, 51, 52, 53, 54, 55]
33: [50, 51, 52, 53, 54, 55]
34: [50, 51, 52, 53, 54, 55]
35: [50, 51, 52, 53, 54, 55]
36: [31, 36, 50, 51, 52, 53, 54, 55]
37: [31, 33, 36, 50, 51, 52, 53, 54, 55]
38: [31, 32, 33, 36, 50, 51, 52, 53, 54, 55, 80, 81, 82]
39: []
40: [53, 54, 55]
41: [53, 54, 55]
42: [53, 54, 55]
43: [53, 54, 55]
44: [31, 36, 53, 54, 55]
45: [33, 36, 53, 54, 55]
46: [32, 36, 53, 54, 55, 80, 81, 82]
47: [31, 32, 33, 36, 53, 54, 55, 80, 81, 82]
48: []
49: []
50: []
51: []
52: [31]
53: [33]
54: [32, 80, 81, 82]
55: [31, 32, 33, 80, 81, 82]
56: []
57: []
58: []
59: []
60: [31]
61: [31, 33]
62: [31, 32, 33, 80, 81, 82]
63: [31, 32, 33, 80, 81, 82]
40
0: [62, 63, 64]
1: [62, 63, 64]
2: []
3: []
4: []
5: []
6: []
7: []
8: [62, 63, 64]
9: [62, 63, 64]
10: []
11: []
12: []
13: []
14: []
15: []
16: [62, 63, 64]
17: [62, 63, 64]
18: []
19: []
20: []
21: []
22: []
23: []
24: [62, 63, 64]
25: [62, 63, 64]
26: []
27: []
28: []
29: []
30: []
31: []
32: [21, 24, 25, 26, 53, 54, 55, 62, 63, 64]
33: [21, 24, 25, 26, 53, 54, 55, 62, 63, 64]
34: [21, 25, 26, 53, 54, 55]
35: [21, 26, 53, 54, 55]
36: [53, 54, 55]
37: [53, 54, 55]
38: [53, 54, 55]
39: [53, 54, 55]
40: []
41: [24, 26, 27, 53, 54, 55, 56, 57, 58, 62, 63, 64]
42: [25, 26, 27, 53, 54, 55, 56, 57, 58]
43: [21, 26, 27, 53, 54, 55, 56, 57, 58]
44: [53, 54, 55, 56, 57, 58]
45: [53, 54, 55, 56, 57, 58]
46: [53, 54, 55, 56, 57, 58]
47: [53, 54, 55, 56, 57, 58]
48: [21, 24, 25, 27, 56, 57, 58, 62, 63, 64]
49: [24, 27, 56, 57, 58, 62, 63, 64]
50: [25, 27, 56, 57, 58]
51: [21, 27, 56, 57, 58]
52: [56, 57, 58]
53: [56, 57, 58]
54: [56, 57, 58]
55: [56, 57, 58]
56: [21, 24, 25, 62, 63, 64]
57: [21, 24, 25, 62, 63, 64]
58: [21, 25]
59: [21]
60: []
61: []
62: []
63: []
41
0: [62, 63, 64]
1: [62, 63, 64, 65, 66, 67]
2: [65, 66, 67]
3: []
4: []
5: []
6: []
7: []
8: [62, 63, 64]
9: [62, 63, 64, 65, 66, 67]
10: [65, 66, 67]
11: []
12: []
13: []
14: []
15: []
16: [62, 63, 64]
17: [62, 63, 64, 65, 66, 67]
18: [65, 66, 67]
19: []
20: []
21: []
22: []
23: []
24: [62, 63, 64]
25: [62, 63, 64, 65, 66, 67]
26: [65, 66, 67]
27: []
28: []
29: []
30: []
31: []
32: [24, 26, 53, 54, 55, 62, 63, 64]
33: [23, 24, 26, 53, 54, 55, 62, 63, 64, 65, 66, 67]
34: [23, 26, 53, 54, 55, 65, 66, 67]
35: [23, 26, 53, 54, 55]
36: [53, 54, 55]
37: [53, 54, 55]
38: [53, 54, 55]
39: [53, 54, 55]
40: [24, 26, 27, 53, 54, 55, 56, 57, 58, 62, 63, 64]
41: []
42: [26, 27, 29, 30, 53, 54, 55, 56, 57, 58, 65, 66, 67]
43: [23, 26, 27, 53, 54, 55, 56, 57, 58]
44: [53, 54, 55, 56, 57, 58]
45: [53, 54, 55, 56, 57, 58]
46: [53, 54, 55, 56, 57, 58]
47: [53, 54, 55, 56, 57, 58]
48: [24, 27, 56, 57, 58, 62, 63, 64]
49: [23, 24, 27, 29, 30, 56, 57, 58, 62, 63, 64, 65, 66, 67]
50: [27, 29, 30, 56, 57, 58, 65, 66, 67]
51: [23, 27, 56, 57, 58]
52: [56, 57, 58]
53: [56, 57, 58]
54: [56, 57, 58]
55: [56, 57, 58]
56: [24, 62, 63, 64]
57: [23, 24, 62, 63, 64, 65, 66, 67]
58: [23, 65, 66, 67]
59: [23]
60: []
61: []
62: []
63: []
42
0: []
1: [65, 66, 67]
2: [65, 66, 67, 68, 69, 70]
3: [68, 69, 70]
4: []
5: []
6: []
7: []
8: []
9: [65, 66, 67]
10: [65, 66, 67, 68, 69, 70]
11: [68, 69, 70]
12: []
13: []
14: []
15: []
16: []
17: [65, 66, 67]
18: [65, 66, 67, 68, 69, 70]
19: [68, 69, 70]
20: []
21: []
22: []
23: []
24: []
25: [65, 66, 67]
26: [65, 66, 67, 68, 69, 70]
27: [68, 69, 70]
28: []
29: []
30: []
31: []
32: [25, 26, 53, 54, 55]
33: [25, 26, 53, 54, 55, 65, 66, 67]
34: [22, 25, 26, 53, 54, 55, 65, 66, 67, 68, 69, 70]
35: [22, 26, 53, 54, 55, 68, 69, 70]
36: [53, 54, 55]
37: [53, 54, 55]
38: [53, 54, 55]
39: [53, 54, 55]
40: [25, 26, 27, 53, 54, 55, 56, 57, 58]
41: [26, 27, 29, 30, 53, 54, 55, 56, 57, 58, 65, 66, 67]
42: []
43: [22, 26, 27, 53, 54, 55, 56, 57, 58, 68, 69, 70]
44: [53, 54, 55, 56, 57, 58]
45: [53, 54, 55, 56, 57, 58]
46: [53, 54, 55, 56, 57, 58]
47: [53, 54, 55, 56, 57, 58]
48: [25, 27, 56, 57, 58]
49: [27, 29, 30, 56, 57, 58, 65, 66, 67]
50: [22, 25, 27, 29, 30, 56, 57, 58, 65, 66, 67, 68, 69, 70]
51: [22, 27, 56, 57, 58, 68, 69, 70]
52: [56, 57, 58]
53: [56, 57, 58]
54: [56, 57, 58]
55: [56, 57, 58]
56: [25]
57: [25, 65, 66, 67]
58: [22, 25, 65, 66, 67, 68, 69, 70]
59: [22, 68, 69, 70]
60: []
61: []
62: []
63: []
43
0: []
1: []
2: [68, 69, 70]
3: [68, 69, 70, 71, 72, 73]
4: [71, 72, 73]
5: []
6: []
7: []
8: []
9: []
10: [68, 69, 70]
11: [68, 69, 70, 71, 72, 73]
12: [71, 72, 73]
13: []
14: []
15: []
16: []
17: []
18: [68, 69, 70]
19: [68, 69, 70, 71, 72, 73]
20: [71, 72, 73]
21: []
22: []
23: []
24: []
25: []
26: [68, 69, 70]
27: [68, 69, 70, 71, 72, 73]
28: [71, 72, 73]
29: []
30: []
31: []
32: [21, 26, 53, 54, 55]
33: [21, 23, 26, 53, 54, 55]
34: [21, 22, 23, 26, 53, 54, 55, 68, 69, 70]
35: [21, 22, 23, 26, 53, 54, 55, 68, 69, 70, 71, 72, 73]
36: [53, 54, 55, 71, 72, 73]
37: [53, 54, 55]
38: [53, 54, 55]
39: [53, 54, 55]
40: [21, 26, 27, 53, 54, 55, 56, 57, 58]
41: [23, 26, 27, 53, 54, 55, 56, 57, 58]
42: [22, 26, 27, 53, 54, 55, 56, 57, 58, 68, 69, 70]
43: []
44: [53, 54, 55, 56, 57, 58, 71, 72, 73]
45: [53, 54, 55, 56, 57, 58]
46: [53, 54, 55, 56, 57, 58]
47: [53, 54, 55, 56, 57, 58]
48: [21, 27, 56, 57, 58]
49: [23, 27, 56, 57, 58]
50: [22, 27, 56, 57, 58, 68, 69, 70]
51: [21, 22, 23, 27, 56, 57, 58, 68, 69, 70, 71, 72, 73]
52: [56, 57, 58, 71, 72, 73]
53: [56, 57, 58]
54: [56, 57, 58]
55: [56, 57, 58]
56: [21]
57: [21, 23]
58: [21, 22, 23, 68, 69, 70]
59: [21, 22, 23, 68, 69, 70, 71, 72, 73]
60: [71, 72, 73]
61: []
62: []
63: []
44
0: []
1: []
2: []
3: [71, 72, 73]
4: [71, 72, 73, 74, 75, 76]
5: [74, 75, 76]
6: []
7: []
8: []
9: []
10: []
11: [71, 72, 73]
12: [71, 72, 73, 74, 75, 76]
13: [74, 75, 76]
14: []
15: []
16: []
17: []
18: []
19: [71, 72, 73]
20: [71, 72, 73, 74, 75, 76]
21: [74, 75, 76]
22: []
23: []
24: []
25: []
26: []
27: [71, 72, 73]
28: [71, 72, 73, 74, 75, 76]
29: [74, 75, 76]
30: []
31: []
32: [53, 54, 55]
33: [53, 54, 55]
34: [53, 54, 55]
35: [53, 54, 55, 71, 72, 73]
36: [31, 34, 35, 36, 53, 54, 55, 71, 72, 73, 74, 75, 76]
37: [31, 34, 35, 36, 53, 54, 55, 74, 75, 76]
38: [31, 35, 36, 53, 54, 55]
39: [31, 36, 53, 54, 55]
40: [53, 54, 55, 56, 57, 58]
41: [53, 54, 55, 56, 57, 58]
42: [53, 54, 55, 56, 57, 58]
43: [53, 54, 55, 56, 57, 58, 71, 72, 73]
44: []
45: [34, 36, 37, 53, 54, 55, 56, 57, 58, 74, 75, 76]
46: [35, 36, 37, 53, 54, 55, 56, 57, 58]
47: [31, 36, 37, 53, 54, 55, 56, 57, 58]
48: [56, 57, 58]
49: [56, 57, 58]
50: [56, 57, 58]
51: [56, 57, 58, 71, 72, 73]
52: [31, 34, 35, 37, 56, 57, 58, 71, 72, 73, 74, 75, 76]
53: [34, 37, 56, 57, 58, 74, 75, 76]
54: [35, 37, 56, 57, 58]
55: [31, 37, 56, 57, 58]
56: []
57: []
58: []
59: [71, 72, 73]
60: [31, 34, 35, 71, 72, 73, 74, 75, 76]
61: [31, 34, 35, 74, 75, 76]
62: [31, 35]
63: [31]
45
0: []
1: []
2: []
3: []
4: [74, 75, 76]
5: [74, 75, 76, 77, 78, 79]
6: [77, 78, 79]
7: []
8: []
9: []
10: []
11: []
12: [74, 75, 76]
13: [74, 75, 76, 77, 78, 79]
14: [77, 78, 79]
15: []
16: []
17: []
18: []
19: []
20: [74, 75, 76]
21: [74, 75, 76, 77, 78, 79]
22: [77, 78, 79]
23: []
24: []
25: []
26: []
27: []
28: [74, 75, 76]
29: [74, 75, 76, 77, 78, 79]
30: [77, 78, 79]
31: []
32: [53, 54, 55]
33: [53, 54, 55]
34: [53, 54, 55]
35: [53, 54, 55]
36: [34, 36, 53, 54, 55, 74, 75, 76]
37: [33, 34, 36, 53, 54, 55, 74, 75, 76, 77, 78, 79]
38: [33, 36, 53, 54, 55, 77, 78, 79]
39: [33, 36, 53, 54, 55]
40: [53, 54, 55, 56, 57, 58]
41: [53, 54, 55, 56, 57, 58]
42: [53, 54, 55, 56, 57, 58]
43: [53, 54, 55, 56, 57, 58]
44: [34, 36, 37, 53, 54, 55, 56, 57, 58, 74, 75, 76]
45: []
46: [36, 37, 39, 40, 53, 54, 55, 56, 57, 58, 77, 78, 79]
47: [33, 36, 37, 53, 54, 55, 56, 57, 58]
48: [56, 57, 58]
49: [56, 57, 58]
50: [56, 57, 58]
51: [56, 57, 58]
52: [34, 37, 56, 57, 58, 74, 75, 76]
53: [33, 34, 37, 39, 40, 56, 57, 58, 74, 75, 76, 77, 78, 79]
54: [37, 39, 40, 56, 57, 58, 77, 78, 79]
55: [33, 37, 56, 57, 58]
56: []
57: []
58: []
59: []
60: [34, 74, 75, 76]
61: [33, 34, 74, 75, 76, 77, 78, 79]
62: [33, 77, 78, 79]
63: [33]
46
0: []
1: []
2: []
3: []
4: []
5: [77, 78, 79]
6: [77, 78, 79, 80, 81, 82]
7: [80, 81, 82]
8: []
9: []
10: []
11: []
12: []
13: [77, 78, 79]
14: [77, 78, 79, 80, 81, 82]
15: [80, 81, 82]
16: []
17: []
18: []
19: []
20: []
21: [77, 78, 79]
22: [77, 78, 79, 80, 81, 82]
23: [80, 81, 82]
24: []
25: []
26: []
27: []
28: []
29: [77, 78, 79]
30: [77, 78, 79, 80, 81, 82]
31: [80, 81, 82]
32: [53, 54, 55]
33: [53, 54, 55]
34: [53, 54, 55]
35: [53, 54, 55]
36: [35, 36, 53, 54, 55]
37: [35, 36, 53, 54, 55, 77, 78, 79]
38: [32, 35, 36, 53, 54, 55, 77, 78, 79, 80, 81, 82]
39: [32, 36, 53, 54, 55, 80, 81, 82]
40: [53, 54, 55, 56, 57, 58]
41: [53, 54, 55, 56, 57, 58]
42: [53, 54, 55, 56, 57, 58]
43: [53, 54, 55, 56, 57, 58]
44: [35, 36, 37, 53, 54, 55, 56, 57, 58]
45: [36, 37, 39, 40, 53, 54, 55, 56, 57, 58, 77, 78, 79]
46: []
47: [32, 36, 37, 53, 54, 55, 56, 57, 58, 80, 81, 82]
48: [56, 57, 58]
49: [56, 57, 58]
50: [56, 57, 58]
51: [56, 57, 58]
52: [35, 37, 56, 57, 58]
53: [37, 39, 40, 56, 57, 58, 77, 78, 79]
54: [32, 35, 37, 39, 40, 56, 57, 58, 77, 78, 79, 80, 81, 82]
55: [32, 37, 56, 57, 58, 80, 81, 82]
56: []
57: []
58: []
59: []
60: [35]
61: [35, 77, 78, 79]
62: [32, 35, 77, 78, 79, 80, 81, 82]
63: [32, 80, 81, 82]
47
0: []
1: []
2: []
3: []
4: []
5: []
6: [80, 81, 82]
7: [80, 81, 82]
8: []
9: []
10: []
11: []
12: []
13: []
14: [80, 81, 82]
15: [80, 81, 82]
16: []
17: []
18: []
19: []
20: []
21: []
22: [80, 81, 82]
23: [80, 81, 82]
24: []
25: []
26: []
27: []
28: []
29: []
30: [80, 81, 82]
31: [80, 81, 82]
32: [53, 54, 55]
33: [53, 54, 55]
34: [53, 54, 55]
35: [53, 54, 55]
36: [31, 36, 53, 54, 55]
37: [31, 33, 36, 53, 54, 55]
38: [31, 32, 33, 36, 53, 54, 55, 80, 81, 82]
39: [31, 32, 33, 36, 53, 54, 55, 80, 81, 82]
40: [53, 54, 55, 56, 57, 58]
41: [53, 54, 55, 56, 57, 58]
42: [53, 54, 55, 56, 57, 58]
43: [53, 54, 55, 56, 57, 58]
44: [31, 36, 37, 53, 54, 55, 56, 57, 58]
45: [33, 36, 37, 53, 54, 55, 56, 57, 58]
46: [32, 36, 37, 53, 54, 55, 56, 57, 58, 80, 81, 82]
47: []
48: [56, 57, 58]
49: [56, 57, 58]
50: [56, 57, 58]
51: [56, 57, 58]
52: [31, 37, 56, 57, 58]
53: [33, 37, 56, 57, 58]
54: [32, 37, 56, 57, 58, 80, 81, 82]
55: [31, 32, 33, 37, 56, 57, 58, 80, 81, 82]
56: []
57: []
58: []
59: []
60: [31]
61: [31, 33]
62: [31, 32, 33, 80, 81, 82]
63: [31, 32, 33, 80, 81, 82]
48
0: [62, 63, 64]
1: [62, 63, 64]
2: []
3: []
4: []
5: []
6: []
7: []
8: [62, 63, 64]
9: [62, 63, 64]
10: []
11: []
12: []
13: []
14: []
15: []
16: [62, 63, 64]
17: [62, 63, 64]
18: []
19: []
20: []
21: []
22: []
23: []
24: [62, 63, 64]
25: [62, 63, 64]
26: []
27: []
28: []
29: []
30: []
31: []
32: [21, 24, 25, 62, 63, 64]
33: [21, 24, 25, 62, 63, 64]
34: [21, 25]
35: [21]
36: []
37: []
38: []
39: []
40: [21, 24, 25, 27, 56, 57, 58, 62, 63, 64]
41: [24, 27, 56, 57, 58, 62, 63, 64]
42: [25, 27, 56, 57, 58]
43: [21, 27, 56, 57, 58]
44: [56, 57, 58]
45: [56, 57, 58]
46: [56, 57, 58]
47: [56, 57, 58]
48: []
49: [24, 27, 28, 56, 57, 58, 59, 60, 61, 62, 63, 64]
50: [25, 27, 28, 56, 57, 58, 59, 60, 61]
51: [21, 27, 28, 56, 57, 58, 59, 60, 61]
52: [56, 57, 58, 59, 60, 61]
53: [56, 57, 58, 59, 60, 61]
54: [56, 57, 58, 59, 60, 61]
55: [56, 57, 58, 59, 60, 61]
56: [21, 24, 25, 28, 59, 60, 61, 62, 63, 64]
57: [21, 24, 25, 28, 59, 60, 61, 62, 63, 64]
58: [21, 25, 28, 59, 60, 61]
59: [21, 28, 59, 60, 61]
60: [59, 60, 61]
61: [59, 60, 61]
62: [59, 60, 61]
63: [59, 60, 61]
49
0: [62, 63, 64]
1: [62, 63, 64, 65, 66, 67]
2: [65, 66, 67]
3: []
4: []
5: []
6: []
7: []
8: [62, 63, 64]
9: [62, 63, 64, 65, 66, 67]
10: [65, 66, 67]
11: []
12: []
13: []
14: []
15: []
16: [62, 63, 64]
17: [62, 63, 64, 65, 66, 67]
18: [65, 66, 67]
19: []
20: []
21: []
22: []
23: []
24: [62, 63, 64]
25: [62, 63, 64, 65, 66, 67]
26: [65, 66, 67]
27: []
28: []
29: []
30: []
31: []
32: [24, 62, 63, 64]
33: [23, 24, 62, 63, 64, 65, 66, 67]
34: [23, 65, 66, 67]
35: [23]
36: []
37: []
38: []
39: []
40: [24, 27, 56, 57, 58, 62, 63, 64]
41: [23, 24, 27, 29, 30, 56, 57, 58, 62, 63, 64, 65, 66, 67]
42: [27, 29, 30, 56, 57, 58, 65, 66, 67]
43: [23, 27, 56, 57, 58]
44: [56, 57, 58]
45: [56, 57, 58]
46: [56, 57, 58]
47: [56, 57, 58]
48: [24, 27, 28, 56, 57, 58, 59, 60, 61, 62, 63, 64]
49: []
50: [27, 28, 29, 30, 56, 57, 58, 59, 60, 61, 65, 66, 67]
51: [23, 27, 28, 56, 57, 58, 59, 60, 61]
52: [56, 57, 58, 59, 60, 61]
53: [56, 57, 58, 59, 60, 61]
54: [56, 57, 58, 59, 60, 61]
55: [56, 57, 58, 59, 60, 61]
56: [24, 28, 59, 60, 61, 62, 63, 64]
57: [23, 24, 28, 59, 60, 61, 62, 63, 64, 65, 66, 67]
58: [23, 28, 59, 60, 61, 65, 66, 67]
59: [23, 28, 59, 60, 61]
60: [59, 60, 61]
61: [59, 60, 61]
62: [59, 60, 61]
63: [59, 60, 61]
50
0: []
1: [65, 66, 67]
2: [65, 66, 67, 68, 69, 70]
3: [68, 69, 70]
4: []
5: []
6: []
7: []
8: []
9: [65, 66, 67]
10: [65, 66, 67, 68, 69, 70]
11: [68, 69, 70]
12: []
13: []
14: []
15: []
16: []
17: [65, 66, 67]
18: [65, 66, 67, 68, 69, 70]
19: [68, 69, 70]
20: []
21: []
22: []
23: []
24: []
25: [65, 66, 67]
26: [65, 66, 67, 68, 69, 70]
27: [68, 69, 70]
28: []
29: []
30: []
31: []
32: [25]
33: [25, 65, 66, 67]
34: [22, 25, 65, 66, 67, 68, 69, 70]
35: [22, 68, 69, 70]
36: []
37: []
38: []
39: []
40: [25, 27, 56, 57, 58]
41: [27, 29, 30, 56, 57, 58, 65, 66, 67]
42: [22, 25, 27, 29, 30, 56, 57, 58, 65, 66, 67, 68, 69, 70]
43: [22, 27, 56, 57, 58, 68, 69, 70]
44: [56, 57, 58]
45: [56, 57, 58]
46: [56, 57, 58]
47: [56, 57, 58]
48: [25, 27, 28, 56, 57, 58, 59, 60, 61]
49: [27, 28, 29, 30, 56, 57, 58, 59, 60, 61, 65, 66, 67]
50: []
51: [22, 27, 28, 56, 57, 58, 59, 60, 61, 68, 69, 70]
52: [56, 57, 58, 59, 60, 61]
53: [56, 57, 58, 59, 60, 61]
54: [56, 57, 58, 59, 60, 61]
55: [56, 57, 58, 59, 60, 61]
56: [25, 28, 59, 60, 61]
57: [25, 28, 59, 60, 61, 65, 66, 67]
58: [22, 25, 28, 59, 60, 61, 65, 66, 67, 68, 69, 70]
59: [22, 28, 59, 60, 61, 68, 69, 70]
60: [59, 60, 61]
61: [59, 60, 61]
62: [59, 60, 61]
63: [59, 60, 61]
51
0: []
1: []
2: [68, 69, 70]
3: [68, 69, 70, 71, 72, 73]
4: [71, 72, 73]
5: []
6: []
7: []
8: []
9: []
10: [68, 69, 70]
11: [68, 69, 70, 71, 72, 73]
12: [71, 72, 73]
13: []
14: []
15: []
16: []
17: []
18: [68, 69, 70]
19: [68, 69, 70, 71, 72, 73]
20: [71, 72, 73]
21: []
22: []
23: []
24: []
25: []
26: [68, 69, 70]
27: [68, 69, 70, 71, 72, 73]
28: [71, 72, 73]
29: []
30: []
31: []
32: [21]
33: [21, 23]
34: [21, 22, 23, 68, 69, 70]
35: [21, 22, 23, 68, 69, 70, 71, 72, 73]
36: [71, 72, 73]
37: []
38: []
39: []
40: [21, 27, 56, 57, 58]
41: [23, 27, 56, 57, 58]
42: [22, 27, 56, 57, 58, 68, 69, 70]
43: [21, 22, 23, 27, 56, 57, 58, 68, 69, 70, 71, 72, 73]
44: [56, 57, 58, 71, 72, 73]
45: [56, 57, 58]
46: [56, 57, 58]
47: [56, 57, 58]
48: [21, 27, 28, 56, 57, 58, 59, 60, 61]
49: [23, 27, 28, 56, 57, 58, 59, 60, 61]
50: [22, 27, 28, 56, 57, 58, 59, 60, 61, 68, 69, 70]
51: []
52: [56, 57, 58, 59, 60, 61, 71, 72, 73]
53: [56, 57, 58, 59, 60, 61]
54: [56, 57, 58, 59, 60, 61]
55: [56, 57, 58, 59, 60, 61]
56: [21, 28, 59, 60, 61]
57: [21, 23, 28, 59, 60, 61]
58: [21, 22, 23, 28, 59, 60, 61, 68, 69, 70]
59: [21, 22, 23, 28, 59, 60, 61, 68, 69, 70, 71, 72, 73]
60: [59, 60, 61, 71, 72, 73]
61: [59, 60, 61]
62: [59, 60, 61]
63: [59, 60, 61]
52
0: []
1: []
2: []
3: [71, 72, 73]
4: [71, 72, 73, 74, 75, 76]
5: [74, 75, 76]
6: []
7: []
8: []
9: []
10: []
11: [71, 72, 73]
12: [71, 72, 73, 74, 75, 76]
13: [74, 75, 76]
14: []
15: []
16: []
17: []
18: []
19: [71, 72, 73]
20: [71, 72, 73, 74, 75, 76]
21: [74, 75, 76]
22: []
23: []
24: []
25: []
26: []
27: [71, 72, 73]
28: [71, 72, 73, 74, 75, 76]
29: [74, 75, 76]
30: []
31: []
32: []
33: []
34: []
35: [71, 72, 73]
36: [31, 34, 35, 71, 72, 73, 74, 75, 76]
37: [31, 34, 35, 74, 75, 76]
38: [31, 35]
39: [31]
40: [56, 57, 58]
41: [56, 57, 58]
42: [56, 57, 58]
43: [56, 57, 58, 71, 72, 73]
44: [31, 34, 35, 37, 56, 57, 58, 71, 72, 73, 74, 75, 76]
45: [34, 37, 56, 57, 58, 74, 75, 76]
46: [35, 37, 56, 57, 58]
47: [31, 37, 56, 57, 58]
48: [56, 57, 58, 59, 60, 61]
49: [56, 57, 58, 59, 60, 61]
50: [56, 57, 58, 59, 60, 61]
51: [56, 57, 58, 59, 60, 61, 71, 72, 73]
52: []
53: [34, 37, 38, 56, 57, 58, 59, 60, 61, 74, 75, 76]
54: [35, 37, 38, 56, 57, 58, 59, 60, 61]
55: [31, 37, 38, 56, 57, 58, 59, 60, 61]
56: [59, 60, 61]
57: [59, 60, 61]
58: [59, 60, 61]
59: [59, 60, 61, 71, 72, 73]
60: [31, 34, 35, 38, 59, 60, 61, 71, 72, 73, 74, 75, 76]
61: [31, 34, 35, 38, 59, 60, 61, 74, 75, 76]
62: [31, 35, 38, 59, 60, 61]
63: [31, 38, 59, 60, 61]
53
0: []
1: []
2: []
3: []
4: [74, 75, 76]
5: [74, 75, 76, 77, 78, 79]
6: [77, 78, 79]
7: []
8: []
9: []
10: []
11: []
12: [74, 75, 76]
13: [74, 75, 76, 77, 78, 79]
14: [77, 78, 79]
15: []
16: []
17: []
18: []
19: []
20: [74, 75, 76]
21: [74, 75, 76, 77, 78, 79]
22: [77, 78, 79]
23: []
24: []
25: []
26: []
27: []
28: [74, 75, 76]
29: [74, 75, 76, 77, 78, 79]
30: [77, 78, 79]
31: []
32: []
33: []
34: []
35: []
36: [34, 74, 75, 76]
37: [33, 34, 74, 75, 76, 77, 78, 79]
38: [33, 77, 78, 79]
39: [33]
40: [56, 57, 58]
41: [56, 57, 58]
42: [56, 57, 58]
43: [56, 57, 58]
44: [34, 37, 56, 57, 58, 74, 75, 76]
45: [33, 34, 37, 39, 40, 56, 57, 58, 74, 75, 76, 77, 78, 79]
46: [37, 39, 40, 56, 57, 58, 77, 78, 79]
47: [33, 37, 56, 57, 58]
48: [56, 57, 58, 59, 60, 61]
49: [56, 57, 58, 59, 60, 61]
50: [56, 57, 58, 59, 60, 61]
51: [56, 57, 58, 59, 60, 61]
52: [34, 37, 38, 56, 57, 58, 59, 60, 61, 74, 75, 76]
53: []
54: [37, 38, 39, 40, 56, 57, 58, 59, 60, 61, 77, 78, 79]
55: [33, 37, 38, 56, 57, 58, 59, 60, 61]
56: [59, 60, 61]
57: [59, 60, 61]
58: [59, 60, 61]
59: [59, 60, 61]
60: [34, 38, 59, 60, 61, 74, 75, 76]
61: [33, 34, 38, 59, 60, 61, 74, 75, 76, 77, 78, 79]
62: [33, 38, 59, 60, 61, 77, 78, 79]
63: [33, 38, 59, 60, 61]
54
0: []
1: []
2: []
3: []
4: []
5: [77, 78, 79]
6: [77, 78, 79, 80, 81, 82]
7: [80, 81, 82]
8: []
9: []
10: []
11: []
12: []
13: [77, 78, 79]
14: [77, 78, 79, 80, 81, 82]
15: [80, 81, 82]
16: []
17: []
18: []
19: []
20: []
21: [77, 78, 79]
22: [77, 78, 79, 80, 81, 82]
23: [80, 81, 82]
24: []
25: []
26: []
27: []
28: []
29: [77, 78, 79]
30: [77, 78, 79, 80, 81, 82]
31: [80, 81, 82]
32: []
33: []
34: []
35: []
36: [35]
37: [35, 77, 78, 79]
38: [32, 35, 77, 78, 79, 80, 81, 82]
39: [32, 80, 81, 82]
40: [56, 57, 58]
41: [56, 57, 58]
42: [56, 57, 58]
43: [56, 57, 58]
44: [35, 37, 56, 57, 58]
45: [37, 39, 40, 56, 57, 58, 77, 78, 79]
46: [32, 35, 37, 39, 40, 56, 57, 58, 77, 78, 79, 80, 81, 82]
47: [32, 37, 56, 57, 58, 80, 81, 82]
48: [56, 57, 58, 59, 60, 61]
49: [56, 57, 58, 59, 60, 61]
50: [56, 57, 58, 59, 60, 61]
51: [56, 57, 58, 59, 60, 61]
52: [35, 37, 38, 56, 57, 58, 59, 60, 61]
53: [37, 38, 39, 40, 56, 57, 58, 59, 60, 61, 77, 78, 79]
54: []
55: [32, 37, 38, 56, 57, 58, 59, 60, 61, 80, 81, 82]
56: [59, 60, 61]
57: [59, 60, 61]
58: [59, 60, 61]
59: [59, 60, 61]
60: [35, 38, 59, 60, 61]
61: [35, 38, 59, 60, 61, 77, 78, 79]
62: [32, 35, 38, 59, 60, 61, 77, 78, 79, 80, 81, 82]
63: [32, 38, 59, 60, 61, 80, 81, 82]
55
0: []
1: []
2: []
3: []
4: []
5: []
6: [80, 81, 82]
7: [80, 81, 82]
8: []
9: []
10: []
11: []
12: []
13: []
14: [80, 81, 82]
15: [80, 81, 82]
16: []
17: []
18: []
19: []
20: []
21: []
22: [80, 81, 82]
23: [80, 81, 82]
24: []
25: []
26: []
27: []
28: []
29: []
30: [80, 81, 82]
31: [80, 81, 82]
32: []
33: []
34: []
35: []
36: [31]
37: [31, 33]
38: [31, 32, 33, 80, 81, 82]
39: [31, 32, 33, 80, 81, 82]
40: [56, 57, 58]
41: [56, 57, 58]
42: [56, 57, 58]
43: [56, 57, 58]
44: [31, 37, 56, 57, 58]
45: [33, 37, 56, 57, 58]
46: [32, 37, 56, 57, 58, 80, 81, 82]
47: [31, 32, 33, 37, 56, 57, 58, 80, 81, 82]
48: [56, 57, 58, 59, 60, 61]
49: [56, 57, 58, 59, 60, 61]
50: [56, 57, 58, 59, 60, 61]
51: [56, 57, 58, 59, 60, 61]
52: [31, 37, 38, 56, 57, 58, 59, 60, 61]
53: [33, 37, 38, 56, 57, 58, 59, 60, 61]
54: [32, 37, 38, 56, 57, 58, 59, 60, 61, 80, 81, 82]
55: []
56: [59, 60, 61]
57: [59, 60, 61]
58: [59, 60, 61]
59: [59, 60, 61]
60: [31, 38, 59, 60, 61]
61: [31, 33, 38, 59, 60, 61]
62: [31, 32, 33, 38, 59, 60, 61, 80, 81, 82]
63: [31, 32, 33, 38, 59, 60, 61, 80, 81, 82]
56
0: [62, 63, 64]
1: [62, 63, 64]
2: []
3: []
4: []
5: []
6: []
7: []
8: [62, 63, 64]
9: [62, 63, 64]
10: []
11: []
12: []
13: []
14: []
15: []
16: [62, 63, 64]
17: [62, 63, 64]
18: []
19: []
20: []
21: []
22: []
23: []
24: [62, 63, 64]
25: [62, 63, 64]
26: []
27: []
28: []
29: []
30: []
31: []
32: [21, 24, 25, 62, 63, 64]
33: [21, 24, 25, 62, 63, 64]
34: [21, 25]
35: [21]
36: []
37: []
38: []
39: []
40: [21, 24, 25, 62, 63, 64]
41: [24, 62, 63, 64]
42: [25]
43: [21]
44: []
45: []
46: []
47: []
48: [21, 24, 25, 28, 59, 60, 61, 62, 63, 64]
49: [24, 28, 59, 60, 61, 62, 63, 64]
50: [25, 28, 59, 60, 61]
51: [21, 28, 59, 60, 61]
52: [59, 60, 61]
53: [59, 60, 61]
54: [59, 60, 61]
55: [59, 60, 61]
56: []
57: [21, 24, 25, 28, 59, 60, 61, 62, 63, 64]
58: [21, 25, 28, 59, 60, 61]
59: [21, 28, 59, 60, 61]
60: [59, 60, 61]
61: [59, 60, 61]
62: [59, 60, 61]
63: [59, 60, 61]
57
0: [62, 63, 64]
1: [62, 63, 64, 65, 66, 67]
2: [65, 66, 67]
3: []
4: []
5: []
6: []
7: []
8: [62, 63, 64]
9: [62, 63, 64, 65, 66, 67]
10: [65, 66, 67]
11: []
12: []
13: []
14: []
15: []
16: [62, 63, 64]
17: [62, 63, 64, 65, 66, 67]
18: [65, 66, 67]
19: []
20: []
21: []
22: []
23: []
24: [62, 63, 64]
25: [62, 63, 64, 65, 66, 67]
26: [65, 66, 67]
27: []
28: []
29: []
30: []
31: []
32: [21, 24, 25, 62, 63, 64]
33: [21, 23, 24, 25, 62, 63, 64, 65, 66, 67]
34: [21, 23, 25, 65, 66, 67]
35: [21, 23]
36: []
37: []
38: []
39: []
40: [21, 24, 25, 62, 63, 64]
41: [23, 24, 62, 63, 64, 65, 66, 67]
42: [25, 65, 66, 67]
43: [21, 23]
44: []
45: []
46: []
47: []
48: [21, 24, 25, 28, 59, 60, 61, 62, 63, 64]
49: [23, 24, 28, 59, 60, 61, 62, 63, 64, 65, 66, 67]
50: [25, 28, 59, 60, 61, 65, 66, 67]
51: [21, 23, 28, 59, 60, 61]
52: [59, 60, 61]
53: [59, 60, 61]
54: [59, 60, 61]
55: [59, 60, 61]
56: [21, 24, 25, 28, 59, 60, 61, 62, 63, 64]
57: []
58: [21, 23, 25, 28, 59, 60, 61, 65, 66, 67]
59: [21, 23, 28, 59, 60, 61]
60: [59, 60, 61]
61: [59, 60, 61]
62: [59, 60, 61]
63: [59, 60, 61]
58
0: []
1: [65, 66, 67]
2: [65, 66, 67, 68, 69, 70]
3: [68, 69, 70]
4: []
5: []
6: []
7: []
8: []
9: [65, 66, 67]
10: [65, 66, 67, 68, 69, 70]
11: [68, 69, 70]
12: []
13: []
14: []
15: []
16: []
17: [65, 66, 67]
18: [65, 66, 67, 68, 69, 70]
19: [68, 69, 70]
20: []
21: []
22: []
23: []
24: []
25: [65, 66, 67]
26: [65, 66, 67, 68, 69, 70]
27: [68, 69, 70]
28: []
29: []
30: []
31: []
32: [21, 25]
33: [21, 23, 25, 65, 66, 67]
34: [21, 22, 23, 25, 65, 66, 67, 68, 69, 70]
35: [21, 22, 23, 68, 69, 70]
36: []
37: []
38: []
39: []
40: [21, 25]
41: [23, 65, 66, 67]
42: [22, 25, 65, 66, 67, 68, 69, 70]
43: [21, 22, 23, 68, 69, 70]
44: []
45: []
46: []
47: []
48: [21, 25, 28, 59, 60, 61]
49: [23, 28, 59, 60, 61, 65, 66, 67]
50: [22, 25, 28, 59, 60, 61, 65, 66, 67, 68, 69, 70]
51: [21, 22, 23, 28, 59, 60, 61, 68, 69, 70]
52: [59, 60, 61]
53: [59, 60, 61]
54: [59, 60, 61]
55: [59, 60, 61]
56: [21, 25, 28, 59, 60, 61]
57: [21, 23, 25, 28, 59, 60, 61, 65, 66, 67]
58: []
59: [21, 22, 23, 28, 59, 60, 61, 68, 69, 70]
60: [59, 60, 61]
61: [59, 60, 61]
62: [59, 60, 61]
63: [59, 60, 61]
59
0: []
1: []
2: [68, 69, 70]
3: [68, 69, 70, 71, 72, 73]
4: [71, 72, 73]
5: []
6: []
7: []
8: []
9: []
10: [68, 69, 70]
11: [68, 69, 70, 71, 72, 73]
12: [71, 72, 73]
13: []
14: []
15: []
16: []
17: []
18: [68, 69, 70]
19: [68, 69, 70, 71, 72, 73]
20: [71, 72, 73]
21: []
22: []
23: []
24: []
25: []
26: [68, 69, 70]
27: [68, 69, 70, 71, 72, 73]
28: [71, 72, 73]
29: []
30: []
31: []
32: [21]
33: [21, 23]
34: [21, 22, 23, 68, 69, 70]
35: [21, 22, 23, 68, 69, 70, 71, 72, 73]
36: [71, 72, 73]
37: []
38: []
39: []
40: [21]
41: [23]
42: [22, 68, 69, 70]
43: [21, 22, 23, 68, 69, 70, 71, 72, 73]
44: [71, 72, 73]
45: []
46: []
47: []
48: [21, 28, 59, 60, 61]
49: [23, 28, 59, 60, 61]
50: [22, 28, 59, 60, 61, 68, 69, 70]
51: [21, 22, 23, 28, 59, 60, 61, 68, 69, 70, 71, 72, 73]
52: [59, 60, 61, 71, 72, 73]
53: [59, 60, 61]
54: [59, 60, 61]
55: [59, 60, 61]
56: [21, 28, 59, 60, 61]
57: [21, 23, 28, 59, 60, 61]
58: [21, 22, 23, 28, 59, 60, 61, 68, 69, 70]
59: []
60: [59, 60, 61, 71, 72, 73]
61: [59, 60, 61]
62: [59, 60, 61]
63: [59, 60, 61]
60
0: []
1: []
2: []
3: [71, 72, 73]
4: [71, 72, 73, 74, 75, 76]
5: [74, 75, 76]
6: []
7: []
8: []
9: []
10: []
11: [71, 72, 73]
12: [71, 72, 73, 74, 75, 76]
13: [74, 75, 76]
14: []
15: []
16: []
17: []
18: []
19: [71, 72, 73]
20: [71, 72, 73, 74, 75, 76]
21: [74, 75, 76]
22: []
23: []
24: []
25: []
26: []
27: [71, 72, 73]
28: [71, 72, 73, 74, 75, 76]
29: [74, 75, 76]
30: []
31: []
32: []
33: []
34: []
35: [71, 72, 73]
36: [31, 34, 35, 71, 72, 73, 74, 75, 76]
37: [31, 34, 35, 74, 75, 76]
38: [31, 35]
39: [31]
40: []
41: []
42: []
43: [71, 72, 73]
44: [31, 34, 35, 71, 72, 73, 74, 75, 76]
45: [34, 74, 75, 76]
46: [35]
47: [31]
48: [59, 60, 61]
49: [59, 60, 61]
50: [59, 60, 61]
51: [59, 60, 61, 71, 72, 73]
52: [31, 34, 35, 38, 59, 60, 61, 71, 72, 73, 74, 75, 76]
53: [34, 38, 59, 60, 61, 74, 75, 76]
54: [35, 38, 59, 60, 61]
55: [31, 38, 59, 60, 61]
56: [59, 60, 61]
57: [59, 60, 61]
58: [59, 60, 61]
59: [59, 60, 61, 71, 72, 73]
60: []
61: [31, 34, 35, 38, 59, 60, 61, 74, 75, 76]
62: [31, 35, 38, 59, 60, 61]
63: [31, 38, 59, 60, 61]
61
0: []
1: []
2: []
3: []
4: [74, 75, 76]
5: [74, 75, 76, 77, 78, 79]
6: [77, 78, 79]
7: []
8: []
9: []
10: []
11: []
12: [74, 75, 76]
13: [74, 75, 76, 77, 78, 79]
14: [77, 78, 79]
15: []
16: []
17: []
18: []
19: []
20: [74, 75, 76]
21: [74, 75, 76, 77, 78, 79]
22: [77, 78, 79]
23: []
24: []
25: []
26: []
27: []
28: [74, 75, 76]
29: [74, 75, 76, 77, 78, 79]
30: [77, 78, 79]
31: []
32: []
33: []
34: []
35: []
36: [31, 34, 35, 74, 75, 76]
37: [31, 33, 34, 35, 74, 75, 76, 77, 78, 79]
38: [31, 33, 35, 77, 78, 79]
39: [31, 33]
40: []
41: []
42: []
43: []
44: [31, 34, 35, 74, 75, 76]
45: [33, 34, 74, 75, 76, 77, 78, 79]
46: [35, 77, 78, 79]
47: [31, 33]
48: [59, 60, 61]
49: [59, 60, 61]
50: [59, 60, 61]
51: [59, 60, 61]
52: [31, 34, 35, 38, 59, 60, 61, 74, 75, 76]
53: [33, 34, 38, 59, 60, 61, 74, 75, 76, 77, 78, 79]
54: [35, 38, 59, 60, 61, 77, 78, 79]
55: [31, 33, 38, 59, 60, 61]
56: [59, 60, 61]
57: [59, 60, 61]
58: [59, 60, 61]
59: [59, 60, 61]
60: [31, 34, 35, 38, 59, 60, 61, 74, 75, 76]
61: []
62: [31, 33, 35, 38, 59, 60, 61, 77, 78, 79]
63: [31, 33, 38, 59, 60, 61]
62
0: []
1: []
2: []
3: []
4: []
5: [77, 78, 79]
6: [77, 78, 79, 80, 81, 82]
7: [80, 81, 82]
8: []
9: []
10: []
11: []
12: []
13: [77, 78, 79]
14: [77, 78, 79, 80, 81, 82]
15: [80, 81, 82]
16: []
17: []
18: []
19: []
20: []
21: [77, 78, 79]
22: [77, 78, 79, 80, 81, 82]
23: [80, 81, 82]
24: []
25: []
26: []
27: []
28: []
29: [77, 78, 79]
30: [77, 78, 79, 80, 81, 82]
31: [80, 81, 82]
32: []
33: []
34: []
35: []
36: [31, 35]
37: [31, 33, 35, 77, 78, 79]
38: [31, 32, 33, 35, 77, 78, 79, 80, 81, 82]
39: [31, 32, 33, 80, 81, 82]
40: []
41: []
42: []
43: []
44: [31, 35]
45: [33, 77, 78, 79]
46: [32, 35, 77, 78, 79, 80, 81, 82]
47: [31, 32, 33, 80, 81, 82]
48: [59, 60, 61]
49: [59, 60, 61]
50: [59, 60, 61]
51: [59, 60, 61]
52: [31, 35, 38, 59, 60, 61]
53: [33, 38, 59, 60, 61, 77, 78, 79]
54: [32, 35, 38, 59, 60, 61, 77, 78, 79, 80, 81, 82]
55: [31, 32, 33, 38, 59, 60, 61, 80, 81, 82]
56: [59, 60, 61]
57: [59, 60, 61]
58: [59, 60, 61]
59: [59, 60, 61]
60: [31, 35, 38, 59, 60, 61]
61: [31, 33, 35, 38, 59, 60, 61, 77, 78, 79]
62: []
63: [31, 32, 33, 38, 59, 60, 61, 80, 81, 82]
63
0: []
1: []
2: []
3: []
4: []
5: []
6: [80, 81, 82]
7: [80, 81, 82]
8: []
9: []
10: []
11: []
12: []
13: []
14: [80, 81, 82]
15: [80, 81, 82]
16: []
17: []
18: []
19: []
20: []
21: []
22: [80, 81, 82]
23: [80, 81, 82]
24: []
25: []
26: []
27: []
28: []
29: []
30: [80, 81, 82]
31: [80, 81, 82]
32: []
33: []
34: []
35: []
36: [31]
37: [31, 33]
38: [31, 32, 33, 80, 81, 82]
39: [31, 32, 33, 80, 81, 82]
40: []
41: []
42: []
43: []
44: [31]
45: [33]
46: [32, 80, 81, 82]
47: [31, 32, 33, 80, 81, 82]
48: [59, 60, 61]
49: [59, 60, 61]
50: [59, 60, 61]
51: [59, 60, 61]
52: [31, 38, 59, 60, 61]
53: [33, 38, 59, 60, 61]
54: [32, 38, 59, 60, 61, 80, 81, 82]
55: [31, 32, 33, 38, 59, 60, 61, 80, 81, 82]
56: [59, 60, 61]
57: [59, 60, 61]
58: [59, 60, 61]
59: [59, 60, 61]
60: [31, 38, 59, 60, 61]
61: [31, 33, 38, 59, 60, 61]
62: [31, 32, 33, 38, 59, 60, 61, 80, 81, 82]
63: []

