44
1: [0, 1, 9, 17, 25, 33, 41, 49, 57, 56, 48, 40, 32, 24, 16, 8]
2: [7, 15, 23, 31, 39, 47, 55, 63, 62, 54, 46, 38, 30, 22, 14, 6]
3: [0, 1, 2, 10, 18, 26, 34, 42, 50, 58, 57, 56, 48, 40, 32, 24, 16, 8]
4: [7, 15, 23, 31, 39, 47, 55, 63, 62, 61, 53, 45, 37, 29, 21, 13, 5, 6]
5: [0, 1, 2, 3, 11, 19, 27, 35, 43, 51, 59, 58, 57, 56, 48, 40, 32, 24, 16, 8]
6: [7, 15, 23, 31, 39, 47, 55, 63, 62, 61, 60, 52, 44, 36, 28, 20, 12, 4, 5, 6]
7: [0, 1, 2, 3, 4, 12, 20, 28, 36, 44, 52, 60, 59, 58, 57, 56, 48, 40, 32, 24, 16, 8]
8: [7, 15, 23, 31, 39, 47, 55, 63, 62, 61, 60, 59, 51, 43, 35, 27, 19, 11, 3, 4, 5, 6]
9: [0, 1, 2, 3, 4, 5, 13, 21, 29, 37, 45, 53, 61, 60, 59, 58, 57, 56, 48, 40, 32, 24, 16, 8]
10: [7, 15, 23, 31, 39, 47, 55, 63, 62, 61, 60, 59, 58, 50, 42, 34, 26, 18, 10, 2, 3, 4, 5, 6]
11: [0, 1, 2, 3, 4, 5, 6, 14, 22, 30, 38, 46, 54, 62, 61, 60, 59, 58, 57, 56, 48, 40, 32, 24, 16, 8]
12: [7, 15, 23, 31, 39, 47, 55, 63, 62, 61, 60, 59, 58, 57, 49, 41, 33, 25, 17, 9, 1, 2, 3, 4, 5, 6]
13: [0, 8, 16, 24, 32, 40, 48, 56, 57, 58, 59, 60, 61, 62, 63, 55, 47, 39, 31, 23, 15, 7, 6, 5, 4, 3, 2, 1]
14: [0, 1, 2, 3, 4, 5, 6, 7, 15, 14, 13, 12, 11, 10, 9, 8]
15: [8, 9, 10, 11, 12, 13, 14, 15, 23, 22, 21, 20, 19, 18, 17, 16]
16: [16, 17, 18, 19, 20, 21, 22, 23, 31, 30, 29, 28, 27, 26, 25, 24]
17: [24, 25, 26, 27, 28, 29, 30, 31, 39, 38, 37, 36, 35, 34, 33, 32]
18: [32, 33, 34, 35, 36, 37, 38, 39, 47, 46, 45, 44, 43, 42, 41, 40]
19: [40, 41, 42, 43, 44, 45, 46, 47, 55, 54, 53, 52, 51, 50, 49, 48]
20: [48, 49, 50, 51, 52, 53, 54, 55, 63, 62, 61, 60, 59, 58, 57, 56]
21: [9, 17, 18, 19, 20, 21, 22, 14, 13, 12, 11, 10]
22: [49, 50, 51, 52, 53, 54, 46, 45, 44, 43, 42, 41]
23: [9, 17, 25, 26, 27, 28, 29, 30, 22, 14, 13, 12, 11, 10]
24: [49, 50, 51, 52, 53, 54, 46, 38, 37, 36, 35, 34, 33, 41]
25: [9, 17, 25, 33, 34, 35, 36, 37, 38, 30, 22, 14, 13, 12, 11, 10]
26: [49, 50, 51, 52, 53, 54, 46, 38, 30, 29, 28, 27, 26, 25, 33, 41]
27: [9, 17, 25, 33, 41, 42, 43, 44, 45, 46, 38, 30, 22, 14, 13, 12, 11, 10]
28: [49, 50, 51, 52, 53, 54, 46, 38, 30, 22, 21, 20, 19, 18, 17, 25, 33, 41]
29: [9, 10, 11, 12, 13, 14, 22, 30, 38, 46, 54, 53, 52, 51, 50, 49, 41, 33, 25, 17]
30: [9, 17, 25, 33, 41, 49, 50, 42, 34, 26, 18, 10]
31: [10, 18, 26, 34, 42, 50, 51, 43, 35, 27, 19, 11]
32: [11, 19, 27, 35, 43, 51, 52, 44, 36, 28, 20, 12]
33: [12, 20, 28, 36, 44, 52, 53, 45, 37, 29, 21, 13]
34: [13, 21, 29, 37, 45, 53, 54, 46, 38, 30, 22, 14]
35: [18, 19, 27, 35, 43, 42, 34, 26]
36: [21, 29, 37, 45, 44, 36, 28, 20]
37: [18, 19, 20, 28, 36, 44, 43, 42, 34, 26]
38: [21, 29, 37, 45, 44, 43, 35, 27, 19, 20]
39: [18, 26, 34, 42, 43, 44, 45, 37, 29, 21, 20, 19]
40: [18, 19, 20, 21, 29, 28, 27, 26]
41: [26, 27, 28, 29, 37, 36, 35, 34]
42: [34, 35, 36, 37, 45, 44, 43, 42]
43: [27, 28, 36, 35]
44: [27, 35, 36, 28]
64
0
0: []
1: [1, 3, 5, 7, 9, 11, 14, 13]
2: [3, 5, 7, 9, 11, 14, 13]
3: [5, 7, 9, 11, 14, 13]
4: [7, 9, 11, 14, 13]
5: [9, 11, 14, 13]
6: [11, 14, 13]
7: [14, 13]
8: [13, 1, 14, 3, 5, 7, 9, 11]
9: [1, 14]
10: [3, 14]
11: [5, 14]
12: [7, 14]
13: [9, 14]
14: [11, 14]
15: [14, 13]
16: [13, 1, 3, 5, 7, 9, 11]
17: [1]
18: [3]
19: [5]
20: [7]
21: [9]
22: [11]
23: [13]
24: [13, 1, 3, 5, 7, 9, 11]
25: [1]
26: [3]
27: [5]
28: [7]
29: [9]
30: [11]
31: [13]
32: [13, 1, 3, 5, 7, 9, 11]
33: [1]
34: [3]
35: [5]
36: [7]
37: [9]
38: [11]
39: [13]
40: [13, 1, 3, 5, 7, 9, 11]
41: [1]
42: [3]
43: [5]
44: [7]
45: [9]
46: [11]
47: [13]
48: [13, 1, 3, 5, 7, 9, 11]
49: [1]
50: [3]
51: [5]
52: [7]
53: [9]
54: [11]
55: [13]
56: [13, 1, 3, 5, 7, 9, 11]
57: [1, 13, 3, 5, 7, 9, 11]
58: [3, 13, 5, 7, 9, 11]
59: [5, 13, 7, 9, 11]
60: [7, 13, 9, 11]
61: [9, 13, 11]
62: [11, 13]
63: [13]
1
0: [13, 1, 14, 3, 5, 7, 9, 11]
1: []
2: [3, 5, 7, 9, 11, 12, 14, 13]
3: [5, 7, 9, 11, 12, 14, 13]
4: [7, 9, 11, 12, 14, 13]
5: [9, 11, 12, 14, 13]
6: [11, 12, 14, 13]
7: [12, 14, 13]
8: [13, 1, 14, 3, 5, 7, 9, 11]
9: [1, 14, 12]
10: [3, 14]
11: [5, 14]
12: [7, 14]
13: [9, 14]
14: [11, 14]
15: [12, 14, 13]
16: [13, 1, 3, 5, 7, 9, 11]
17: [1, 12]
18: [3]
19: [5]
20: [7]
21: [9]
22: [11]
23: [12, 13]
24: [13, 1, 3, 5, 7, 9, 11]
25: [1, 12]
26: [3]
27: [5]
28: [7]
29: [9]
30: [11]
31: [12, 13]
32: [13, 1, 3, 5, 7, 9, 11]
33: [1, 12]
34: [3]
35: [5]
36: [7]
37: [9]
38: [11]
39: [12, 13]
40: [13, 1, 3, 5, 7, 9, 11]
41: [1, 12]
42: [3]
43: [5]
44: [7]
45: [9]
46: [11]
47: [12, 13]
48: [13, 1, 3, 5, 7, 9, 11]
49: [1, 12]
50: [3]
51: [5]
52: [7]
53: [9]
54: [11]
55: [12, 13]
56: [1, 13, 3, 5, 7, 9, 11]
57: [1, 3, 13, 5, 7, 9, 11, 12]
58: [3, 5, 13, 7, 9, 11, 12]
59: [5, 7, 13, 9, 11, 12]
60: [7, 9, 13, 11, 12]
61: [9, 11, 13, 12]
62: [11, 12, 13]
63: [12, 13]
2
0: [13, 14, 3, 5, 7, 9, 11]
1: [13, 14, 3, 5, 7, 9, 11, 12]
2: []
3: [5, 7, 9, 10, 11, 12, 14, 13]
4: [7, 9, 10, 11, 12, 14, 13]
5: [9, 10, 11, 12, 14, 13]
6: [10, 11, 12, 14, 13]
7: [10, 12, 14, 13]
8: [13, 14, 3, 5, 7, 9, 11]
9: [14, 12]
10: [3, 14, 10]
11: [5, 14]
12: [7, 14]
13: [9, 14]
14: [11, 14]
15: [10, 12, 14, 13]
16: [13, 3, 5, 7, 9, 11]
17: [12]
18: [3, 10]
19: [5]
20: [7]
21: [9]
22: [11]
23: [10, 12, 13]
24: [13, 3, 5, 7, 9, 11]
25: [12]
26: [3, 10]
27: [5]
28: [7]
29: [9]
30: [11]
31: [10, 12, 13]
32: [13, 3, 5, 7, 9, 11]
33: [12]
34: [3, 10]
35: [5]
36: [7]
37: [9]
38: [11]
39: [10, 12, 13]
40: [13, 3, 5, 7, 9, 11]
41: [12]
42: [3, 10]
43: [5]
44: [7]
45: [9]
46: [11]
47: [10, 12, 13]
48: [13, 3, 5, 7, 9, 11]
49: [12]
50: [3, 10]
51: [5]
52: [7]
53: [9]
54: [11]
55: [10, 12, 13]
56: [3, 13, 5, 7, 9, 11]
57: [3, 5, 13, 7, 9, 11, 12]
58: [3, 5, 7, 13, 9, 11, 10, 12]
59: [5, 7, 9, 13, 11, 10, 12]
60: [7, 9, 11, 13, 10, 12]
61: [9, 11, 10, 12, 13]
62: [11, 10, 12, 13]
63: [10, 12, 13]
3
0: [13, 14, 5, 7, 9, 11]
1: [13, 14, 5, 7, 9, 11, 12]
2: [13, 14, 5, 7, 9, 10, 11, 12]
3: []
4: [7, 8, 9, 10, 11, 12, 14, 13]
5: [8, 9, 10, 11, 12, 14, 13]
6: [8, 10, 11, 12, 14, 13]
7: [8, 10, 12, 14, 13]
8: [13, 14, 5, 7, 9, 11]
9: [14, 12]
10: [14, 10]
11: [5, 14, 8]
12: [7, 14]
13: [9, 14]
14: [11, 14]
15: [8, 10, 12, 14, 13]
16: [13, 5, 7, 9, 11]
17: [12]
18: [10]
19: [5, 8]
20: [7]
21: [9]
22: [11]
23: [8, 10, 12, 13]
24: [13, 5, 7, 9, 11]
25: [12]
26: [10]
27: [5, 8]
28: [7]
29: [9]
30: [11]
31: [8, 10, 12, 13]
32: [13, 5, 7, 9, 11]
33: [12]
34: [10]
35: [5, 8]
36: [7]
37: [9]
38: [11]
39: [8, 10, 12, 13]
40: [13, 5, 7, 9, 11]
41: [12]
42: [10]
43: [5, 8]
44: [7]
45: [9]
46: [11]
47: [8, 10, 12, 13]
48: [13, 5, 7, 9, 11]
49: [12]
50: [10]
51: [5, 8]
52: [7]
53: [9]
54: [11]
55: [8, 10, 12, 13]
56: [5, 13, 7, 9, 11]
57: [5, 7, 13, 9, 11, 12]
58: [5, 7, 9, 13, 11, 10, 12]
59: [5, 7, 9, 11, 13, 8, 10, 12]
60: [7, 9, 11, 8, 10, 12, 13]
61: [9, 11, 8, 10, 12, 13]
62: [11, 8, 10, 12, 13]
63: [8, 10, 12, 13]
4
0: [13, 14, 7, 9, 11]
1: [13, 14, 7, 9, 11, 12]
2: [13, 14, 7, 9, 10, 11, 12]
3: [13, 14, 7, 8, 9, 10, 11, 12]
4: []
5: [6, 8, 9, 10, 11, 12, 14, 13]
6: [6, 8, 10, 11, 12, 14, 13]
7: [6, 8, 10, 12, 14, 13]
8: [13, 14, 7, 9, 11]
9: [14, 12]
10: [14, 10]
11: [14, 8]
12: [7, 14, 6]
13: [9, 14]
14: [11, 14]
15: [6, 8, 10, 12, 14, 13]
16: [13, 7, 9, 11]
17: [12]
18: [10]
19: [8]
20: [7, 6]
21: [9]
22: [11]
23: [6, 8, 10, 12, 13]
24: [13, 7, 9, 11]
25: [12]
26: [10]
27: [8]
28: [7, 6]
29: [9]
30: [11]
31: [6, 8, 10, 12, 13]
32: [13, 7, 9, 11]
33: [12]
34: [10]
35: [8]
36: [7, 6]
37: [9]
38: [11]
39: [6, 8, 10, 12, 13]
40: [13, 7, 9, 11]
41: [12]
42: [10]
43: [8]
44: [7, 6]
45: [9]
46: [11]
47: [6, 8, 10, 12, 13]
48: [13, 7, 9, 11]
49: [12]
50: [10]
51: [8]
52: [7, 6]
53: [9]
54: [11]
55: [6, 8, 10, 12, 13]
56: [7, 13, 9, 11]
57: [7, 9, 13, 11, 12]
58: [7, 9, 11, 13, 10, 12]
59: [7, 9, 11, 8, 10, 12, 13]
60: [7, 9, 11, 6, 8, 10, 12, 13]
61: [9, 11, 6, 8, 10, 12, 13]
62: [11, 6, 8, 10, 12, 13]
63: [6, 8, 10, 12, 13]
5
0: [13, 14, 9, 11]
1: [13, 14, 9, 11, 12]
2: [13, 14, 9, 10, 11, 12]
3: [13, 14, 8, 9, 10, 11, 12]
4: [13, 14, 6, 8, 9, 10, 11, 12]
5: []
6: [4, 6, 8, 10, 11, 12, 14, 13]
7: [4, 6, 8, 10, 12, 14, 13]
8: [13, 14, 9, 11]
9: [14, 12]
10: [14, 10]
11: [14, 8]
12: [14, 6]
13: [9, 14, 4]
14: [11, 14]
15: [4, 6, 8, 10, 12, 14, 13]
16: [13, 9, 11]
17: [12]
18: [10]
19: [8]
20: [6]
21: [9, 4]
22: [11]
23: [4, 6, 8, 10, 12, 13]
24: [13, 9, 11]
25: [12]
26: [10]
27: [8]
28: [6]
29: [9, 4]
30: [11]
31: [4, 6, 8, 10, 12, 13]
32: [13, 9, 11]
33: [12]
34: [10]
35: [8]
36: [6]
37: [9, 4]
38: [11]
39: [4, 6, 8, 10, 12, 13]
40: [13, 9, 11]
41: [12]
42: [10]
43: [8]
44: [6]
45: [9, 4]
46: [11]
47: [4, 6, 8, 10, 12, 13]
48: [13, 9, 11]
49: [12]
50: [10]
51: [8]
52: [6]
53: [9, 4]
54: [11]
55: [4, 6, 8, 10, 12, 13]
56: [9, 13, 11]
57: [9, 11, 13, 12]
58: [9, 11, 10, 12, 13]
59: [9, 11, 8, 10, 12, 13]
60: [9, 11, 6, 8, 10, 12, 13]
61: [9, 11, 4, 6, 8, 10, 12, 13]
62: [11, 4, 6, 8, 10, 12, 13]
63: [4, 6, 8, 10, 12, 13]
6
0: [13, 14, 11]
1: [13, 14, 11, 12]
2: [13, 14, 10, 11, 12]
3: [13, 14, 8, 10, 11, 12]
4: [13, 14, 6, 8, 10, 11, 12]
5: [13, 14, 4, 6, 8, 10, 11, 12]
6: []
7: [2, 4, 6, 8, 10, 12, 14, 13]
8: [13, 14, 11]
9: [14, 12]
10: [14, 10]
11: [14, 8]
12: [14, 6]
13: [14, 4]
14: [11, 14, 2]
15: [2, 4, 6, 8, 10, 12, 14, 13]
16: [13, 11]
17: [12]
18: [10]
19: [8]
20: [6]
21: [4]
22: [11, 2]
23: [2, 4, 6, 8, 10, 12, 13]
24: [13, 11]
25: [12]
26: [10]
27: [8]
28: [6]
29: [4]
30: [11, 2]
31: [2, 4, 6, 8, 10, 12, 13]
32: [13, 11]
33: [12]
34: [10]
35: [8]
36: [6]
37: [4]
38: [11, 2]
39: [2, 4, 6, 8, 10, 12, 13]
40: [13, 11]
41: [12]
42: [10]
43: [8]
44: [6]
45: [4]
46: [11, 2]
47: [2, 4, 6, 8, 10, 12, 13]
48: [13, 11]
49: [12]
50: [10]
51: [8]
52: [6]
53: [4]
54: [11, 2]
55: [2, 4, 6, 8, 10, 12, 13]
56: [11, 13]
57: [11, 12, 13]
58: [11, 10, 12, 13]
59: [11, 8, 10, 12, 13]
60: [11, 6, 8, 10, 12, 13]
61: [11, 4, 6, 8, 10, 12, 13]
62: [11, 2, 4, 6, 8, 10, 12, 13]
63: [2, 4, 6, 8, 10, 12, 13]
7
0: [13, 14]
1: [13, 14, 12]
2: [13, 14, 10, 12]
3: [13, 14, 8, 10, 12]
4: [13, 14, 6, 8, 10, 12]
5: [13, 14, 4, 6, 8, 10, 12]
6: [13, 2, 14, 4, 6, 8, 10, 12]
7: []
8: [13, 14]
9: [14, 12]
10: [14, 10]
11: [14, 8]
12: [14, 6]
13: [14, 4]
14: [14, 2]
15: [2, 4, 6, 8, 10, 12, 14, 13]
16: [13]
17: [12]
18: [10]
19: [8]
20: [6]
21: [4]
22: [2]
23: [2, 4, 6, 8, 10, 12, 13]
24: [13]
25: [12]
26: [10]
27: [8]
28: [6]
29: [4]
30: [2]
31: [2, 4, 6, 8, 10, 12, 13]
32: [13]
33: [12]
34: [10]
35: [8]
36: [6]
37: [4]
38: [2]
39: [2, 4, 6, 8, 10, 12, 13]
40: [13]
41: [12]
42: [10]
43: [8]
44: [6]
45: [4]
46: [2]
47: [2, 4, 6, 8, 10, 12, 13]
48: [13]
49: [12]
50: [10]
51: [8]
52: [6]
53: [4]
54: [2]
55: [2, 4, 6, 8, 10, 12, 13]
56: [13]
57: [12, 13]
58: [10, 12, 13]
59: [8, 10, 12, 13]
60: [6, 8, 10, 12, 13]
61: [4, 6, 8, 10, 12, 13]
62: [2, 4, 6, 8, 10, 12, 13]
63: [2, 4, 6, 8, 10, 12, 13]
8
0: [1, 3, 5, 7, 9, 11, 14, 13]
1: [1, 3, 5, 7, 9, 11, 14, 13]
2: [3, 5, 7, 9, 11, 14, 13]
3: [5, 7, 9, 11, 14, 13]
4: [7, 9, 11, 14, 13]
5: [9, 11, 14, 13]
6: [11, 14, 13]
7: [14, 13]
8: []
9: [15, 1, 14]
10: [15, 3, 14]
11: [15, 5, 14]
12: [15, 7, 14]
13: [15, 9, 14]
14: [15, 11, 14]
15: [15, 14, 13]
16: [13, 1, 15, 3, 5, 7, 9, 11]
17: [1, 15]
18: [3, 15]
19: [5, 15]
20: [7, 15]
21: [9, 15]
22: [11, 15]
23: [15, 13]
24: [13, 1, 3, 5, 7, 9, 11]
25: [1]
26: [3]
27: [5]
28: [7]
29: [9]
30: [11]
31: [13]
32: [13, 1, 3, 5, 7, 9, 11]
33: [1]
34: [3]
35: [5]
36: [7]
37: [9]
38: [11]
39: [13]
40: [13, 1, 3, 5, 7, 9, 11]
41: [1]
42: [3]
43: [5]
44: [7]
45: [9]
46: [11]
47: [13]
48: [13, 1, 3, 5, 7, 9, 11]
49: [1]
50: [3]
51: [5]
52: [7]
53: [9]
54: [11]
55: [13]
56: [13, 1, 3, 5, 7, 9, 11]
57: [13, 1, 3, 5, 7, 9, 11]
58: [13, 3, 5, 7, 9, 11]
59: [13, 5, 7, 9, 11]
60: [13, 7, 9, 11]
61: [13, 9, 11]
62: [13, 11]
63: [13]
9
0: [14, 1]
1: [12, 14, 1]
2: [12, 14]
3: [12, 14]
4: [12, 14]
5: [12, 14]
6: [12, 14]
7: [12, 14]
8: [14, 1, 15]
9: []
10: [15, 29, 21, 30, 23, 14, 25, 27]
11: [15, 29, 21, 23, 14, 25, 27]
12: [15, 29, 21, 23, 14, 25, 27]
13: [15, 29, 21, 23, 14, 25, 27]
14: [15, 29, 21, 23, 14, 25, 27]
15: [15, 12, 14]
16: [1, 15]
17: [1, 21, 23, 25, 27, 30, 15, 29, 12]
18: [21, 30, 15]
19: [21, 15]
20: [21, 15]
21: [21, 15]
22: [21, 29, 15, 23, 25, 27]
23: [15, 12]
24: [1]
25: [1, 23, 25, 27, 30, 29, 12]
26: [23, 30]
27: [23]
28: [23]
29: [23]
30: [23, 29, 25, 27]
31: [12]
32: [1]
33: [1, 25, 27, 30, 29, 12]
34: [25, 30]
35: [25]
36: [25]
37: [25]
38: [25, 29, 27]
39: [12]
40: [1]
41: [1, 27, 30, 29, 12]
42: [27, 30]
43: [27]
44: [27]
45: [27]
46: [27, 29]
47: [12]
48: [1]
49: [1, 30, 29, 12]
50: [30, 29]
51: [29]
52: [29]
53: [29]
54: [29]
55: [12]
56: [1]
57: [1, 12]
58: [12]
59: [12]
60: [12]
61: [12]
62: [12]
63: [12]
10
0: [14, 3]
1: [14, 3]
2: [10, 14, 3]
3: [10, 14]
4: [10, 14]
5: [10, 14]
6: [10, 14]
7: [10, 14]
8: [14, 3, 15]
9: [14, 21, 23, 25, 27, 30, 15, 29]
10: []
11: [15, 29, 21, 31, 23, 14, 25, 27]
12: [15, 29, 21, 23, 14, 25, 27]
13: [15, 29, 21, 23, 14, 25, 27]
14: [15, 29, 21, 23, 14, 25, 27]
15: [15, 10, 14]
16: [3, 15]
17: [21, 23, 25, 27, 30, 15, 29]
18: [3, 31, 21, 15, 30, 10]
19: [21, 15, 31]
20: [21, 15]
21: [21, 15]
22: [29, 15, 21, 23, 25, 27]
23: [15, 10]
24: [3]
25: [23, 25, 27, 30, 29]
26: [3, 31, 23, 30, 10]
27: [23, 31]
28: [23]
29: [23]
30: [29, 23, 25, 27]
31: [10]
32: [3]
33: [25, 27, 30, 29]
34: [3, 31, 25, 30, 10]
35: [25, 31]
36: [25]
37: [25]
38: [29, 25, 27]
39: [10]
40: [3]
41: [27, 30, 29]
42: [3, 31, 27, 30, 10]
43: [27, 31]
44: [27]
45: [27]
46: [29, 27]
47: [10]
48: [3]
49: [30, 29]
50: [3, 31, 30, 29, 10]
51: [31, 29]
52: [29]
53: [29]
54: [29]
55: [10]
56: [3]
57: [3]
58: [3, 10]
59: [10]
60: [10]
61: [10]
62: [10]
63: [10]
11
0: [14, 5]
1: [14, 5]
2: [14, 5]
3: [8, 14, 5]
4: [8, 14]
5: [8, 14]
6: [8, 14]
7: [8, 14]
8: [14, 15, 5]
9: [14, 21, 23, 25, 27, 15, 29]
10: [14, 21, 23, 25, 27, 31, 15, 29]
11: []
12: [15, 29, 21, 32, 23, 14, 25, 27]
13: [15, 29, 21, 23, 14, 25, 27]
14: [15, 29, 21, 23, 14, 25, 27]
15: [15, 8, 14]
16: [15, 5]
17: [21, 23, 25, 27, 15, 29]
18: [31, 21, 15]
19: [5, 32, 21, 15, 31, 8]
20: [21, 15, 32]
21: [15, 21]
22: [29, 15, 21, 23, 25, 27]
23: [15, 8]
24: [5]
25: [23, 25, 27, 29]
26: [31, 23]
27: [5, 32, 23, 31, 8]
28: [23, 32]
29: [23]
30: [29, 23, 25, 27]
31: [8]
32: [5]
33: [25, 27, 29]
34: [31, 25]
35: [5, 32, 25, 31, 8]
36: [25, 32]
37: [25]
38: [29, 25, 27]
39: [8]
40: [5]
41: [27, 29]
42: [31, 27]
43: [5, 32, 27, 31, 8]
44: [32, 27]
45: [27]
46: [29, 27]
47: [8]
48: [5]
49: [29]
50: [31, 29]
51: [5, 32, 31, 29, 8]
52: [32, 29]
53: [29]
54: [29]
55: [8]
56: [5]
57: [5]
58: [5]
59: [5, 8]
60: [8]
61: [8]
62: [8]
63: [8]
12
0: [14, 7]
1: [14, 7]
2: [14, 7]
3: [14, 7]
4: [6, 14, 7]
5: [6, 14]
6: [6, 14]
7: [6, 14]
8: [14, 15, 7]
9: [14, 21, 23, 25, 27, 15, 29]
10: [14, 21, 23, 25, 27, 15, 29]
11: [14, 21, 23, 25, 27, 32, 15, 29]
12: []
13: [15, 29, 21, 33, 23, 14, 25, 27]
14: [15, 29, 21, 23, 14, 25, 27]
15: [15, 6, 14]
16: [15, 7]
17: [21, 23, 25, 27, 15, 29]
18: [21, 15]
19: [32, 21, 15]
20: [7, 33, 15, 21, 32, 6]
21: [15, 21, 33]
22: [29, 15, 21, 23, 25, 27]
23: [15, 6]
24: [7]
25: [23, 25, 27, 29]
26: [23]
27: [32, 23]
28: [7, 33, 23, 32, 6]
29: [23, 33]
30: [29, 23, 25, 27]
31: [6]
32: [7]
33: [25, 27, 29]
34: [25]
35: [32, 25]
36: [7, 33, 25, 32, 6]
37: [33, 25]
38: [29, 25, 27]
39: [6]
40: [7]
41: [27, 29]
42: [27]
43: [32, 27]
44: [7, 33, 32, 27, 6]
45: [33, 27]
46: [29, 27]
47: [6]
48: [7]
49: [29]
50: [29]
51: [32, 29]
52: [7, 33, 32, 29, 6]
53: [33, 29]
54: [29]
55: [6]
56: [7]
57: [7]
58: [7]
59: [7]
60: [7, 6]
61: [6]
62: [6]
63: [6]
13
0: [14, 9]
1: [14, 9]
2: [14, 9]
3: [14, 9]
4: [14, 9]
5: [4, 14, 9]
6: [4, 14]
7: [4, 14]
8: [14, 15, 9]
9: [14, 21, 23, 25, 27, 15, 29]
10: [14, 21, 23, 25, 27, 15, 29]
11: [14, 21, 23, 25, 27, 15, 29]
12: [14, 21, 23, 25, 27, 33, 15, 29]
13: []
14: [15, 29, 21, 34, 23, 14, 25, 27]
15: [15, 4, 14]
16: [15, 9]
17: [21, 23, 25, 27, 15, 29]
18: [21, 15]
19: [15, 21]
20: [33, 15, 21]
21: [9, 34, 15, 21, 33, 4]
22: [29, 15, 21, 34, 23, 25, 27]
23: [15, 4]
24: [9]
25: [23, 25, 27, 29]
26: [23]
27: [23]
28: [33, 23]
29: [9, 34, 23, 33, 4]
30: [29, 34, 23, 25, 27]
31: [4]
32: [9]
33: [25, 27, 29]
34: [25]
35: [25]
36: [33, 25]
37: [9, 34, 33, 25, 4]
38: [29, 34, 25, 27]
39: [4]
40: [9]
41: [27, 29]
42: [27]
43: [27]
44: [33, 27]
45: [9, 34, 33, 27, 4]
46: [29, 34, 27]
47: [4]
48: [9]
49: [29]
50: [29]
51: [29]
52: [33, 29]
53: [9, 34, 29, 33, 4]
54: [29, 34]
55: [4]
56: [9]
57: [9]
58: [9]
59: [9]
60: [9]
61: [9, 4]
62: [4]
63: [4]
14
0: [14, 11]
1: [14, 11]
2: [14, 11]
3: [14, 11]
4: [14, 11]
5: [14, 11]
6: [2, 14, 11]
7: [2, 14]
8: [14, 15, 11]
9: [14, 21, 23, 25, 27, 15, 29]
10: [14, 21, 23, 25, 27, 15, 29]
11: [14, 21, 23, 25, 27, 15, 29]
12: [14, 21, 23, 25, 27, 15, 29]
13: [14, 21, 23, 25, 27, 34, 15, 29]
14: []
15: [15, 2, 14]
16: [15, 11]
17: [21, 23, 25, 27, 15, 29]
18: [15, 21]
19: [15, 21]
20: [15, 21]
21: [34, 15, 21]
22: [11, 29, 15, 21, 34, 23, 2, 25, 27]
23: [15, 2]
24: [11]
25: [23, 25, 27, 29]
26: [23]
27: [23]
28: [23]
29: [34, 23]
30: [11, 29, 34, 23, 2, 25, 27]
31: [2]
32: [11]
33: [25, 27, 29]
34: [25]
35: [25]
36: [25]
37: [34, 25]
38: [11, 29, 34, 2, 25, 27]
39: [2]
40: [11]
41: [27, 29]
42: [27]
43: [27]
44: [27]
45: [34, 27]
46: [11, 29, 34, 2, 27]
47: [2]
48: [11]
49: [29]
50: [29]
51: [29]
52: [29]
53: [29, 34]
54: [11, 29, 34, 2]
55: [2]
56: [11]
57: [11]
58: [11]
59: [11]
60: [11]
61: [11]
62: [11, 2]
63: [2]
15
0: [13, 14]
1: [13, 14, 12]
2: [13, 14, 10, 12]
3: [13, 14, 8, 10, 12]
4: [13, 14, 6, 8, 10, 12]
5: [13, 14, 4, 6, 8, 10, 12]
6: [13, 2, 14, 4, 6, 8, 10, 12]
7: [13, 2, 14, 4, 6, 8, 10, 12]
8: [14, 13, 15]
9: [14, 15, 12]
10: [14, 15, 10]
11: [14, 15, 8]
12: [14, 15, 6]
13: [14, 4, 15]
14: [14, 2, 15]
15: []
16: [15, 13]
17: [15, 12]
18: [15, 10]
19: [15, 8]
20: [15, 6]
21: [15, 4]
22: [15, 2]
23: [2, 4, 6, 8, 10, 12, 15, 13]
24: [13]
25: [12]
26: [10]
27: [8]
28: [6]
29: [4]
30: [2]
31: [2, 4, 6, 8, 10, 12, 13]
32: [13]
33: [12]
34: [10]
35: [8]
36: [6]
37: [4]
38: [2]
39: [2, 4, 6, 8, 10, 12, 13]
40: [13]
41: [12]
42: [10]
43: [8]
44: [6]
45: [4]
46: [2]
47: [2, 4, 6, 8, 10, 12, 13]
48: [13]
49: [12]
50: [10]
51: [8]
52: [6]
53: [4]
54: [2]
55: [2, 4, 6, 8, 10, 12, 13]
56: [13]
57: [12, 13]
58: [10, 12, 13]
59: [8, 10, 12, 13]
60: [6, 8, 10, 12, 13]
61: [4, 6, 8, 10, 12, 13]
62: [2, 4, 6, 8, 10, 12, 13]
63: [2, 4, 6, 8, 10, 12, 13]
16
0: [1, 3, 5, 7, 9, 11, 13]
1: [1, 3, 5, 7, 9, 11, 13]
2: [3, 5, 7, 9, 11, 13]
3: [5, 7, 9, 11, 13]
4: [7, 9, 11, 13]
5: [9, 11, 13]
6: [11, 13]
7: [13]
8: [1, 3, 5, 7, 9, 11, 15, 13]
9: [15, 1]
10: [15, 3]
11: [15, 5]
12: [15, 7]
13: [15, 9]
14: [15, 11]
15: [15, 13]
16: []
17: [16, 1, 15]
18: [16, 3, 15]
19: [16, 5, 15]
20: [16, 7, 15]
21: [16, 9, 15]
22: [16, 11, 15]
23: [16, 15, 13]
24: [13, 1, 16, 3, 5, 7, 9, 11]
25: [1, 16]
26: [3, 16]
27: [5, 16]
28: [7, 16]
29: [9, 16]
30: [16, 11]
31: [16, 13]
32: [13, 1, 3, 5, 7, 9, 11]
33: [1]
34: [3]
35: [5]
36: [7]
37: [9]
38: [11]
39: [13]
40: [13, 1, 3, 5, 7, 9, 11]
41: [1]
42: [3]
43: [5]
44: [7]
45: [9]
46: [11]
47: [13]
48: [13, 1, 3, 5, 7, 9, 11]
49: [1]
50: [3]
51: [5]
52: [7]
53: [9]
54: [11]
55: [13]
56: [13, 1, 3, 5, 7, 9, 11]
57: [13, 1, 3, 5, 7, 9, 11]
58: [13, 3, 5, 7, 9, 11]
59: [13, 5, 7, 9, 11]
60: [13, 7, 9, 11]
61: [13, 9, 11]
62: [13, 11]
63: [13]
17
0: [1]
1: [12, 1]
2: [12]
3: [12]
4: [12]
5: [12]
6: [12]
7: [12]
8: [15, 1]
9: [12, 29, 15, 21, 30, 23, 1, 25, 27]
10: [29, 15, 21, 30, 23, 25, 27]
11: [29, 15, 21, 23, 25, 27]
12: [29, 15, 21, 23, 25, 27]
13: [29, 15, 21, 23, 25, 27]
14: [21, 29, 15, 23, 25, 27]
15: [12, 15]
16: [15, 1, 16]
17: []
18: [16, 21, 30, 15, 28]
19: [16, 21, 15, 28]
20: [16, 21, 15, 28]
21: [16, 21, 15, 28]
22: [16, 21, 23, 29, 25, 15, 27, 28]
23: [16, 12, 15]
24: [1, 16]
25: [1, 23, 25, 27, 28, 30, 16, 29, 12]
26: [23, 30, 16]
27: [23, 16]
28: [23, 16]
29: [23, 16]
30: [23, 16, 25, 29, 27, 28]
31: [16, 12]
32: [1]
33: [1, 25, 27, 28, 30, 29, 12]
34: [25, 30]
35: [25]
36: [25]
37: [25]
38: [25, 27, 29, 28]
39: [12]
40: [1]
41: [1, 27, 28, 30, 29, 12]
42: [27, 30]
43: [27]
44: [27]
45: [27]
46: [27, 28, 29]
47: [12]
48: [1]
49: [1, 28, 30, 29, 12]
50: [28, 30, 29]
51: [28, 29]
52: [28, 29]
53: [28, 29]
54: [28, 29]
55: [12]
56: [1]
57: [1, 12]
58: [12]
59: [12]
60: [12]
61: [12]
62: [12]
63: [12]
18
0: [3]
1: [3]
2: [10, 3]
3: [10]
4: [10]
5: [10]
6: [10]
7: [10]
8: [15, 3]
9: [30, 15, 21]
10: [10, 30, 15, 21, 31, 3]
11: [15, 21, 31]
12: [15, 21]
13: [21, 15]
14: [21, 15]
15: [10, 15]
16: [15, 3, 16]
17: [15, 28, 30, 21, 16]
18: []
19: [16, 21, 35, 37, 40, 31, 39, 15, 28]
20: [16, 21, 37, 40, 39, 15, 28]
21: [16, 21, 40, 39, 15, 28]
22: [16, 21, 15, 28]
23: [16, 10, 15]
24: [3, 16]
25: [28, 30, 16]
26: [3, 31, 39, 35, 40, 37, 16, 30, 10]
27: [35, 40, 31, 16]
28: [37, 40, 16]
29: [40, 16, 39]
30: [16, 28]
31: [16, 10]
32: [3]
33: [28, 30]
34: [3, 31, 39, 35, 37, 30, 10]
35: [35, 31]
36: [37]
37: [39]
38: [28]
39: [10]
40: [3]
41: [28, 30]
42: [3, 31, 39, 35, 37, 30, 10]
43: [35, 39, 31, 37]
44: [37, 39]
45: [39]
46: [28]
47: [10]
48: [3]
49: [28, 30]
50: [3, 31, 28, 30, 10]
51: [31, 28]
52: [28]
53: [28]
54: [28]
55: [10]
56: [3]
57: [3]
58: [3, 10]
59: [10]
60: [10]
61: [10]
62: [10]
63: [10]
19
0: [5]
1: [5]
2: [5]
3: [8, 5]
4: [8]
5: [8]
6: [8]
7: [8]
8: [15, 5]
9: [15, 21]
10: [31, 15, 21]
11: [8, 31, 15, 21, 32, 5]
12: [21, 15, 32]
13: [21, 15]
14: [21, 15]
15: [8, 15]
16: [15, 5, 16]
17: [15, 28, 21, 16]
18: [15, 28, 39, 31, 35, 40, 37, 21, 16]
19: []
20: [16, 21, 37, 38, 40, 32, 39, 15, 28]
21: [16, 21, 38, 40, 39, 15, 28]
22: [16, 21, 15, 28]
23: [16, 8, 15]
24: [5, 16]
25: [28, 16]
26: [39, 31, 35, 40, 37, 16]
27: [5, 32, 35, 40, 16, 38, 31, 8]
28: [37, 40, 16, 32]
29: [38, 40, 16, 39]
30: [16, 28]
31: [16, 8]
32: [5]
33: [28]
34: [39, 31, 35, 37]
35: [5, 32, 35, 38, 31, 8]
36: [37, 32]
37: [38, 39]
38: [28]
39: [8]
40: [5]
41: [28]
42: [35, 39, 31, 37]
43: [5, 32, 35, 37, 39, 38, 31, 8]
44: [37, 32, 38, 39]
45: [38, 39]
46: [28]
47: [8]
48: [5]
49: [28]
50: [28, 31]
51: [5, 32, 28, 31, 8]
52: [32, 28]
53: [28]
54: [28]
55: [8]
56: [5]
57: [5]
58: [5]
59: [5, 8]
60: [8]
61: [8]
62: [8]
63: [8]
20
0: [7]
1: [7]
2: [7]
3: [7]
4: [6, 7]
5: [6]
6: [6]
7: [6]
8: [15, 7]
9: [15, 21]
10: [15, 21]
11: [32, 21, 15]
12: [6, 32, 21, 15, 33, 7]
13: [21, 15, 33]
14: [21, 15]
15: [6, 15]
16: [15, 16, 7]
17: [15, 28, 21, 16]
18: [15, 28, 39, 40, 37, 21, 16]
19: [15, 28, 39, 32, 40, 37, 38, 21, 16]
20: []
21: [16, 21, 36, 38, 40, 33, 39, 15, 28]
22: [16, 21, 15, 28]
23: [16, 6, 15]
24: [16, 7]
25: [28, 16]
26: [39, 40, 37, 16]
27: [32, 40, 16, 38]
28: [7, 33, 37, 40, 16, 36, 32, 6]
29: [36, 38, 40, 16, 33, 39]
30: [16, 28]
31: [16, 6]
32: [7]
33: [28]
34: [39, 37]
35: [32, 38]
36: [7, 33, 37, 36, 32, 6]
37: [36, 38, 33, 39]
38: [28]
39: [6]
40: [7]
41: [28]
42: [37, 39]
43: [37, 32, 38, 39]
44: [7, 33, 37, 36, 38, 39, 32, 6]
45: [36, 38, 33, 39]
46: [28]
47: [6]
48: [7]
49: [28]
50: [28]
51: [32, 28]
52: [7, 33, 32, 28, 6]
53: [33, 28]
54: [28]
55: [6]
56: [7]
57: [7]
58: [7]
59: [7]
60: [7, 6]
61: [6]
62: [6]
63: [6]
21
0: [9]
1: [9]
2: [9]
3: [9]
4: [9]
5: [4, 9]
6: [4]
7: [4]
8: [15, 9]
9: [15, 21]
10: [21, 15]
11: [21, 15]
12: [33, 21, 15]
13: [4, 33, 21, 15, 34, 9]
14: [21, 34, 15]
15: [4, 15]
16: [15, 16, 9]
17: [15, 28, 21, 16]
18: [15, 28, 39, 40, 21, 16]
19: [15, 28, 39, 40, 38, 21, 16]
20: [15, 28, 39, 33, 36, 40, 38, 21, 16]
21: []
22: [16, 21, 34, 15, 28]
23: [16, 4, 15]
24: [16, 9]
25: [28, 16]
26: [39, 40, 16]
27: [40, 16, 38]
28: [40, 33, 16, 36]
29: [9, 34, 36, 38, 40, 16, 33, 39, 4]
30: [16, 34, 28]
31: [16, 4]
32: [9]
33: [28]
34: [39]
35: [38]
36: [33, 36]
37: [9, 34, 36, 38, 33, 39, 4]
38: [34, 28]
39: [4]
40: [9]
41: [28]
42: [39]
43: [38, 39]
44: [36, 38, 33, 39]
45: [9, 34, 36, 38, 33, 39, 4]
46: [34, 28]
47: [4]
48: [9]
49: [28]
50: [28]
51: [28]
52: [33, 28]
53: [9, 34, 33, 28, 4]
54: [34, 28]
55: [4]
56: [9]
57: [9]
58: [9]
59: [9]
60: [9]
61: [9, 4]
62: [4]
63: [4]
22
0: [11]
1: [11]
2: [11]
3: [11]
4: [11]
5: [11]
6: [2, 11]
7: [2]
8: [15, 11]
9: [21, 23, 25, 27, 15, 29]
10: [21, 23, 25, 27, 15, 29]
11: [21, 23, 25, 27, 15, 29]
12: [21, 23, 25, 27, 15, 29]
13: [21, 23, 25, 27, 34, 15, 29]
14: [2, 21, 23, 25, 27, 34, 15, 29, 11]
15: [2, 15]
16: [15, 16, 11]
17: [15, 28, 21, 23, 25, 27, 16, 29]
18: [15, 28, 21, 16]
19: [15, 28, 21, 16]
20: [15, 28, 21, 16]
21: [15, 28, 34, 21, 16]
22: []
23: [16, 2, 15]
24: [16, 11]
25: [28, 16, 23, 25, 27, 29]
26: [16, 23]
27: [16, 23]
28: [16, 23]
29: [16, 34, 23]
30: [11, 29, 16, 34, 23, 2, 25, 27, 28]
31: [16, 2]
32: [11]
33: [28, 25, 27, 29]
34: [25]
35: [25]
36: [25]
37: [34, 25]
38: [11, 29, 34, 2, 25, 27, 28]
39: [2]
40: [11]
41: [28, 27, 29]
42: [27]
43: [27]
44: [27]
45: [34, 27]
46: [11, 29, 34, 2, 27, 28]
47: [2]
48: [11]
49: [28, 29]
50: [29, 28]
51: [29, 28]
52: [29, 28]
53: [29, 34, 28]
54: [11, 29, 34, 2, 28]
55: [2]
56: [11]
57: [11]
58: [11]
59: [11]
60: [11]
61: [11]
62: [11, 2]
63: [2]
23
0: [13]
1: [13, 12]
2: [13, 10, 12]
3: [13, 8, 10, 12]
4: [13, 6, 8, 10, 12]
5: [13, 4, 6, 8, 10, 12]
6: [13, 2, 4, 6, 8, 10, 12]
7: [13, 2, 4, 6, 8, 10, 12]
8: [15, 13]
9: [15, 12]
10: [15, 10]
11: [15, 8]
12: [15, 6]
13: [4, 15]
14: [2, 15]
15: [13, 2, 15, 4, 6, 8, 10, 12]
16: [15, 16, 13]
17: [15, 16, 12]
18: [15, 16, 10]
19: [15, 16, 8]
20: [15, 6, 16]
21: [15, 4, 16]
22: [15, 2, 16]
23: []
24: [16, 13]
25: [16, 12]
26: [16, 10]
27: [16, 8]
28: [16, 6]
29: [16, 4]
30: [16, 2]
31: [2, 4, 6, 8, 10, 12, 16, 13]
32: [13]
33: [12]
34: [10]
35: [8]
36: [6]
37: [4]
38: [2]
39: [2, 4, 6, 8, 10, 12, 13]
40: [13]
41: [12]
42: [10]
43: [8]
44: [6]
45: [4]
46: [2]
47: [2, 4, 6, 8, 10, 12, 13]
48: [13]
49: [12]
50: [10]
51: [8]
52: [6]
53: [4]
54: [2]
55: [2, 4, 6, 8, 10, 12, 13]
56: [13]
57: [12, 13]
58: [10, 12, 13]
59: [8, 10, 12, 13]
60: [6, 8, 10, 12, 13]
61: [4, 6, 8, 10, 12, 13]
62: [2, 4, 6, 8, 10, 12, 13]
63: [2, 4, 6, 8, 10, 12, 13]
24
0: [1, 3, 5, 7, 9, 11, 13]
1: [1, 3, 5, 7, 9, 11, 13]
2: [3, 5, 7, 9, 11, 13]
3: [5, 7, 9, 11, 13]
4: [7, 9, 11, 13]
5: [9, 11, 13]
6: [11, 13]
7: [13]
8: [1, 3, 5, 7, 9, 11, 13]
9: [1]
10: [3]
11: [5]
12: [7]
13: [9]
14: [11]
15: [13]
16: [1, 3, 5, 7, 9, 11, 16, 13]
17: [16, 1]
18: [16, 3]
19: [16, 5]
20: [16, 7]
21: [16, 9]
22: [16, 11]
23: [16, 13]
24: []
25: [17, 1, 16]
26: [17, 3, 16]
27: [17, 5, 16]
28: [17, 7, 16]
29: [17, 9, 16]
30: [17, 16, 11]
31: [17, 16, 13]
32: [13, 1, 17, 3, 5, 7, 9, 11]
33: [1, 17]
34: [3, 17]
35: [5, 17]
36: [7, 17]
37: [17, 9]
38: [17, 11]
39: [17, 13]
40: [13, 1, 3, 5, 7, 9, 11]
41: [1]
42: [3]
43: [5]
44: [7]
45: [9]
46: [11]
47: [13]
48: [13, 1, 3, 5, 7, 9, 11]
49: [1]
50: [3]
51: [5]
52: [7]
53: [9]
54: [11]
55: [13]
56: [13, 1, 3, 5, 7, 9, 11]
57: [13, 1, 3, 5, 7, 9, 11]
58: [13, 3, 5, 7, 9, 11]
59: [13, 5, 7, 9, 11]
60: [13, 7, 9, 11]
61: [13, 9, 11]
62: [13, 11]
63: [13]
25
0: [1]
1: [12, 1]
2: [12]
3: [12]
4: [12]
5: [12]
6: [12]
7: [12]
8: [1]
9: [12, 29, 30, 23, 1, 25, 27]
10: [29, 30, 23, 25, 27]
11: [29, 23, 25, 27]
12: [29, 23, 25, 27]
13: [29, 23, 25, 27]
14: [23, 29, 25, 27]
15: [12]
16: [16, 1]
17: [12, 29, 16, 30, 23, 1, 25, 27, 28]
18: [16, 30, 28]
19: [16, 28]
20: [16, 28]
21: [16, 28]
22: [23, 16, 25, 29, 27, 28]
23: [16, 12]
24: [16, 1, 17]
25: []
26: [17, 23, 30, 16, 26]
27: [17, 23, 16, 26]
28: [17, 23, 16, 26]
29: [17, 23, 16, 26]
30: [17, 23, 25, 27, 29, 16, 26, 28]
31: [17, 16, 12]
32: [1, 17]
33: [1, 25, 26, 27, 28, 30, 17, 29, 12]
34: [25, 30, 17]
35: [25, 17]
36: [25, 17]
37: [25, 17]
38: [25, 17, 27, 26, 28, 29]
39: [17, 12]
40: [1]
41: [1, 26, 27, 28, 30, 29, 12]
42: [27, 30]
43: [27]
44: [27]
45: [27]
46: [27, 26, 28, 29]
47: [12]
48: [1]
49: [1, 26, 28, 30, 29, 12]
50: [26, 28, 30, 29]
51: [26, 28, 29]
52: [26, 28, 29]
53: [26, 28, 29]
54: [26, 28, 29]
55: [12]
56: [1]
57: [1, 12]
58: [12]
59: [12]
60: [12]
61: [12]
62: [12]
63: [12]
26
0: [3]
1: [3]
2: [10, 3]
3: [10]
4: [10]
5: [10]
6: [10]
7: [10]
8: [3]
9: [30, 23]
10: [10, 30, 23, 31, 3]
11: [23, 31]
12: [23]
13: [23]
14: [23]
15: [10]
16: [16, 3]
17: [16, 30, 23]
18: [10, 30, 35, 37, 40, 16, 31, 39, 3]
19: [35, 37, 40, 16, 31, 39]
20: [37, 40, 16, 39]
21: [40, 16, 39]
22: [23, 16]
23: [10, 16]
24: [16, 3, 17]
25: [16, 26, 30, 23, 17]
26: []
27: [17, 23, 41, 35, 31, 40, 16, 26]
28: [17, 23, 41, 37, 40, 16, 26]
29: [17, 23, 41, 40, 39, 16, 26]
30: [17, 23, 16, 26]
31: [17, 10, 16]
32: [3, 17]
33: [26, 30, 17]
34: [3, 31, 39, 35, 41, 37, 17, 30, 10]
35: [35, 31, 41, 17]
36: [37, 41, 17]
37: [41, 39, 17]
38: [17, 26]
39: [17, 10]
40: [3]
41: [26, 30]
42: [3, 31, 39, 35, 37, 30, 10]
43: [39, 31, 35, 37]
44: [39, 37]
45: [39]
46: [26]
47: [10]
48: [3]
49: [26, 30]
50: [3, 31, 26, 30, 10]
51: [31, 26]
52: [26]
53: [26]
54: [26]
55: [10]
56: [3]
57: [3]
58: [3, 10]
59: [10]
60: [10]
61: [10]
62: [10]
63: [10]
27
0: [5]
1: [5]
2: [5]
3: [8, 5]
4: [8]
5: [8]
6: [8]
7: [8]
8: [5]
9: [23]
10: [31, 23]
11: [8, 31, 23, 32, 5]
12: [23, 32]
13: [23]
14: [23]
15: [8]
16: [16, 5]
17: [16, 23]
18: [40, 31, 16, 35]
19: [8, 31, 38, 40, 16, 35, 32, 5]
20: [38, 40, 16, 32]
21: [38, 40, 16]
22: [23, 16]
23: [8, 16]
24: [16, 5, 17]
25: [16, 26, 23, 17]
26: [16, 26, 40, 31, 35, 41, 23, 17]
27: []
28: [17, 23, 41, 43, 44, 32, 40, 16, 26]
29: [17, 23, 41, 38, 40, 16, 26]
30: [17, 23, 16, 26]
31: [17, 8, 16]
32: [5, 17]
33: [26, 17]
34: [35, 31, 41, 17]
35: [5, 32, 35, 44, 43, 41, 17, 38, 31, 8]
36: [43, 44, 41, 32, 17]
37: [41, 38, 17]
38: [17, 26]
39: [17, 8]
40: [5]
41: [26]
42: [35, 31]
43: [5, 32, 35, 38, 31, 8]
44: [32, 38]
45: [38]
46: [26]
47: [8]
48: [5]
49: [26]
50: [26, 31]
51: [5, 32, 26, 31, 8]
52: [32, 26]
53: [26]
54: [26]
55: [8]
56: [5]
57: [5]
58: [5]
59: [5, 8]
60: [8]
61: [8]
62: [8]
63: [8]
28
0: [7]
1: [7]
2: [7]
3: [7]
4: [6, 7]
5: [6]
6: [6]
7: [6]
8: [7]
9: [23]
10: [23]
11: [32, 23]
12: [6, 32, 23, 33, 7]
13: [23, 33]
14: [23]
15: [6]
16: [16, 7]
17: [16, 23]
18: [40, 16, 37]
19: [32, 40, 16, 37]
20: [6, 32, 36, 40, 16, 37, 33, 7]
21: [36, 40, 33, 16]
22: [23, 16]
23: [6, 16]
24: [16, 7, 17]
25: [16, 26, 23, 17]
26: [16, 26, 40, 37, 41, 23, 17]
27: [16, 26, 40, 44, 43, 32, 41, 23, 17]
28: []
29: [17, 23, 41, 36, 33, 40, 16, 26]
30: [17, 23, 16, 26]
31: [17, 6, 16]
32: [7, 17]
33: [26, 17]
34: [37, 41, 17]
35: [43, 44, 41, 32, 17]
36: [7, 33, 37, 43, 41, 44, 17, 36, 32, 6]
37: [41, 36, 17, 33]
38: [17, 26]
39: [17, 6]
40: [7]
41: [26]
42: [37]
43: [37, 32]
44: [7, 33, 37, 36, 32, 6]
45: [33, 36]
46: [26]
47: [6]
48: [7]
49: [26]
50: [26]
51: [26, 32]
52: [7, 33, 26, 32, 6]
53: [33, 26]
54: [26]
55: [6]
56: [7]
57: [7]
58: [7]
59: [7]
60: [7, 6]
61: [6]
62: [6]
63: [6]
29
0: [9]
1: [9]
2: [9]
3: [9]
4: [9]
5: [4, 9]
6: [4]
7: [4]
8: [9]
9: [23]
10: [23]
11: [23]
12: [33, 23]
13: [4, 33, 23, 34, 9]
14: [23, 34]
15: [4]
16: [16, 9]
17: [16, 23]
18: [39, 40, 16]
19: [39, 40, 38, 16]
20: [39, 33, 36, 40, 38, 16]
21: [4, 33, 39, 36, 40, 38, 16, 34, 9]
22: [23, 34, 16]
23: [4, 16]
24: [16, 17, 9]
25: [16, 26, 23, 17]
26: [16, 26, 40, 39, 41, 23, 17]
27: [16, 26, 40, 38, 41, 23, 17]
28: [16, 26, 40, 33, 36, 41, 23, 17]
29: []
30: [17, 23, 34, 16, 26]
31: [17, 4, 16]
32: [17, 9]
33: [26, 17]
34: [41, 39, 17]
35: [41, 38, 17]
36: [41, 36, 17, 33]
37: [9, 34, 36, 38, 41, 17, 33, 39, 4]
38: [17, 34, 26]
39: [17, 4]
40: [9]
41: [26]
42: [39]
43: [38, 39]
44: [36, 38, 33, 39]
45: [9, 34, 36, 38, 33, 39, 4]
46: [34, 26]
47: [4]
48: [9]
49: [26]
50: [26]
51: [26]
52: [33, 26]
53: [9, 34, 33, 26, 4]
54: [34, 26]
55: [4]
56: [9]
57: [9]
58: [9]
59: [9]
60: [9]
61: [9, 4]
62: [4]
63: [4]
30
0: [11]
1: [11]
2: [11]
3: [11]
4: [11]
5: [11]
6: [2, 11]
7: [2]
8: [11]
9: [23, 25, 27, 29]
10: [23, 25, 27, 29]
11: [23, 25, 27, 29]
12: [23, 25, 27, 29]
13: [23, 25, 27, 34, 29]
14: [2, 23, 25, 27, 34, 29, 11]
15: [2]
16: [16, 11]
17: [28, 16, 23, 25, 27, 29]
18: [28, 16]
19: [28, 16]
20: [28, 16]
21: [28, 34, 16]
22: [2, 23, 25, 27, 28, 34, 16, 29, 11]
23: [2, 16]
24: [16, 17, 11]
25: [16, 26, 28, 23, 25, 27, 17, 29]
26: [16, 26, 23, 17]
27: [16, 26, 23, 17]
28: [16, 26, 23, 17]
29: [16, 26, 34, 23, 17]
30: []
31: [17, 2, 16]
32: [17, 11]
33: [26, 17, 28, 25, 27, 29]
34: [17, 25]
35: [17, 25]
36: [17, 25]
37: [17, 34, 25]
38: [11, 29, 17, 34, 2, 25, 26, 27, 28]
39: [17, 2]
40: [11]
41: [26, 28, 29, 27]
42: [27]
43: [27]
44: [27]
45: [34, 27]
46: [11, 29, 34, 2, 26, 27, 28]
47: [2]
48: [11]
49: [26, 29, 28]
50: [29, 26, 28]
51: [29, 26, 28]
52: [29, 26, 28]
53: [29, 34, 26, 28]
54: [11, 29, 34, 2, 26, 28]
55: [2]
56: [11]
57: [11]
58: [11]
59: [11]
60: [11]
61: [11]
62: [11, 2]
63: [2]
31
0: [13]
1: [13, 12]
2: [13, 10, 12]
3: [13, 8, 10, 12]
4: [13, 6, 8, 10, 12]
5: [13, 4, 6, 8, 10, 12]
6: [13, 2, 4, 6, 8, 10, 12]
7: [13, 2, 4, 6, 8, 10, 12]
8: [13]
9: [12]
10: [10]
11: [8]
12: [6]
13: [4]
14: [2]
15: [13, 2, 4, 6, 8, 10, 12]
16: [16, 13]
17: [16, 12]
18: [16, 10]
19: [16, 8]
20: [6, 16]
21: [4, 16]
22: [2, 16]
23: [13, 2, 16, 4, 6, 8, 10, 12]
24: [16, 17, 13]
25: [16, 17, 12]
26: [16, 17, 10]
27: [16, 8, 17]
28: [16, 6, 17]
29: [16, 4, 17]
30: [16, 2, 17]
31: []
32: [17, 13]
33: [17, 12]
34: [17, 10]
35: [17, 8]
36: [17, 6]
37: [17, 4]
38: [17, 2]
39: [2, 4, 6, 8, 10, 12, 17, 13]
40: [13]
41: [12]
42: [10]
43: [8]
44: [6]
45: [4]
46: [2]
47: [2, 4, 6, 8, 10, 12, 13]
48: [13]
49: [12]
50: [10]
51: [8]
52: [6]
53: [4]
54: [2]
55: [2, 4, 6, 8, 10, 12, 13]
56: [13]
57: [12, 13]
58: [10, 12, 13]
59: [8, 10, 12, 13]
60: [6, 8, 10, 12, 13]
61: [4, 6, 8, 10, 12, 13]
62: [2, 4, 6, 8, 10, 12, 13]
63: [2, 4, 6, 8, 10, 12, 13]
32
0: [1, 3, 5, 7, 9, 11, 13]
1: [1, 3, 5, 7, 9, 11, 13]
2: [3, 5, 7, 9, 11, 13]
3: [5, 7, 9, 11, 13]
4: [7, 9, 11, 13]
5: [9, 11, 13]
6: [11, 13]
7: [13]
8: [1, 3, 5, 7, 9, 11, 13]
9: [1]
10: [3]
11: [5]
12: [7]
13: [9]
14: [11]
15: [13]
16: [1, 3, 5, 7, 9, 11, 13]
17: [1]
18: [3]
19: [5]
20: [7]
21: [9]
22: [11]
23: [13]
24: [1, 3, 5, 7, 9, 11, 17, 13]
25: [17, 1]
26: [17, 3]
27: [17, 5]
28: [17, 7]
29: [17, 9]
30: [17, 11]
31: [17, 13]
32: []
33: [18, 1, 17]
34: [18, 3, 17]
35: [18, 5, 17]
36: [18, 7, 17]
37: [18, 17, 9]
38: [18, 17, 11]
39: [18, 17, 13]
40: [13, 1, 18, 3, 5, 7, 9, 11]
41: [1, 18]
42: [3, 18]
43: [5, 18]
44: [18, 7]
45: [18, 9]
46: [18, 11]
47: [18, 13]
48: [13, 1, 3, 5, 7, 9, 11]
49: [1]
50: [3]
51: [5]
52: [7]
53: [9]
54: [11]
55: [13]
56: [13, 1, 3, 5, 7, 9, 11]
57: [13, 1, 3, 5, 7, 9, 11]
58: [13, 3, 5, 7, 9, 11]
59: [13, 5, 7, 9, 11]
60: [13, 7, 9, 11]
61: [13, 9, 11]
62: [13, 11]
63: [13]
33
0: [1]
1: [12, 1]
2: [12]
3: [12]
4: [12]
5: [12]
6: [12]
7: [12]
8: [1]
9: [12, 29, 30, 1, 25, 27]
10: [29, 30, 25, 27]
11: [29, 25, 27]
12: [29, 25, 27]
13: [29, 25, 27]
14: [25, 29, 27]
15: [12]
16: [1]
17: [12, 29, 30, 1, 25, 27, 28]
18: [30, 28]
19: [28]
20: [28]
21: [28]
22: [25, 27, 29, 28]
23: [12]
24: [17, 1]
25: [12, 29, 17, 30, 1, 25, 26, 27, 28]
26: [17, 30, 26]
27: [17, 26]
28: [17, 26]
29: [17, 26]
30: [25, 17, 27, 26, 28, 29]
31: [17, 12]
32: [17, 1, 18]
33: []
34: [18, 25, 30, 24, 17]
35: [18, 25, 24, 17]
36: [18, 25, 24, 17]
37: [18, 25, 24, 17]
38: [18, 25, 27, 24, 26, 28, 17, 29]
39: [18, 17, 12]
40: [1, 18]
41: [1, 24, 26, 27, 28, 30, 18, 29, 12]
42: [27, 30, 18]
43: [27, 18]
44: [27, 18]
45: [27, 18]
46: [27, 18, 24, 26, 28, 29]
47: [18, 12]
48: [1]
49: [1, 24, 26, 28, 30, 29, 12]
50: [24, 26, 28, 30, 29]
51: [24, 26, 28, 29]
52: [24, 26, 28, 29]
53: [24, 26, 28, 29]
54: [24, 26, 28, 29]
55: [12]
56: [1]
57: [1, 12]
58: [12]
59: [12]
60: [12]
61: [12]
62: [12]
63: [12]
34
0: [3]
1: [3]
2: [10, 3]
3: [10]
4: [10]
5: [10]
6: [10]
7: [10]
8: [3]
9: [30, 25]
10: [10, 30, 31, 25, 3]
11: [31, 25]
12: [25]
13: [25]
14: [25]
15: [10]
16: [3]
17: [30, 25]
18: [10, 30, 35, 37, 31, 39, 3]
19: [35, 37, 31, 39]
20: [37, 39]
21: [39]
22: [25]
23: [10]
24: [17, 3]
25: [17, 30, 25]
26: [10, 30, 35, 37, 41, 17, 31, 39, 3]
27: [41, 35, 17, 31]
28: [41, 37, 17]
29: [41, 39, 17]
30: [25, 17]
31: [17, 10]
32: [17, 3, 18]
33: [17, 24, 30, 18, 25]
34: []
35: [18, 25, 42, 31, 35, 41, 24, 17]
36: [18, 25, 42, 37, 41, 24, 17]
37: [18, 25, 42, 39, 41, 24, 17]
38: [18, 25, 24, 17]
39: [18, 17, 10]
40: [3, 18]
41: [24, 30, 18]
42: [3, 31, 39, 35, 42, 37, 18, 30, 10]
43: [39, 31, 35, 42, 37, 18]
44: [39, 42, 37, 18]
45: [39, 42, 18]
46: [18, 24]
47: [18, 10]
48: [3]
49: [24, 30]
50: [3, 31, 24, 30, 10]
51: [31, 24]
52: [24]
53: [24]
54: [24]
55: [10]
56: [3]
57: [3]
58: [3, 10]
59: [10]
60: [10]
61: [10]
62: [10]
63: [10]
35
0: [5]
1: [5]
2: [5]
3: [8, 5]
4: [8]
5: [8]
6: [8]
7: [8]
8: [5]
9: [25]
10: [31, 25]
11: [8, 31, 25, 32, 5]
12: [25, 32]
13: [25]
14: [25]
15: [8]
16: [5]
17: [25]
18: [31, 35]
19: [8, 31, 38, 35, 32, 5]
20: [38, 32]
21: [38]
22: [25]
23: [8]
24: [17, 5]
25: [17, 25]
26: [41, 35, 17, 31]
27: [8, 31, 38, 43, 41, 44, 17, 35, 32, 5]
28: [43, 44, 41, 32, 17]
29: [38, 41, 17]
30: [25, 17]
31: [8, 17]
32: [17, 5, 18]
33: [17, 24, 18, 25]
34: [17, 24, 41, 35, 31, 42, 18, 25]
35: []
36: [18, 25, 42, 44, 43, 32, 41, 24, 17]
37: [18, 25, 42, 38, 41, 24, 17]
38: [18, 25, 24, 17]
39: [18, 8, 17]
40: [5, 18]
41: [24, 18]
42: [35, 42, 31, 18]
43: [5, 32, 35, 42, 18, 38, 31, 8]
44: [32, 42, 18, 38]
45: [42, 18, 38]
46: [18, 24]
47: [18, 8]
48: [5]
49: [24]
50: [24, 31]
51: [5, 32, 24, 31, 8]
52: [32, 24]
53: [24]
54: [24]
55: [8]
56: [5]
57: [5]
58: [5]
59: [5, 8]
60: [8]
61: [8]
62: [8]
63: [8]
36
0: [7]
1: [7]
2: [7]
3: [7]
4: [6, 7]
5: [6]
6: [6]
7: [6]
8: [7]
9: [25]
10: [25]
11: [32, 25]
12: [6, 32, 25, 33, 7]
13: [25, 33]
14: [25]
15: [6]
16: [7]
17: [25]
18: [37]
19: [32, 37]
20: [6, 32, 36, 37, 33, 7]
21: [36, 33]
22: [25]
23: [6]
24: [17, 7]
25: [17, 25]
26: [41, 37, 17]
27: [43, 44, 41, 32, 17]
28: [6, 32, 36, 44, 43, 41, 17, 37, 33, 7]
29: [36, 33, 41, 17]
30: [25, 17]
31: [6, 17]
32: [17, 7, 18]
33: [17, 24, 18, 25]
34: [17, 24, 41, 37, 42, 18, 25]
35: [17, 24, 41, 43, 44, 32, 42, 18, 25]
36: []
37: [18, 25, 42, 33, 36, 41, 24, 17]
38: [18, 25, 24, 17]
39: [18, 6, 17]
40: [7, 18]
41: [24, 18]
42: [37, 42, 18]
43: [37, 42, 18, 32]
44: [7, 33, 37, 42, 18, 36, 32, 6]
45: [42, 33, 18, 36]
46: [18, 24]
47: [18, 6]
48: [7]
49: [24]
50: [24]
51: [24, 32]
52: [7, 33, 24, 32, 6]
53: [33, 24]
54: [24]
55: [6]
56: [7]
57: [7]
58: [7]
59: [7]
60: [7, 6]
61: [6]
62: [6]
63: [6]
37
0: [9]
1: [9]
2: [9]
3: [9]
4: [9]
5: [4, 9]
6: [4]
7: [4]
8: [9]
9: [25]
10: [25]
11: [25]
12: [33, 25]
13: [4, 33, 25, 34, 9]
14: [25, 34]
15: [4]
16: [9]
17: [25]
18: [39]
19: [39, 38]
20: [39, 33, 36, 38]
21: [4, 33, 39, 36, 38, 34, 9]
22: [25, 34]
23: [4]
24: [17, 9]
25: [17, 25]
26: [41, 39, 17]
27: [38, 41, 17]
28: [36, 33, 41, 17]
29: [4, 33, 39, 36, 41, 38, 17, 34, 9]
30: [25, 34, 17]
31: [4, 17]
32: [17, 9, 18]
33: [17, 24, 18, 25]
34: [17, 24, 41, 42, 39, 18, 25]
35: [17, 24, 41, 38, 42, 18, 25]
36: [17, 24, 41, 36, 33, 42, 18, 25]
37: []
38: [18, 25, 34, 24, 17]
39: [18, 4, 17]
40: [9, 18]
41: [24, 18]
42: [42, 18, 39]
43: [38, 42, 18, 39]
44: [36, 38, 42, 18, 33, 39]
45: [9, 34, 36, 38, 42, 18, 33, 39, 4]
46: [18, 34, 24]
47: [18, 4]
48: [9]
49: [24]
50: [24]
51: [24]
52: [24, 33]
53: [9, 34, 24, 33, 4]
54: [34, 24]
55: [4]
56: [9]
57: [9]
58: [9]
59: [9]
60: [9]
61: [9, 4]
62: [4]
63: [4]
38
0: [11]
1: [11]
2: [11]
3: [11]
4: [11]
5: [11]
6: [2, 11]
7: [2]
8: [11]
9: [25, 27, 29]
10: [25, 27, 29]
11: [25, 27, 29]
12: [25, 27, 29]
13: [25, 27, 34, 29]
14: [2, 25, 27, 34, 29, 11]
15: [2]
16: [11]
17: [28, 25, 27, 29]
18: [28]
19: [28]
20: [28]
21: [28, 34]
22: [2, 25, 27, 28, 34, 29, 11]
23: [2]
24: [17, 11]
25: [26, 17, 28, 25, 27, 29]
26: [26, 17]
27: [26, 17]
28: [26, 17]
29: [26, 34, 17]
30: [2, 25, 26, 27, 28, 34, 17, 29, 11]
31: [2, 17]
32: [17, 18, 11]
33: [17, 24, 26, 28, 29, 18, 25, 27]
34: [17, 24, 18, 25]
35: [17, 24, 18, 25]
36: [17, 24, 18, 25]
37: [17, 24, 34, 18, 25]
38: []
39: [18, 2, 17]
40: [18, 11]
41: [24, 18, 26, 29, 28, 27]
42: [18, 27]
43: [18, 27]
44: [18, 27]
45: [18, 34, 27]
46: [11, 29, 18, 34, 24, 2, 26, 27, 28]
47: [18, 2]
48: [11]
49: [24, 29, 26, 28]
50: [29, 24, 26, 28]
51: [29, 24, 26, 28]
52: [29, 24, 26, 28]
53: [29, 34, 24, 26, 28]
54: [11, 29, 34, 24, 2, 26, 28]
55: [2]
56: [11]
57: [11]
58: [11]
59: [11]
60: [11]
61: [11]
62: [11, 2]
63: [2]
39
0: [13]
1: [13, 12]
2: [13, 10, 12]
3: [13, 8, 10, 12]
4: [13, 6, 8, 10, 12]
5: [13, 4, 6, 8, 10, 12]
6: [13, 2, 4, 6, 8, 10, 12]
7: [13, 2, 4, 6, 8, 10, 12]
8: [13]
9: [12]
10: [10]
11: [8]
12: [6]
13: [4]
14: [2]
15: [13, 2, 4, 6, 8, 10, 12]
16: [13]
17: [12]
18: [10]
19: [8]
20: [6]
21: [4]
22: [2]
23: [13, 2, 4, 6, 8, 10, 12]
24: [17, 13]
25: [17, 12]
26: [17, 10]
27: [8, 17]
28: [6, 17]
29: [4, 17]
30: [2, 17]
31: [13, 2, 17, 4, 6, 8, 10, 12]
32: [17, 18, 13]
33: [17, 18, 12]
34: [17, 10, 18]
35: [17, 8, 18]
36: [17, 6, 18]
37: [17, 4, 18]
38: [17, 2, 18]
39: []
40: [18, 13]
41: [18, 12]
42: [18, 10]
43: [18, 8]
44: [18, 6]
45: [18, 4]
46: [18, 2]
47: [2, 4, 6, 8, 10, 12, 18, 13]
48: [13]
49: [12]
50: [10]
51: [8]
52: [6]
53: [4]
54: [2]
55: [2, 4, 6, 8, 10, 12, 13]
56: [13]
57: [12, 13]
58: [10, 12, 13]
59: [8, 10, 12, 13]
60: [6, 8, 10, 12, 13]
61: [4, 6, 8, 10, 12, 13]
62: [2, 4, 6, 8, 10, 12, 13]
63: [2, 4, 6, 8, 10, 12, 13]
40
0: [1, 3, 5, 7, 9, 11, 13]
1: [1, 3, 5, 7, 9, 11, 13]
2: [3, 5, 7, 9, 11, 13]
3: [5, 7, 9, 11, 13]
4: [7, 9, 11, 13]
5: [9, 11, 13]
6: [11, 13]
7: [13]
8: [1, 3, 5, 7, 9, 11, 13]
9: [1]
10: [3]
11: [5]
12: [7]
13: [9]
14: [11]
15: [13]
16: [1, 3, 5, 7, 9, 11, 13]
17: [1]
18: [3]
19: [5]
20: [7]
21: [9]
22: [11]
23: [13]
24: [1, 3, 5, 7, 9, 11, 13]
25: [1]
26: [3]
27: [5]
28: [7]
29: [9]
30: [11]
31: [13]
32: [1, 3, 5, 7, 9, 11, 18, 13]
33: [18, 1]
34: [18, 3]
35: [18, 5]
36: [18, 7]
37: [18, 9]
38: [18, 11]
39: [18, 13]
40: []
41: [19, 1, 18]
42: [19, 3, 18]
43: [19, 5, 18]
44: [19, 18, 7]
45: [19, 18, 9]
46: [19, 18, 11]
47: [19, 18, 13]
48: [13, 1, 19, 3, 5, 7, 9, 11]
49: [1, 19]
50: [3, 19]
51: [19, 5]
52: [19, 7]
53: [19, 9]
54: [19, 11]
55: [19, 13]
56: [13, 1, 3, 5, 7, 9, 11]
57: [13, 1, 3, 5, 7, 9, 11]
58: [13, 3, 5, 7, 9, 11]
59: [13, 5, 7, 9, 11]
60: [13, 7, 9, 11]
61: [13, 9, 11]
62: [13, 11]
63: [13]
41
0: [1]
1: [12, 1]
2: [12]
3: [12]
4: [12]
5: [12]
6: [12]
7: [12]
8: [1]
9: [12, 29, 30, 1, 27]
10: [29, 30, 27]
11: [29, 27]
12: [29, 27]
13: [29, 27]
14: [27, 29]
15: [12]
16: [1]
17: [12, 29, 30, 1, 27, 28]
18: [30, 28]
19: [28]
20: [28]
21: [28]
22: [27, 28, 29]
23: [12]
24: [1]
25: [12, 29, 30, 1, 26, 27, 28]
26: [30, 26]
27: [26]
28: [26]
29: [26]
30: [27, 26, 28, 29]
31: [12]
32: [18, 1]
33: [12, 29, 18, 30, 24, 1, 26, 27, 28]
34: [18, 30, 24]
35: [18, 24]
36: [18, 24]
37: [18, 24]
38: [27, 18, 24, 26, 28, 29]
39: [18, 12]
40: [18, 1, 19]
41: []
42: [19, 27, 30, 22, 18]
43: [19, 27, 22, 18]
44: [19, 27, 22, 18]
45: [19, 27, 22, 18]
46: [19, 27, 22, 24, 26, 28, 18, 29]
47: [19, 18, 12]
48: [1, 19]
49: [1, 22, 24, 26, 28, 30, 19, 29, 12]
50: [22, 24, 26, 28, 30, 19, 29]
51: [22, 24, 26, 28, 19, 29]
52: [22, 24, 26, 28, 19, 29]
53: [22, 24, 26, 28, 19, 29]
54: [22, 24, 26, 28, 19, 29]
55: [19, 12]
56: [1]
57: [1, 12]
58: [12]
59: [12]
60: [12]
61: [12]
62: [12]
63: [12]
42
0: [3]
1: [3]
2: [10, 3]
3: [10]
4: [10]
5: [10]
6: [10]
7: [10]
8: [3]
9: [30, 27]
10: [10, 30, 31, 27, 3]
11: [31, 27]
12: [27]
13: [27]
14: [27]
15: [10]
16: [3]
17: [30, 27]
18: [10, 30, 35, 37, 31, 39, 3]
19: [35, 37, 31, 39]
20: [37, 39]
21: [39]
22: [27]
23: [10]
24: [3]
25: [30, 27]
26: [10, 30, 35, 37, 31, 39, 3]
27: [31, 35]
28: [37]
29: [39]
30: [27]
31: [10]
32: [18, 3]
33: [18, 30, 27]
34: [10, 30, 35, 37, 42, 18, 31, 39, 3]
35: [42, 31, 18, 35]
36: [42, 18, 37]
37: [39, 42, 18]
38: [27, 18]
39: [18, 10]
40: [18, 3, 19]
41: [18, 22, 30, 19, 27]
42: []
43: [19, 27, 39, 31, 35, 42, 37, 22, 18]
44: [19, 27, 39, 42, 37, 22, 18]
45: [19, 27, 39, 42, 22, 18]
46: [19, 27, 22, 18]
47: [19, 18, 10]
48: [3, 19]
49: [22, 30, 19]
50: [3, 31, 22, 19, 30, 10]
51: [31, 22, 19]
52: [22, 19]
53: [22, 19]
54: [19, 22]
55: [19, 10]
56: [3]
57: [3]
58: [3, 10]
59: [10]
60: [10]
61: [10]
62: [10]
63: [10]
43
0: [5]
1: [5]
2: [5]
3: [8, 5]
4: [8]
5: [8]
6: [8]
7: [8]
8: [5]
9: [27]
10: [31, 27]
11: [8, 31, 32, 27, 5]
12: [32, 27]
13: [27]
14: [27]
15: [8]
16: [5]
17: [27]
18: [35, 37, 31, 39]
19: [8, 31, 38, 35, 37, 39, 32, 5]
20: [38, 32, 37, 39]
21: [38, 39]
22: [27]
23: [8]
24: [5]
25: [27]
26: [35, 37, 31, 39]
27: [8, 31, 38, 35, 32, 5]
28: [32, 37]
29: [39, 38]
30: [27]
31: [8]
32: [18, 5]
33: [18, 27]
34: [35, 37, 42, 18, 31, 39]
35: [8, 31, 38, 42, 18, 35, 32, 5]
36: [32, 42, 18, 37]
37: [39, 42, 38, 18]
38: [27, 18]
39: [18, 8]
40: [18, 5, 19]
41: [18, 22, 19, 27]
42: [18, 22, 35, 37, 42, 31, 39, 19, 27]
43: []
44: [19, 27, 39, 32, 42, 37, 38, 22, 18]
45: [19, 27, 39, 42, 38, 22, 18]
46: [19, 27, 22, 18]
47: [19, 18, 8]
48: [5, 19]
49: [22, 19]
50: [22, 19, 31]
51: [5, 32, 22, 19, 31, 8]
52: [32, 22, 19]
53: [19, 22]
54: [19, 22]
55: [19, 8]
56: [5]
57: [5]
58: [5]
59: [5, 8]
60: [8]
61: [8]
62: [8]
63: [8]
44
0: [7]
1: [7]
2: [7]
3: [7]
4: [6, 7]
5: [6]
6: [6]
7: [6]
8: [7]
9: [27]
10: [27]
11: [32, 27]
12: [6, 32, 27, 33, 7]
13: [27, 33]
14: [27]
15: [6]
16: [7]
17: [27]
18: [37, 39]
19: [38, 32, 37, 39]
20: [6, 32, 36, 38, 39, 37, 33, 7]
21: [36, 39, 33, 38]
22: [27]
23: [6]
24: [7]
25: [27]
26: [37, 39]
27: [38, 32]
28: [6, 32, 36, 37, 33, 7]
29: [39, 33, 36, 38]
30: [27]
31: [6]
32: [18, 7]
33: [18, 27]
34: [37, 42, 18, 39]
35: [38, 42, 18, 32]
36: [6, 32, 36, 42, 18, 37, 33, 7]
37: [39, 33, 36, 42, 38, 18]
38: [27, 18]
39: [6, 18]
40: [18, 7, 19]
41: [18, 22, 19, 27]
42: [18, 22, 37, 42, 39, 19, 27]
43: [18, 22, 37, 38, 42, 32, 39, 19, 27]
44: []
45: [19, 27, 39, 33, 36, 42, 38, 22, 18]
46: [19, 27, 22, 18]
47: [19, 6, 18]
48: [7, 19]
49: [22, 19]
50: [22, 19]
51: [22, 19, 32]
52: [7, 33, 19, 22, 32, 6]
53: [33, 19, 22]
54: [19, 22]
55: [19, 6]
56: [7]
57: [7]
58: [7]
59: [7]
60: [7, 6]
61: [6]
62: [6]
63: [6]
45
0: [9]
1: [9]
2: [9]
3: [9]
4: [9]
5: [4, 9]
6: [4]
7: [4]
8: [9]
9: [27]
10: [27]
11: [27]
12: [33, 27]
13: [4, 33, 27, 34, 9]
14: [27, 34]
15: [4]
16: [9]
17: [27]
18: [39]
19: [38, 39]
20: [36, 39, 33, 38]
21: [4, 33, 39, 36, 38, 34, 9]
22: [27, 34]
23: [4]
24: [9]
25: [27]
26: [39]
27: [38]
28: [36, 33]
29: [4, 33, 39, 36, 38, 34, 9]
30: [27, 34]
31: [4]
32: [18, 9]
33: [18, 27]
34: [42, 18, 39]
35: [38, 42, 18]
36: [36, 42, 33, 18]
37: [4, 33, 39, 36, 42, 38, 18, 34, 9]
38: [27, 34, 18]
39: [4, 18]
40: [18, 9, 19]
41: [18, 22, 19, 27]
42: [18, 22, 42, 39, 19, 27]
43: [18, 22, 38, 42, 39, 19, 27]
44: [18, 22, 36, 38, 42, 33, 39, 19, 27]
45: []
46: [19, 27, 34, 22, 18]
47: [19, 4, 18]
48: [9, 19]
49: [22, 19]
50: [22, 19]
51: [19, 22]
52: [19, 22, 33]
53: [9, 34, 19, 22, 33, 4]
54: [34, 19, 22]
55: [19, 4]
56: [9]
57: [9]
58: [9]
59: [9]
60: [9]
61: [9, 4]
62: [4]
63: [4]
46
0: [11]
1: [11]
2: [11]
3: [11]
4: [11]
5: [11]
6: [2, 11]
7: [2]
8: [11]
9: [27, 29]
10: [27, 29]
11: [27, 29]
12: [27, 29]
13: [27, 34, 29]
14: [2, 27, 34, 29, 11]
15: [2]
16: [11]
17: [28, 27, 29]
18: [28]
19: [28]
20: [28]
21: [28, 34]
22: [2, 27, 28, 34, 29, 11]
23: [2]
24: [11]
25: [26, 28, 29, 27]
26: [26]
27: [26]
28: [26]
29: [26, 34]
30: [2, 26, 27, 28, 34, 29, 11]
31: [2]
32: [18, 11]
33: [24, 18, 26, 29, 28, 27]
34: [24, 18]
35: [24, 18]
36: [24, 18]
37: [24, 34, 18]
38: [2, 24, 26, 27, 28, 34, 18, 29, 11]
39: [2, 18]
40: [18, 11, 19]
41: [18, 22, 24, 29, 26, 19, 28, 27]
42: [18, 22, 19, 27]
43: [18, 22, 19, 27]
44: [18, 22, 19, 27]
45: [18, 22, 34, 19, 27]
46: []
47: [19, 2, 18]
48: [11, 19]
49: [22, 29, 19, 24, 26, 28]
50: [29, 19, 22, 24, 26, 28]
51: [29, 19, 22, 24, 26, 28]
52: [29, 19, 22, 24, 26, 28]
53: [29, 19, 22, 34, 24, 26, 28]
54: [11, 29, 19, 22, 34, 24, 2, 26, 28]
55: [19, 2]
56: [11]
57: [11]
58: [11]
59: [11]
60: [11]
61: [11]
62: [11, 2]
63: [2]
47
0: [13]
1: [13, 12]
2: [13, 10, 12]
3: [13, 8, 10, 12]
4: [13, 6, 8, 10, 12]
5: [13, 4, 6, 8, 10, 12]
6: [13, 2, 4, 6, 8, 10, 12]
7: [13, 2, 4, 6, 8, 10, 12]
8: [13]
9: [12]
10: [10]
11: [8]
12: [6]
13: [4]
14: [2]
15: [13, 2, 4, 6, 8, 10, 12]
16: [13]
17: [12]
18: [10]
19: [8]
20: [6]
21: [4]
22: [2]
23: [13, 2, 4, 6, 8, 10, 12]
24: [13]
25: [12]
26: [10]
27: [8]
28: [6]
29: [4]
30: [2]
31: [13, 2, 4, 6, 8, 10, 12]
32: [18, 13]
33: [18, 12]
34: [10, 18]
35: [8, 18]
36: [6, 18]
37: [4, 18]
38: [2, 18]
39: [13, 2, 18, 4, 6, 8, 10, 12]
40: [18, 19, 13]
41: [18, 12, 19]
42: [18, 10, 19]
43: [18, 8, 19]
44: [18, 6, 19]
45: [18, 4, 19]
46: [18, 2, 19]
47: []
48: [19, 13]
49: [19, 12]
50: [19, 10]
51: [19, 8]
52: [19, 6]
53: [19, 4]
54: [19, 2]
55: [2, 4, 6, 8, 10, 12, 19, 13]
56: [13]
57: [12, 13]
58: [10, 12, 13]
59: [8, 10, 12, 13]
60: [6, 8, 10, 12, 13]
61: [4, 6, 8, 10, 12, 13]
62: [2, 4, 6, 8, 10, 12, 13]
63: [2, 4, 6, 8, 10, 12, 13]
48
0: [1, 3, 5, 7, 9, 11, 13]
1: [1, 3, 5, 7, 9, 11, 13]
2: [3, 5, 7, 9, 11, 13]
3: [5, 7, 9, 11, 13]
4: [7, 9, 11, 13]
5: [9, 11, 13]
6: [11, 13]
7: [13]
8: [1, 3, 5, 7, 9, 11, 13]
9: [1]
10: [3]
11: [5]
12: [7]
13: [9]
14: [11]
15: [13]
16: [1, 3, 5, 7, 9, 11, 13]
17: [1]
18: [3]
19: [5]
20: [7]
21: [9]
22: [11]
23: [13]
24: [1, 3, 5, 7, 9, 11, 13]
25: [1]
26: [3]
27: [5]
28: [7]
29: [9]
30: [11]
31: [13]
32: [1, 3, 5, 7, 9, 11, 13]
33: [1]
34: [3]
35: [5]
36: [7]
37: [9]
38: [11]
39: [13]
40: [1, 3, 5, 7, 9, 11, 19, 13]
41: [19, 1]
42: [19, 3]
43: [19, 5]
44: [19, 7]
45: [19, 9]
46: [19, 11]
47: [19, 13]
48: []
49: [20, 1, 19]
50: [20, 3, 19]
51: [20, 19, 5]
52: [20, 19, 7]
53: [20, 19, 9]
54: [20, 19, 11]
55: [20, 13, 19]
56: [13, 1, 20, 3, 5, 7, 9, 11]
57: [13, 1, 20, 3, 5, 7, 9, 11]
58: [13, 20, 3, 5, 7, 9, 11]
59: [13, 20, 5, 7, 9, 11]
60: [13, 20, 7, 9, 11]
61: [13, 20, 9, 11]
62: [13, 20, 11]
63: [13, 20]
49
0: [1]
1: [12, 1]
2: [12]
3: [12]
4: [12]
5: [12]
6: [12]
7: [12]
8: [1]
9: [12, 29, 30, 1]
10: [29, 30]
11: [29]
12: [29]
13: [29]
14: [29]
15: [12]
16: [1]
17: [12, 29, 30, 1, 28]
18: [30, 28]
19: [28]
20: [28]
21: [28]
22: [28, 29]
23: [12]
24: [1]
25: [12, 29, 30, 1, 26, 28]
26: [30, 26]
27: [26]
28: [26]
29: [26]
30: [26, 28, 29]
31: [12]
32: [1]
33: [12, 29, 30, 24, 1, 26, 28]
34: [30, 24]
35: [24]
36: [24]
37: [24]
38: [24, 26, 28, 29]
39: [12]
40: [19, 1]
41: [12, 29, 19, 22, 30, 24, 1, 26, 28]
42: [30, 19, 22]
43: [19, 22]
44: [19, 22]
45: [19, 22]
46: [22, 24, 26, 28, 19, 29]
47: [19, 12]
48: [19, 1, 20]
49: []
50: [20, 22, 24, 26, 28, 30, 19, 29]
51: [20, 22, 24, 26, 28, 19, 29]
52: [20, 22, 24, 26, 28, 19, 29]
53: [20, 22, 24, 26, 28, 19, 29]
54: [20, 22, 24, 26, 28, 19, 29]
55: [20, 19, 12]
56: [1, 20]
57: [1, 20, 12]
58: [20, 12]
59: [20, 12]
60: [20, 12]
61: [20, 12]
62: [20, 12]
63: [20, 12]
50
0: [3]
1: [3]
2: [10, 3]
3: [10]
4: [10]
5: [10]
6: [10]
7: [10]
8: [3]
9: [29, 30]
10: [10, 30, 29, 31, 3]
11: [31, 29]
12: [29]
13: [29]
14: [29]
15: [10]
16: [3]
17: [29, 30, 28]
18: [10, 30, 31, 28, 3]
19: [31, 28]
20: [28]
21: [28]
22: [28, 29]
23: [10]
24: [3]
25: [29, 30, 26, 28]
26: [10, 30, 31, 26, 3]
27: [31, 26]
28: [26]
29: [26]
30: [26, 28, 29]
31: [10]
32: [3]
33: [29, 30, 24, 26, 28]
34: [10, 30, 24, 31, 3]
35: [31, 24]
36: [24]
37: [24]
38: [24, 26, 28, 29]
39: [10]
40: [19, 3]
41: [29, 19, 22, 30, 24, 26, 28]
42: [10, 30, 19, 22, 31, 3]
43: [31, 19, 22]
44: [19, 22]
45: [22, 19]
46: [22, 24, 26, 28, 19, 29]
47: [19, 10]
48: [19, 3, 20]
49: [19, 29, 22, 30, 24, 20, 26, 28]
50: []
51: [20, 22, 24, 26, 28, 31, 19, 29]
52: [20, 22, 24, 26, 28, 19, 29]
53: [20, 22, 24, 26, 28, 19, 29]
54: [20, 22, 24, 26, 28, 19, 29]
55: [20, 19, 10]
56: [3, 20]
57: [3, 20]
58: [3, 20, 10]
59: [20, 10]
60: [20, 10]
61: [20, 10]
62: [20, 10]
63: [20, 10]
51
0: [5]
1: [5]
2: [5]
3: [8, 5]
4: [8]
5: [8]
6: [8]
7: [8]
8: [5]
9: [29]
10: [31, 29]
11: [8, 31, 32, 29, 5]
12: [32, 29]
13: [29]
14: [29]
15: [8]
16: [5]
17: [29, 28]
18: [31, 28]
19: [8, 31, 32, 28, 5]
20: [32, 28]
21: [28]
22: [28, 29]
23: [8]
24: [5]
25: [29, 26, 28]
26: [31, 26]
27: [8, 31, 26, 32, 5]
28: [32, 26]
29: [26]
30: [26, 28, 29]
31: [8]
32: [5]
33: [29, 24, 26, 28]
34: [24, 31]
35: [8, 31, 24, 32, 5]
36: [32, 24]
37: [24]
38: [24, 26, 28, 29]
39: [8]
40: [19, 5]
41: [29, 19, 22, 24, 26, 28]
42: [19, 22, 31]
43: [8, 31, 19, 22, 32, 5]
44: [32, 22, 19]
45: [22, 19]
46: [22, 24, 26, 28, 19, 29]
47: [19, 8]
48: [19, 5, 20]
49: [19, 29, 22, 24, 20, 26, 28]
50: [19, 29, 22, 31, 24, 20, 26, 28]
51: []
52: [20, 22, 24, 26, 28, 32, 19, 29]
53: [20, 22, 24, 26, 28, 19, 29]
54: [20, 22, 24, 26, 28, 19, 29]
55: [20, 19, 8]
56: [5, 20]
57: [5, 20]
58: [5, 20]
59: [5, 20, 8]
60: [20, 8]
61: [20, 8]
62: [20, 8]
63: [20, 8]
52
0: [7]
1: [7]
2: [7]
3: [7]
4: [6, 7]
5: [6]
6: [6]
7: [6]
8: [7]
9: [29]
10: [29]
11: [32, 29]
12: [6, 32, 33, 29, 7]
13: [33, 29]
14: [29]
15: [6]
16: [7]
17: [29, 28]
18: [28]
19: [32, 28]
20: [6, 32, 28, 33, 7]
21: [33, 28]
22: [28, 29]
23: [6]
24: [7]
25: [29, 26, 28]
26: [26]
27: [26, 32]
28: [6, 32, 26, 33, 7]
29: [33, 26]
30: [26, 28, 29]
31: [6]
32: [7]
33: [29, 24, 26, 28]
34: [24]
35: [24, 32]
36: [6, 32, 24, 33, 7]
37: [33, 24]
38: [24, 26, 28, 29]
39: [6]
40: [19, 7]
41: [29, 19, 22, 24, 26, 28]
42: [19, 22]
43: [22, 19, 32]
44: [6, 32, 22, 19, 33, 7]
45: [33, 22, 19]
46: [22, 24, 26, 28, 19, 29]
47: [19, 6]
48: [19, 7, 20]
49: [19, 29, 22, 24, 20, 26, 28]
50: [19, 29, 22, 24, 20, 26, 28]
51: [19, 29, 22, 32, 24, 20, 26, 28]
52: []
53: [20, 22, 24, 26, 28, 33, 19, 29]
54: [20, 22, 24, 26, 28, 19, 29]
55: [20, 19, 6]
56: [7, 20]
57: [7, 20]
58: [7, 20]
59: [7, 20]
60: [7, 20, 6]
61: [20, 6]
62: [20, 6]
63: [20, 6]
53
0: [9]
1: [9]
2: [9]
3: [9]
4: [9]
5: [4, 9]
6: [4]
7: [4]
8: [9]
9: [29]
10: [29]
11: [29]
12: [33, 29]
13: [4, 33, 34, 29, 9]
14: [34, 29]
15: [4]
16: [9]
17: [29, 28]
18: [28]
19: [28]
20: [28, 33]
21: [4, 33, 28, 34, 9]
22: [28, 34, 29]
23: [4]
24: [9]
25: [29, 26, 28]
26: [26]
27: [26]
28: [26, 33]
29: [4, 33, 26, 34, 9]
30: [26, 28, 34, 29]
31: [4]
32: [9]
33: [29, 24, 26, 28]
34: [24]
35: [24]
36: [24, 33]
37: [4, 33, 24, 34, 9]
38: [24, 26, 28, 34, 29]
39: [4]
40: [19, 9]
41: [29, 19, 22, 24, 26, 28]
42: [22, 19]
43: [22, 19]
44: [22, 19, 33]
45: [4, 33, 22, 19, 34, 9]
46: [22, 24, 26, 28, 34, 19, 29]
47: [4, 19]
48: [19, 9, 20]
49: [19, 29, 22, 24, 20, 26, 28]
50: [19, 29, 22, 24, 20, 26, 28]
51: [19, 29, 22, 24, 20, 26, 28]
52: [19, 29, 22, 33, 24, 20, 26, 28]
53: []
54: [20, 22, 24, 26, 28, 34, 19, 29]
55: [20, 4, 19]
56: [9, 20]
57: [9, 20]
58: [9, 20]
59: [9, 20]
60: [9, 20]
61: [9, 20, 4]
62: [20, 4]
63: [20, 4]
54
0: [11]
1: [11]
2: [11]
3: [11]
4: [11]
5: [11]
6: [2, 11]
7: [2]
8: [11]
9: [29]
10: [29]
11: [29]
12: [29]
13: [34, 29]
14: [2, 34, 29, 11]
15: [2]
16: [11]
17: [28, 29]
18: [28]
19: [28]
20: [28]
21: [28, 34]
22: [2, 28, 34, 29, 11]
23: [2]
24: [11]
25: [26, 29, 28]
26: [26]
27: [26]
28: [26]
29: [26, 34]
30: [2, 26, 28, 34, 29, 11]
31: [2]
32: [11]
33: [24, 29, 26, 28]
34: [24]
35: [24]
36: [24]
37: [24, 34]
38: [2, 24, 26, 28, 34, 29, 11]
39: [2]
40: [19, 11]
41: [22, 29, 19, 24, 26, 28]
42: [22, 19]
43: [22, 19]
44: [22, 19]
45: [22, 34, 19]
46: [2, 22, 24, 26, 28, 34, 19, 29, 11]
47: [2, 19]
48: [19, 11, 20]
49: [19, 29, 22, 24, 20, 26, 28]
50: [19, 29, 22, 24, 20, 26, 28]
51: [19, 29, 22, 24, 20, 26, 28]
52: [19, 29, 22, 24, 20, 26, 28]
53: [19, 29, 22, 34, 24, 20, 26, 28]
54: []
55: [20, 2, 19]
56: [11, 20]
57: [11, 20]
58: [11, 20]
59: [11, 20]
60: [11, 20]
61: [11, 20]
62: [11, 20, 2]
63: [20, 2]
55
0: [13]
1: [13, 12]
2: [13, 10, 12]
3: [13, 8, 10, 12]
4: [13, 6, 8, 10, 12]
5: [13, 4, 6, 8, 10, 12]
6: [13, 2, 4, 6, 8, 10, 12]
7: [13, 2, 4, 6, 8, 10, 12]
8: [13]
9: [12]
10: [10]
11: [8]
12: [6]
13: [4]
14: [2]
15: [13, 2, 4, 6, 8, 10, 12]
16: [13]
17: [12]
18: [10]
19: [8]
20: [6]
21: [4]
22: [2]
23: [13, 2, 4, 6, 8, 10, 12]
24: [13]
25: [12]
26: [10]
27: [8]
28: [6]
29: [4]
30: [2]
31: [13, 2, 4, 6, 8, 10, 12]
32: [13]
33: [12]
34: [10]
35: [8]
36: [6]
37: [4]
38: [2]
39: [13, 2, 4, 6, 8, 10, 12]
40: [19, 13]
41: [12, 19]
42: [10, 19]
43: [8, 19]
44: [6, 19]
45: [4, 19]
46: [2, 19]
47: [13, 2, 19, 4, 6, 8, 10, 12]
48: [19, 20, 13]
49: [19, 12, 20]
50: [19, 10, 20]
51: [19, 8, 20]
52: [19, 6, 20]
53: [19, 4, 20]
54: [19, 2, 20]
55: []
56: [20, 13]
57: [12, 20, 13]
58: [10, 12, 20, 13]
59: [8, 10, 12, 20, 13]
60: [6, 8, 10, 12, 20, 13]
61: [4, 6, 8, 10, 12, 20, 13]
62: [2, 4, 6, 8, 10, 12, 20, 13]
63: [2, 4, 6, 8, 10, 12, 20, 13]
56
0: [1, 3, 5, 7, 9, 11, 13]
1: [1, 3, 5, 7, 9, 11, 13]
2: [3, 5, 7, 9, 11, 13]
3: [5, 7, 9, 11, 13]
4: [7, 9, 11, 13]
5: [9, 11, 13]
6: [11, 13]
7: [13]
8: [1, 3, 5, 7, 9, 11, 13]
9: [1]
10: [3]
11: [5]
12: [7]
13: [9]
14: [11]
15: [13]
16: [1, 3, 5, 7, 9, 11, 13]
17: [1]
18: [3]
19: [5]
20: [7]
21: [9]
22: [11]
23: [13]
24: [1, 3, 5, 7, 9, 11, 13]
25: [1]
26: [3]
27: [5]
28: [7]
29: [9]
30: [11]
31: [13]
32: [1, 3, 5, 7, 9, 11, 13]
33: [1]
34: [3]
35: [5]
36: [7]
37: [9]
38: [11]
39: [13]
40: [1, 3, 5, 7, 9, 11, 13]
41: [1]
42: [3]
43: [5]
44: [7]
45: [9]
46: [11]
47: [13]
48: [1, 3, 5, 7, 9, 11, 20, 13]
49: [20, 1]
50: [20, 3]
51: [20, 5]
52: [20, 7]
53: [20, 9]
54: [20, 11]
55: [13, 20]
56: []
57: [13, 1, 20, 3, 5, 7, 9, 11]
58: [13, 20, 3, 5, 7, 9, 11]
59: [13, 20, 5, 7, 9, 11]
60: [13, 20, 7, 9, 11]
61: [13, 20, 9, 11]
62: [13, 20, 11]
63: [13, 20]
57
0: [1, 3, 5, 7, 9, 11, 13]
1: [12, 1, 3, 5, 7, 9, 11, 13]
2: [12, 3, 5, 7, 9, 11, 13]
3: [12, 5, 7, 9, 11, 13]
4: [12, 7, 9, 11, 13]
5: [12, 9, 11, 13]
6: [12, 11, 13]
7: [12, 13]
8: [1, 3, 5, 7, 9, 11, 13]
9: [12, 1]
10: [3]
11: [5]
12: [7]
13: [9]
14: [11]
15: [13, 12]
16: [1, 3, 5, 7, 9, 11, 13]
17: [12, 1]
18: [3]
19: [5]
20: [7]
21: [9]
22: [11]
23: [13, 12]
24: [1, 3, 5, 7, 9, 11, 13]
25: [12, 1]
26: [3]
27: [5]
28: [7]
29: [9]
30: [11]
31: [13, 12]
32: [1, 3, 5, 7, 9, 11, 13]
33: [12, 1]
34: [3]
35: [5]
36: [7]
37: [9]
38: [11]
39: [13, 12]
40: [1, 3, 5, 7, 9, 11, 13]
41: [12, 1]
42: [3]
43: [5]
44: [7]
45: [9]
46: [11]
47: [13, 12]
48: [1, 3, 5, 7, 9, 11, 20, 13]
49: [12, 20, 1]
50: [20, 3]
51: [20, 5]
52: [20, 7]
53: [20, 9]
54: [20, 11]
55: [13, 20, 12]
56: [1, 3, 5, 7, 9, 11, 20, 13]
57: []
58: [13, 20, 3, 5, 7, 9, 11, 12]
59: [13, 20, 5, 7, 9, 11, 12]
60: [13, 20, 7, 9, 11, 12]
61: [13, 20, 9, 11, 12]
62: [13, 20, 11, 12]
63: [13, 20, 12]
58
0: [3, 5, 7, 9, 11, 13]
1: [12, 3, 5, 7, 9, 11, 13]
2: [10, 12, 3, 5, 7, 9, 11, 13]
3: [10, 12, 5, 7, 9, 11, 13]
4: [10, 12, 7, 9, 11, 13]
5: [10, 12, 9, 11, 13]
6: [10, 12, 13, 11]
7: [10, 13, 12]
8: [3, 5, 7, 9, 11, 13]
9: [12]
10: [10, 3]
11: [5]
12: [7]
13: [9]
14: [11]
15: [13, 10, 12]
16: [3, 5, 7, 9, 11, 13]
17: [12]
18: [10, 3]
19: [5]
20: [7]
21: [9]
22: [11]
23: [13, 10, 12]
24: [3, 5, 7, 9, 11, 13]
25: [12]
26: [10, 3]
27: [5]
28: [7]
29: [9]
30: [11]
31: [13, 10, 12]
32: [3, 5, 7, 9, 11, 13]
33: [12]
34: [10, 3]
35: [5]
36: [7]
37: [9]
38: [11]
39: [13, 10, 12]
40: [3, 5, 7, 9, 11, 13]
41: [12]
42: [10, 3]
43: [5]
44: [7]
45: [9]
46: [11]
47: [13, 10, 12]
48: [3, 5, 7, 9, 11, 20, 13]
49: [12, 20]
50: [10, 20, 3]
51: [20, 5]
52: [20, 7]
53: [20, 9]
54: [20, 11]
55: [13, 20, 10, 12]
56: [3, 5, 7, 9, 11, 20, 13]
57: [3, 5, 7, 9, 11, 12, 20, 13]
58: []
59: [13, 20, 5, 7, 9, 10, 11, 12]
60: [13, 20, 7, 9, 10, 11, 12]
61: [13, 20, 9, 10, 11, 12]
62: [13, 20, 10, 11, 12]
63: [13, 20, 10, 12]
59
0: [5, 7, 9, 11, 13]
1: [12, 5, 7, 9, 11, 13]
2: [10, 12, 5, 7, 9, 11, 13]
3: [8, 10, 12, 5, 7, 9, 11, 13]
4: [8, 10, 12, 7, 9, 11, 13]
5: [8, 10, 12, 13, 9, 11]
6: [8, 10, 13, 12, 11]
7: [8, 13, 10, 12]
8: [5, 7, 9, 11, 13]
9: [12]
10: [10]
11: [8, 5]
12: [7]
13: [9]
14: [11]
15: [13, 8, 10, 12]
16: [5, 7, 9, 11, 13]
17: [12]
18: [10]
19: [8, 5]
20: [7]
21: [9]
22: [11]
23: [13, 8, 10, 12]
24: [5, 7, 9, 11, 13]
25: [12]
26: [10]
27: [8, 5]
28: [7]
29: [9]
30: [11]
31: [13, 8, 10, 12]
32: [5, 7, 9, 11, 13]
33: [12]
34: [10]
35: [8, 5]
36: [7]
37: [9]
38: [11]
39: [13, 8, 10, 12]
40: [5, 7, 9, 11, 13]
41: [12]
42: [10]
43: [8, 5]
44: [7]
45: [9]
46: [11]
47: [13, 8, 10, 12]
48: [5, 7, 9, 11, 20, 13]
49: [12, 20]
50: [10, 20]
51: [8, 20, 5]
52: [20, 7]
53: [20, 9]
54: [20, 11]
55: [13, 20, 8, 10, 12]
56: [5, 7, 9, 11, 20, 13]
57: [5, 7, 9, 11, 12, 20, 13]
58: [5, 7, 9, 10, 11, 12, 20, 13]
59: []
60: [13, 20, 7, 8, 9, 10, 11, 12]
61: [13, 20, 8, 9, 10, 11, 12]
62: [13, 20, 8, 10, 11, 12]
63: [13, 20, 8, 10, 12]
60
0: [7, 9, 11, 13]
1: [12, 7, 9, 11, 13]
2: [10, 12, 7, 9, 11, 13]
3: [8, 10, 12, 7, 9, 11, 13]
4: [6, 8, 10, 12, 13, 7, 9, 11]
5: [6, 8, 10, 13, 12, 9, 11]
6: [6, 8, 13, 10, 12, 11]
7: [6, 13, 8, 10, 12]
8: [7, 9, 11, 13]
9: [12]
10: [10]
11: [8]
12: [6, 7]
13: [9]
14: [11]
15: [13, 6, 8, 10, 12]
16: [7, 9, 11, 13]
17: [12]
18: [10]
19: [8]
20: [6, 7]
21: [9]
22: [11]
23: [13, 6, 8, 10, 12]
24: [7, 9, 11, 13]
25: [12]
26: [10]
27: [8]
28: [6, 7]
29: [9]
30: [11]
31: [13, 6, 8, 10, 12]
32: [7, 9, 11, 13]
33: [12]
34: [10]
35: [8]
36: [6, 7]
37: [9]
38: [11]
39: [13, 6, 8, 10, 12]
40: [7, 9, 11, 13]
41: [12]
42: [10]
43: [8]
44: [6, 7]
45: [9]
46: [11]
47: [13, 6, 8, 10, 12]
48: [7, 9, 11, 20, 13]
49: [12, 20]
50: [10, 20]
51: [8, 20]
52: [6, 20, 7]
53: [20, 9]
54: [20, 11]
55: [13, 20, 6, 8, 10, 12]
56: [7, 9, 11, 20, 13]
57: [7, 9, 11, 12, 20, 13]
58: [7, 9, 10, 11, 12, 20, 13]
59: [7, 8, 9, 10, 11, 12, 20, 13]
60: []
61: [13, 20, 6, 8, 9, 10, 11, 12]
62: [13, 20, 6, 8, 10, 11, 12]
63: [13, 20, 6, 8, 10, 12]
61
0: [9, 11, 13]
1: [12, 9, 11, 13]
2: [10, 12, 9, 11, 13]
3: [8, 10, 12, 13, 9, 11]
4: [6, 8, 10, 13, 12, 9, 11]
5: [4, 6, 8, 13, 10, 12, 9, 11]
6: [4, 6, 13, 8, 10, 12, 11]
7: [4, 13, 6, 8, 10, 12]
8: [9, 11, 13]
9: [12]
10: [10]
11: [8]
12: [6]
13: [4, 9]
14: [11]
15: [13, 4, 6, 8, 10, 12]
16: [9, 11, 13]
17: [12]
18: [10]
19: [8]
20: [6]
21: [4, 9]
22: [11]
23: [13, 4, 6, 8, 10, 12]
24: [9, 11, 13]
25: [12]
26: [10]
27: [8]
28: [6]
29: [4, 9]
30: [11]
31: [13, 4, 6, 8, 10, 12]
32: [9, 11, 13]
33: [12]
34: [10]
35: [8]
36: [6]
37: [4, 9]
38: [11]
39: [13, 4, 6, 8, 10, 12]
40: [9, 11, 13]
41: [12]
42: [10]
43: [8]
44: [6]
45: [4, 9]
46: [11]
47: [13, 4, 6, 8, 10, 12]
48: [9, 11, 20, 13]
49: [12, 20]
50: [10, 20]
51: [8, 20]
52: [6, 20]
53: [4, 20, 9]
54: [20, 11]
55: [13, 20, 4, 6, 8, 10, 12]
56: [9, 11, 20, 13]
57: [9, 11, 12, 20, 13]
58: [9, 10, 11, 12, 20, 13]
59: [8, 9, 10, 11, 12, 20, 13]
60: [6, 8, 9, 10, 11, 12, 20, 13]
61: []
62: [13, 20, 4, 6, 8, 10, 11, 12]
63: [13, 20, 4, 6, 8, 10, 12]
62
0: [11, 13]
1: [12, 11, 13]
2: [10, 12, 13, 11]
3: [8, 10, 13, 12, 11]
4: [6, 8, 13, 10, 12, 11]
5: [4, 6, 13, 8, 10, 12, 11]
6: [2, 4, 13, 6, 8, 10, 12, 11]
7: [2, 13, 4, 6, 8, 10, 12]
8: [11, 13]
9: [12]
10: [10]
11: [8]
12: [6]
13: [4]
14: [2, 11]
15: [13, 2, 4, 6, 8, 10, 12]
16: [11, 13]
17: [12]
18: [10]
19: [8]
20: [6]
21: [4]
22: [2, 11]
23: [13, 2, 4, 6, 8, 10, 12]
24: [11, 13]
25: [12]
26: [10]
27: [8]
28: [6]
29: [4]
30: [2, 11]
31: [13, 2, 4, 6, 8, 10, 12]
32: [11, 13]
33: [12]
34: [10]
35: [8]
36: [6]
37: [4]
38: [2, 11]
39: [13, 2, 4, 6, 8, 10, 12]
40: [11, 13]
41: [12]
42: [10]
43: [8]
44: [6]
45: [4]
46: [2, 11]
47: [13, 2, 4, 6, 8, 10, 12]
48: [11, 20, 13]
49: [12, 20]
50: [10, 20]
51: [8, 20]
52: [6, 20]
53: [4, 20]
54: [2, 20, 11]
55: [13, 2, 20, 4, 6, 8, 10, 12]
56: [11, 20, 13]
57: [11, 12, 20, 13]
58: [10, 11, 12, 20, 13]
59: [8, 10, 11, 12, 20, 13]
60: [6, 8, 10, 11, 12, 20, 13]
61: [4, 6, 8, 10, 11, 12, 20, 13]
62: []
63: [13, 2, 20, 4, 6, 8, 10, 12]
63
0: [13]
1: [12, 13]
2: [10, 13, 12]
3: [8, 13, 10, 12]
4: [6, 13, 8, 10, 12]
5: [4, 13, 6, 8, 10, 12]
6: [2, 13, 4, 6, 8, 10, 12]
7: [13, 2, 4, 6, 8, 10, 12]
8: [13]
9: [12]
10: [10]
11: [8]
12: [6]
13: [4]
14: [2]
15: [13, 2, 4, 6, 8, 10, 12]
16: [13]
17: [12]
18: [10]
19: [8]
20: [6]
21: [4]
22: [2]
23: [13, 2, 4, 6, 8, 10, 12]
24: [13]
25: [12]
26: [10]
27: [8]
28: [6]
29: [4]
30: [2]
31: [13, 2, 4, 6, 8, 10, 12]
32: [13]
33: [12]
34: [10]
35: [8]
36: [6]
37: [4]
38: [2]
39: [13, 2, 4, 6, 8, 10, 12]
40: [13]
41: [12]
42: [10]
43: [8]
44: [6]
45: [4]
46: [2]
47: [13, 2, 4, 6, 8, 10, 12]
48: [20, 13]
49: [12, 20]
50: [10, 20]
51: [8, 20]
52: [6, 20]
53: [4, 20]
54: [2, 20]
55: [13, 2, 20, 4, 6, 8, 10, 12]
56: [20, 13]
57: [12, 20, 13]
58: [10, 12, 20, 13]
59: [8, 10, 12, 20, 13]
60: [6, 8, 10, 12, 20, 13]
61: [4, 6, 8, 10, 12, 20, 13]
62: [2, 4, 6, 8, 10, 12, 20, 13]
63: []

