20
1: [0, 1, 5, 9, 13, 12, 8, 4]
2: [0, 4, 8, 12, 13, 9, 5, 1]
3: [3, 2, 6, 10, 14, 15, 11, 7]
4: [3, 7, 11, 15, 14, 10, 6, 2]
5: [0, 1, 2, 6, 10, 14, 13, 12, 8, 4]
6: [0, 4, 8, 12, 13, 14, 10, 6, 2, 1]
7: [3, 2, 1, 5, 9, 13, 14, 15, 11, 7]
8: [3, 7, 11, 15, 14, 13, 9, 5, 1, 2]
9: [0, 1, 2, 3, 7, 11, 15, 14, 13, 12, 8, 4]
10: [0, 4, 8, 12, 13, 14, 15, 11, 7, 3, 2, 1]
11: [0, 4, 5, 6, 7, 3, 2, 1]
12: [0, 1, 2, 3, 7, 6, 5, 4]
13: [4, 8, 9, 10, 11, 7, 6, 5]
14: [4, 5, 6, 7, 11, 10, 9, 8]
15: [8, 12, 13, 14, 15, 11, 10, 9]
16: [8, 9, 10, 11, 15, 14, 13, 12]
17: [5, 9, 10, 6]
18: [5, 6, 10, 9]
19: [5, 6, 10, 9]
20: [5, 9, 10, 6]
16
0
0: []
1: [1, 5, 9, 12, 2, 11, 6, 10]
2: [5, 9, 12, 11, 6, 10]
3: [9, 12, 11, 10]
4: [2, 6, 10, 11, 1, 12, 5, 9]
5: [1, 11, 2, 12]
6: [5, 11, 12, 6]
7: [9, 11, 12, 10]
8: [2, 6, 10, 1, 5, 9]
9: [1, 2]
10: [5, 6]
11: [9, 10]
12: [2, 6, 10, 1, 5, 9]
13: [1, 2, 6, 10, 5, 9]
14: [5, 6, 10, 9]
15: [9, 10]
1
0: [2, 6, 10, 11, 1, 12, 5, 9]
1: []
2: [5, 8, 9, 12, 11, 6, 7, 10]
3: [8, 9, 12, 11, 7, 10]
4: [2, 6, 10, 11, 1, 12, 5, 9]
5: [1, 7, 11, 12, 2, 8]
6: [5, 11, 12, 6]
7: [8, 9, 12, 11, 7, 10]
8: [2, 6, 10, 1, 5, 9]
9: [1, 7, 2, 8]
10: [5, 6]
11: [8, 9, 7, 10]
12: [1, 2, 6, 10, 5, 9]
13: [1, 7, 2, 5, 6, 10, 8, 9]
14: [5, 7, 6, 8, 9, 10]
15: [7, 8, 9, 10]
2
0: [6, 10, 11, 12, 5, 9]
1: [6, 7, 10, 11, 12, 5, 8, 9]
2: []
3: [4, 8, 9, 12, 3, 11, 7, 10]
4: [6, 10, 11, 12, 5, 9]
5: [7, 11, 12, 8]
6: [3, 5, 12, 11, 4, 6]
7: [4, 8, 9, 12, 3, 11, 7, 10]
8: [6, 10, 5, 9]
9: [7, 8]
10: [3, 5, 4, 6]
11: [4, 8, 9, 3, 7, 10]
12: [5, 6, 10, 9]
13: [5, 7, 6, 8, 9, 10]
14: [3, 5, 4, 7, 8, 9, 6, 10]
15: [3, 4, 8, 9, 7, 10]
3
0: [10, 11, 12, 9]
1: [7, 10, 11, 12, 8, 9]
2: [3, 7, 10, 11, 4, 12, 8, 9]
3: []
4: [10, 11, 12, 9]
5: [7, 12, 11, 8]
6: [3, 12, 4, 11]
7: [4, 8, 9, 12, 3, 11, 7, 10]
8: [10, 9]
9: [7, 8]
10: [3, 4]
11: [4, 8, 9, 3, 7, 10]
12: [9, 10]
13: [7, 8, 9, 10]
14: [3, 4, 8, 9, 7, 10]
15: [4, 8, 9, 3, 7, 10]
4
0: [1, 5, 9, 12, 2, 11, 6, 10]
1: [1, 5, 9, 12, 2, 11, 6, 10]
2: [5, 9, 12, 11, 6, 10]
3: [9, 11, 12, 10]
4: []
5: [11, 14, 1, 2, 12, 13]
6: [11, 14, 5, 6, 12, 13]
7: [11, 14, 9, 12, 13, 10]
8: [2, 6, 10, 13, 1, 14, 5, 9]
9: [13, 1, 2, 14]
10: [13, 5, 6, 14]
11: [13, 14, 9, 10]
12: [2, 6, 10, 1, 5, 9]
13: [2, 6, 10, 1, 5, 9]
14: [6, 10, 5, 9]
15: [10, 9]
5
0: [2, 12, 1, 11]
1: [2, 8, 12, 11, 1, 7]
2: [8, 11, 12, 7]
3: [8, 11, 12, 7]
4: [12, 13, 2, 1, 11, 14]
5: []
6: [11, 14, 18, 19, 17, 20, 12, 13]
7: [11, 14, 8, 7, 12, 13]
8: [13, 1, 2, 14]
9: [1, 7, 17, 20, 13, 18, 19, 14, 2, 8]
10: [17, 18, 19, 20, 13, 14]
11: [14, 7, 8, 13]
12: [1, 2]
13: [1, 7, 2, 8]
14: [7, 8]
15: [7, 8]
6
0: [6, 12, 11, 5]
1: [6, 11, 12, 5]
2: [4, 6, 11, 12, 3, 5]
3: [4, 11, 3, 12]
4: [12, 13, 6, 5, 11, 14]
5: [12, 13, 17, 20, 18, 19, 11, 14]
6: []
7: [11, 14, 4, 3, 12, 13]
8: [13, 5, 6, 14]
9: [17, 18, 19, 20, 13, 14]
10: [3, 5, 18, 19, 14, 17, 20, 13, 4, 6]
11: [14, 3, 4, 13]
12: [5, 6]
13: [5, 6]
14: [3, 5, 4, 6]
15: [3, 4]
7
0: [10, 11, 12, 9]
1: [7, 10, 11, 12, 8, 9]
2: [3, 7, 10, 11, 4, 12, 8, 9]
3: [3, 7, 10, 11, 4, 12, 8, 9]
4: [12, 13, 10, 11, 14, 9]
5: [12, 13, 7, 8, 11, 14]
6: [12, 13, 3, 4, 11, 14]
7: []
8: [13, 14, 9, 10]
9: [14, 7, 8, 13]
10: [14, 3, 4, 13]
11: [4, 8, 9, 14, 3, 13, 7, 10]
12: [9, 10]
13: [8, 9, 7, 10]
14: [4, 8, 9, 3, 7, 10]
15: [4, 8, 9, 3, 7, 10]
8
0: [1, 5, 9, 2, 6, 10]
1: [1, 5, 9, 2, 6, 10]
2: [5, 9, 6, 10]
3: [9, 10]
4: [1, 5, 9, 14, 2, 13, 6, 10]
5: [14, 1, 2, 13]
6: [14, 5, 6, 13]
7: [13, 14, 9, 10]
8: []
9: [13, 16, 2, 1, 14, 15]
10: [13, 16, 6, 5, 14, 15]
11: [13, 16, 10, 14, 15, 9]
12: [2, 6, 10, 15, 1, 16, 5, 9]
13: [2, 6, 10, 15, 1, 16, 5, 9]
14: [6, 10, 15, 16, 5, 9]
15: [10, 15, 16, 9]
9
0: [2, 1]
1: [2, 8, 1, 7]
2: [8, 7]
3: [8, 7]
4: [14, 1, 2, 13]
5: [2, 8, 18, 19, 14, 17, 20, 13, 1, 7]
6: [17, 18, 19, 20, 13, 14]
7: [13, 7, 8, 14]
8: [14, 15, 1, 2, 13, 16]
9: []
10: [13, 16, 17, 20, 18, 19, 14, 15]
11: [13, 16, 7, 8, 14, 15]
12: [1, 15, 2, 16]
13: [1, 7, 15, 16, 2, 8]
14: [7, 15, 16, 8]
15: [7, 16, 15, 8]
10
0: [6, 5]
1: [6, 5]
2: [4, 6, 3, 5]
3: [4, 3]
4: [14, 5, 6, 13]
5: [17, 18, 19, 20, 13, 14]
6: [4, 6, 17, 20, 13, 18, 19, 14, 3, 5]
7: [13, 3, 4, 14]
8: [14, 15, 5, 6, 13, 16]
9: [14, 15, 18, 19, 17, 20, 13, 16]
10: []
11: [13, 16, 3, 4, 14, 15]
12: [5, 15, 16, 6]
13: [5, 15, 16, 6]
14: [3, 5, 16, 15, 4, 6]
15: [3, 16, 4, 15]
11
0: [10, 9]
1: [7, 10, 8, 9]
2: [3, 7, 10, 4, 8, 9]
3: [3, 7, 10, 4, 8, 9]
4: [13, 14, 9, 10]
5: [13, 7, 8, 14]
6: [13, 3, 4, 14]
7: [3, 7, 10, 13, 4, 14, 8, 9]
8: [14, 15, 9, 13, 16, 10]
9: [14, 15, 8, 7, 13, 16]
10: [14, 15, 4, 3, 13, 16]
11: []
12: [9, 15, 16, 10]
13: [8, 9, 16, 15, 7, 10]
14: [4, 8, 9, 16, 3, 15, 7, 10]
15: [4, 8, 9, 16, 3, 15, 7, 10]
12
0: [1, 5, 9, 2, 6, 10]
1: [1, 2, 5, 9, 6, 10]
2: [5, 6, 9, 10]
3: [9, 10]
4: [1, 5, 9, 2, 6, 10]
5: [2, 1]
6: [6, 5]
7: [10, 9]
8: [1, 5, 9, 16, 2, 15, 6, 10]
9: [2, 16, 1, 15]
10: [6, 16, 15, 5]
11: [10, 15, 16, 9]
12: []
13: [2, 6, 10, 15, 1, 16, 5, 9]
14: [6, 10, 15, 16, 5, 9]
15: [10, 15, 16, 9]
13
0: [1, 2, 5, 9, 6, 10]
1: [2, 8, 1, 5, 6, 9, 7, 10]
2: [6, 8, 5, 7, 9, 10]
3: [7, 8, 10, 9]
4: [1, 5, 9, 2, 6, 10]
5: [2, 8, 1, 7]
6: [6, 5]
7: [7, 10, 8, 9]
8: [1, 5, 9, 16, 2, 15, 6, 10]
9: [2, 8, 16, 15, 1, 7]
10: [6, 15, 16, 5]
11: [7, 10, 15, 16, 8, 9]
12: [1, 5, 9, 16, 2, 15, 6, 10]
13: []
14: [6, 7, 10, 15, 16, 5, 8, 9]
15: [7, 10, 15, 16, 8, 9]
14
0: [5, 6, 9, 10]
1: [6, 8, 5, 7, 9, 10]
2: [4, 6, 3, 7, 8, 10, 5, 9]
3: [3, 4, 7, 10, 8, 9]
4: [5, 9, 6, 10]
5: [8, 7]
6: [4, 6, 3, 5]
7: [3, 7, 10, 4, 8, 9]
8: [5, 9, 16, 15, 6, 10]
9: [8, 15, 16, 7]
10: [4, 6, 15, 16, 3, 5]
11: [3, 7, 10, 15, 4, 16, 8, 9]
12: [5, 9, 16, 15, 6, 10]
13: [5, 8, 9, 16, 15, 6, 7, 10]
14: []
15: [3, 7, 10, 15, 4, 16, 8, 9]
15
0: [9, 10]
1: [7, 8, 10, 9]
2: [3, 4, 7, 10, 8, 9]
3: [3, 7, 10, 4, 8, 9]
4: [9, 10]
5: [8, 7]
6: [4, 3]
7: [3, 7, 10, 4, 8, 9]
8: [9, 15, 16, 10]
9: [8, 15, 16, 7]
10: [4, 15, 3, 16]
11: [3, 7, 10, 15, 4, 16, 8, 9]
12: [9, 16, 15, 10]
13: [8, 9, 16, 15, 7, 10]
14: [4, 8, 9, 16, 3, 15, 7, 10]
15: []
