40
1: [0, 1, 5, 9, 13, 12, 8, 4]
2: [0, 4, 8, 12, 13, 9, 5, 1]
3: [3, 2, 6, 10, 14, 15, 11, 7]
4: [3, 7, 11, 15, 14, 10, 6, 2]
5: [0, 1, 2, 6, 10, 14, 13, 12, 8, 4]
6: [0, 4, 8, 12, 13, 14, 10, 6, 2, 1]
7: [3, 2, 1, 5, 9, 13, 14, 15, 11, 7]
8: [3, 7, 11, 15, 14, 13, 9, 5, 1, 2]
9: [0, 1, 2, 3, 7, 11, 15, 14, 13, 12, 8, 4]
10: [0, 4, 8, 12, 13, 14, 15, 11, 7, 3, 2, 1]
11: [0, 4, 5, 6, 7, 3, 2, 1]
12: [0, 1, 2, 3, 7, 6, 5, 4]
13: [4, 8, 9, 10, 11, 7, 6, 5]
14: [4, 5, 6, 7, 11, 10, 9, 8]
15: [8, 12, 13, 14, 15, 11, 10, 9]
16: [8, 9, 10, 11, 15, 14, 13, 12]
17: [5, 9, 10, 6]
18: [5, 6, 10, 9]
19: [5, 6, 10, 9]
20: [5, 9, 10, 6]
21: [3, 7, 6, 5, 4, 0, 1, 2]
22: [3, 2, 1, 0, 4, 5, 6, 7]
23: [15, 11, 10, 9, 8, 12, 13, 14]
24: [15, 14, 13, 12, 8, 9, 10, 11]
25: [3, 7, 11, 10, 9, 8, 4, 0, 1, 2]
26: [3, 2, 1, 0, 4, 8, 9, 10, 11, 7]
27: [15, 11, 7, 6, 5, 4, 8, 12, 13, 14]
28: [15, 14, 13, 12, 8, 4, 5, 6, 7, 11]
29: [3, 7, 11, 15, 14, 13, 12, 8, 4, 0, 1, 2]
30: [3, 2, 1, 0, 4, 8, 12, 13, 14, 15, 11, 7]
31: [3, 2, 6, 10, 14, 15, 11, 7]
32: [3, 7, 11, 15, 14, 10, 6, 2]
33: [2, 1, 5, 9, 13, 14, 10, 6]
34: [2, 6, 10, 14, 13, 9, 5, 1]
35: [1, 0, 4, 8, 12, 13, 9, 5]
36: [1, 5, 9, 13, 12, 8, 4, 0]
37: [6, 5, 9, 10]
38: [6, 10, 9, 5]
39: [6, 10, 9, 5]
40: [6, 5, 9, 10]
16
0
0: []
1: [1, 5, 9, 12, 21, 25, 29, 36, 2, 11, 22, 35, 6, 26, 10, 30]
2: [5, 9, 12, 21, 25, 29, 11, 22, 6, 26, 10, 30]
3: [9, 12, 21, 25, 29, 11, 22, 26, 10, 30]
4: [2, 6, 10, 11, 22, 26, 30, 35, 1, 12, 21, 36, 5, 25, 9, 29]
5: [1, 11, 22, 36, 2, 12, 21, 35]
6: [5, 11, 22, 12, 21, 6]
7: [9, 11, 12, 21, 22, 25, 29, 26, 10, 30]
8: [2, 6, 10, 26, 30, 35, 1, 36, 5, 25, 9, 29]
9: [1, 26, 36, 2, 35, 25]
10: [5, 26, 6, 25]
11: [9, 25, 26, 29, 10, 30]
12: [2, 6, 10, 30, 35, 1, 36, 5, 9, 29]
13: [1, 2, 6, 10, 30, 35, 36, 5, 9, 29]
14: [5, 6, 10, 30, 9, 29]
15: [9, 10, 29, 30]
1
0: [2, 6, 10, 11, 22, 26, 30, 35, 1, 12, 21, 36, 5, 25, 9, 29]
1: []
2: [5, 8, 9, 12, 21, 25, 29, 34, 11, 22, 33, 6, 7, 26, 10, 30]
3: [8, 9, 12, 21, 25, 29, 11, 22, 7, 26, 10, 30]
4: [2, 6, 10, 11, 22, 26, 30, 35, 1, 12, 21, 36, 5, 25, 9, 29]
5: [1, 7, 33, 36, 11, 22, 12, 21, 2, 34, 35, 8]
6: [5, 34, 11, 12, 21, 22, 33, 6]
7: [8, 9, 12, 21, 25, 29, 11, 22, 7, 26, 10, 30]
8: [2, 6, 10, 26, 30, 35, 1, 36, 5, 25, 9, 29]
9: [1, 7, 33, 36, 26, 2, 25, 34, 35, 8]
10: [5, 34, 25, 26, 33, 6]
11: [8, 9, 25, 29, 7, 26, 10, 30]
12: [1, 2, 6, 10, 30, 35, 36, 5, 9, 29]
13: [1, 7, 33, 36, 2, 5, 6, 10, 30, 34, 35, 8, 9, 29]
14: [5, 7, 33, 34, 6, 8, 9, 10, 29, 30]
15: [7, 8, 9, 29, 10, 30]
2
0: [6, 10, 11, 22, 26, 30, 12, 21, 5, 25, 9, 29]
1: [6, 7, 10, 11, 22, 26, 30, 33, 12, 21, 34, 5, 8, 25, 9, 29]
2: []
3: [4, 8, 9, 12, 21, 25, 29, 32, 3, 11, 22, 31, 7, 26, 10, 30]
4: [6, 10, 11, 22, 26, 30, 12, 21, 5, 25, 9, 29]
5: [7, 33, 11, 12, 21, 22, 34, 8]
6: [3, 5, 31, 34, 12, 21, 11, 22, 4, 32, 33, 6]
7: [4, 8, 9, 12, 21, 25, 29, 32, 3, 11, 22, 31, 7, 26, 10, 30]
8: [6, 10, 26, 30, 5, 25, 9, 29]
9: [7, 33, 25, 26, 34, 8]
10: [3, 5, 31, 34, 25, 4, 26, 32, 33, 6]
11: [4, 8, 9, 25, 29, 32, 3, 31, 7, 26, 10, 30]
12: [5, 6, 10, 30, 9, 29]
13: [5, 7, 33, 34, 6, 8, 9, 10, 29, 30]
14: [3, 5, 31, 34, 4, 7, 8, 9, 29, 32, 33, 6, 10, 30]
15: [3, 4, 8, 9, 29, 31, 32, 7, 10, 30]
3
0: [10, 11, 22, 26, 30, 12, 21, 25, 9, 29]
1: [7, 10, 11, 22, 26, 30, 12, 21, 8, 25, 9, 29]
2: [3, 7, 10, 11, 22, 26, 30, 31, 4, 12, 21, 32, 8, 25, 9, 29]
3: []
4: [10, 11, 12, 21, 22, 26, 30, 25, 9, 29]
5: [7, 12, 21, 11, 22, 8]
6: [3, 12, 21, 31, 4, 11, 22, 32]
7: [4, 8, 9, 12, 21, 25, 29, 32, 3, 11, 22, 31, 7, 26, 10, 30]
8: [10, 25, 26, 30, 9, 29]
9: [7, 25, 8, 26]
10: [3, 25, 31, 4, 32, 26]
11: [4, 8, 9, 25, 29, 32, 3, 31, 7, 26, 10, 30]
12: [9, 10, 29, 30]
13: [7, 8, 9, 29, 10, 30]
14: [3, 4, 8, 9, 29, 31, 32, 7, 10, 30]
15: [4, 8, 9, 29, 32, 3, 31, 7, 10, 30]
4
0: [1, 5, 9, 12, 21, 25, 29, 36, 2, 11, 22, 35, 6, 26, 10, 30]
1: [1, 5, 9, 12, 21, 25, 29, 36, 2, 11, 22, 35, 6, 26, 10, 30]
2: [5, 9, 12, 21, 25, 29, 11, 22, 6, 26, 10, 30]
3: [9, 11, 12, 21, 22, 25, 29, 26, 10, 30]
4: []
5: [11, 14, 22, 28, 1, 36, 2, 35, 12, 13, 21, 27]
6: [11, 14, 22, 28, 5, 6, 12, 13, 21, 27]
7: [11, 14, 22, 28, 9, 12, 13, 21, 25, 26, 29, 10, 27, 30]
8: [2, 6, 10, 13, 26, 27, 30, 35, 1, 14, 36, 5, 25, 28, 9, 29]
9: [13, 26, 1, 2, 35, 36, 14, 25]
10: [13, 26, 5, 6, 14, 25]
11: [13, 14, 26, 28, 9, 10, 25, 27, 29, 30]
12: [2, 6, 10, 27, 30, 35, 1, 36, 5, 28, 9, 29]
13: [2, 6, 10, 27, 30, 35, 1, 36, 5, 28, 9, 29]
14: [6, 10, 27, 30, 5, 28, 9, 29]
15: [10, 27, 28, 30, 9, 29]
5
0: [2, 12, 21, 35, 1, 11, 22, 36]
1: [2, 8, 34, 35, 12, 21, 11, 22, 1, 33, 36, 7]
2: [8, 34, 11, 12, 21, 22, 33, 7]
3: [8, 11, 22, 12, 21, 7]
4: [12, 13, 21, 27, 2, 35, 1, 36, 11, 14, 22, 28]
5: []
6: [11, 14, 18, 19, 22, 28, 38, 39, 17, 20, 34, 37, 40, 33, 12, 13, 21, 27]
7: [11, 14, 22, 28, 8, 7, 12, 13, 21, 27]
8: [13, 27, 1, 2, 35, 36, 14, 28]
9: [1, 7, 17, 20, 33, 36, 37, 40, 13, 18, 19, 38, 39, 14, 2, 34, 35, 8]
10: [17, 18, 19, 20, 37, 38, 39, 40, 13, 14, 33, 34]
11: [14, 28, 7, 8, 13, 27]
12: [1, 27, 36, 2, 35, 28]
13: [1, 7, 33, 36, 27, 2, 28, 34, 35, 8]
14: [7, 33, 27, 28, 34, 8]
15: [7, 28, 8, 27]
6
0: [6, 12, 21, 11, 22, 5]
1: [6, 33, 11, 12, 21, 22, 34, 5]
2: [4, 6, 32, 33, 11, 22, 12, 21, 3, 31, 34, 5]
3: [4, 11, 22, 32, 3, 12, 21, 31]
4: [12, 13, 21, 27, 6, 5, 11, 14, 22, 28]
5: [12, 13, 17, 20, 21, 27, 37, 40, 18, 19, 33, 38, 39, 34, 11, 14, 22, 28]
6: []
7: [11, 14, 22, 28, 4, 32, 3, 31, 12, 13, 21, 27]
8: [13, 27, 5, 6, 14, 28]
9: [17, 18, 19, 20, 37, 38, 39, 40, 13, 14, 33, 34]
10: [3, 5, 18, 19, 31, 34, 38, 39, 14, 17, 20, 37, 40, 13, 4, 32, 33, 6]
11: [14, 28, 3, 4, 31, 32, 13, 27]
12: [5, 27, 6, 28]
13: [5, 34, 27, 28, 33, 6]
14: [3, 5, 31, 34, 28, 4, 27, 32, 33, 6]
15: [3, 28, 31, 4, 32, 27]
7
0: [10, 11, 12, 21, 22, 26, 30, 25, 9, 29]
1: [7, 10, 11, 22, 26, 30, 12, 21, 8, 25, 9, 29]
2: [3, 7, 10, 11, 22, 26, 30, 31, 4, 12, 21, 32, 8, 25, 9, 29]
3: [3, 7, 10, 11, 22, 26, 30, 31, 4, 12, 21, 32, 8, 25, 9, 29]
4: [12, 13, 21, 27, 10, 11, 14, 22, 25, 26, 30, 9, 28, 29]
5: [12, 13, 21, 27, 7, 8, 11, 14, 22, 28]
6: [12, 13, 21, 27, 3, 31, 4, 32, 11, 14, 22, 28]
7: []
8: [13, 14, 25, 27, 9, 10, 26, 28, 29, 30]
9: [14, 25, 7, 8, 13, 26]
10: [14, 25, 3, 4, 31, 32, 13, 26]
11: [4, 8, 9, 14, 25, 28, 29, 32, 3, 13, 31, 7, 26, 27, 10, 30]
12: [9, 27, 28, 29, 10, 30]
13: [8, 9, 28, 29, 7, 27, 10, 30]
14: [4, 8, 9, 28, 29, 32, 3, 31, 7, 27, 10, 30]
15: [4, 8, 9, 28, 29, 32, 3, 31, 7, 27, 10, 30]
8
0: [1, 5, 9, 25, 29, 36, 2, 35, 6, 26, 10, 30]
1: [1, 5, 9, 25, 29, 36, 2, 35, 6, 26, 10, 30]
2: [5, 9, 25, 29, 6, 26, 10, 30]
3: [9, 25, 26, 29, 10, 30]
4: [1, 5, 9, 14, 25, 28, 29, 36, 2, 13, 35, 6, 26, 27, 10, 30]
5: [14, 28, 1, 2, 35, 36, 13, 27]
6: [14, 28, 5, 6, 13, 27]
7: [13, 14, 26, 28, 9, 10, 25, 27, 29, 30]
8: []
9: [13, 16, 24, 26, 2, 35, 1, 36, 14, 15, 23, 25]
10: [13, 16, 24, 26, 6, 5, 14, 15, 23, 25]
11: [13, 16, 24, 26, 10, 14, 15, 23, 27, 28, 30, 9, 25, 29]
12: [2, 6, 10, 15, 23, 27, 30, 35, 1, 16, 24, 36, 5, 28, 9, 29]
13: [2, 6, 10, 15, 23, 27, 30, 35, 1, 16, 24, 36, 5, 28, 9, 29]
14: [6, 10, 15, 23, 27, 30, 16, 24, 5, 28, 9, 29]
15: [10, 15, 16, 23, 24, 27, 30, 28, 9, 29]
9
0: [2, 25, 35, 1, 36, 26]
1: [2, 8, 34, 35, 25, 1, 26, 33, 36, 7]
2: [8, 34, 25, 26, 33, 7]
3: [8, 26, 7, 25]
4: [14, 25, 1, 2, 35, 36, 13, 26]
5: [2, 8, 18, 19, 34, 35, 38, 39, 14, 17, 20, 37, 40, 13, 1, 33, 36, 7]
6: [17, 18, 19, 20, 37, 38, 39, 40, 13, 14, 33, 34]
7: [13, 26, 7, 8, 14, 25]
8: [14, 15, 23, 25, 1, 36, 2, 35, 13, 16, 24, 26]
9: []
10: [13, 16, 17, 20, 24, 26, 37, 40, 18, 19, 33, 38, 39, 34, 14, 15, 23, 25]
11: [13, 16, 24, 26, 7, 8, 14, 15, 23, 25]
12: [1, 15, 23, 36, 2, 16, 24, 35]
13: [1, 7, 33, 36, 15, 23, 16, 24, 2, 34, 35, 8]
14: [7, 33, 15, 16, 23, 24, 34, 8]
15: [7, 16, 24, 15, 23, 8]
10
0: [6, 25, 5, 26]
1: [6, 33, 25, 26, 34, 5]
2: [4, 6, 32, 33, 26, 3, 25, 31, 34, 5]
3: [4, 26, 32, 3, 31, 25]
4: [14, 25, 5, 6, 13, 26]
5: [17, 18, 19, 20, 37, 38, 39, 40, 13, 14, 33, 34]
6: [4, 6, 17, 20, 32, 33, 37, 40, 13, 18, 19, 38, 39, 14, 3, 31, 34, 5]
7: [13, 26, 3, 4, 31, 32, 14, 25]
8: [14, 15, 23, 25, 5, 6, 13, 16, 24, 26]
9: [14, 15, 18, 19, 23, 25, 38, 39, 17, 20, 34, 37, 40, 33, 13, 16, 24, 26]
10: []
11: [13, 16, 24, 26, 3, 31, 4, 32, 14, 15, 23, 25]
12: [5, 15, 23, 16, 24, 6]
13: [5, 34, 15, 16, 23, 24, 33, 6]
14: [3, 5, 31, 34, 16, 24, 15, 23, 4, 32, 33, 6]
15: [3, 16, 24, 31, 4, 15, 23, 32]
11
0: [10, 25, 26, 30, 9, 29]
1: [7, 10, 26, 30, 8, 25, 9, 29]
2: [3, 7, 10, 26, 30, 31, 4, 32, 8, 25, 9, 29]
3: [3, 7, 10, 26, 30, 31, 4, 32, 8, 25, 9, 29]
4: [13, 14, 25, 27, 9, 10, 26, 28, 29, 30]
5: [13, 27, 7, 8, 14, 28]
6: [13, 27, 3, 4, 31, 32, 14, 28]
7: [3, 7, 10, 13, 26, 27, 30, 31, 4, 14, 32, 8, 25, 28, 9, 29]
8: [14, 15, 23, 25, 9, 13, 16, 24, 27, 28, 29, 10, 26, 30]
9: [14, 15, 23, 25, 8, 7, 13, 16, 24, 26]
10: [14, 15, 23, 25, 4, 32, 3, 31, 13, 16, 24, 26]
11: []
12: [9, 15, 16, 23, 24, 28, 29, 27, 10, 30]
13: [8, 9, 16, 24, 28, 29, 15, 23, 7, 27, 10, 30]
14: [4, 8, 9, 16, 24, 28, 29, 32, 3, 15, 23, 31, 7, 27, 10, 30]
15: [4, 8, 9, 16, 24, 28, 29, 32, 3, 15, 23, 31, 7, 27, 10, 30]
12
0: [1, 5, 9, 29, 36, 2, 35, 6, 10, 30]
1: [1, 2, 5, 9, 29, 35, 36, 6, 10, 30]
2: [5, 6, 9, 29, 10, 30]
3: [9, 10, 29, 30]
4: [1, 5, 9, 28, 29, 36, 2, 35, 6, 27, 10, 30]
5: [2, 28, 35, 1, 36, 27]
6: [6, 28, 5, 27]
7: [10, 27, 28, 30, 9, 29]
8: [1, 5, 9, 16, 24, 28, 29, 36, 2, 15, 23, 35, 6, 27, 10, 30]
9: [2, 16, 24, 35, 1, 15, 23, 36]
10: [6, 16, 24, 15, 23, 5]
11: [10, 15, 16, 23, 24, 27, 30, 28, 9, 29]
12: []
13: [2, 6, 10, 15, 23, 27, 30, 35, 1, 16, 24, 36, 5, 28, 9, 29]
14: [6, 10, 15, 23, 27, 30, 16, 24, 5, 28, 9, 29]
15: [10, 15, 23, 27, 30, 16, 24, 28, 9, 29]
13
0: [1, 2, 5, 9, 29, 35, 36, 6, 10, 30]
1: [2, 8, 34, 35, 1, 5, 6, 9, 29, 33, 36, 7, 10, 30]
2: [6, 8, 33, 34, 5, 7, 9, 10, 29, 30]
3: [7, 8, 10, 30, 9, 29]
4: [1, 5, 9, 28, 29, 36, 2, 35, 6, 27, 10, 30]
5: [2, 8, 34, 35, 28, 1, 27, 33, 36, 7]
6: [6, 33, 27, 28, 34, 5]
7: [7, 10, 27, 30, 8, 28, 9, 29]
8: [1, 5, 9, 16, 24, 28, 29, 36, 2, 15, 23, 35, 6, 27, 10, 30]
9: [2, 8, 34, 35, 16, 24, 15, 23, 1, 33, 36, 7]
10: [6, 33, 15, 16, 23, 24, 34, 5]
11: [7, 10, 15, 23, 27, 30, 16, 24, 8, 28, 9, 29]
12: [1, 5, 9, 16, 24, 28, 29, 36, 2, 15, 23, 35, 6, 27, 10, 30]
13: []
14: [6, 7, 10, 15, 23, 27, 30, 33, 16, 24, 34, 5, 8, 28, 9, 29]
15: [7, 10, 15, 23, 27, 30, 16, 24, 8, 28, 9, 29]
14
0: [5, 6, 9, 29, 10, 30]
1: [6, 8, 33, 34, 5, 7, 9, 10, 29, 30]
2: [4, 6, 32, 33, 3, 7, 8, 10, 30, 31, 34, 5, 9, 29]
3: [3, 4, 7, 10, 30, 31, 32, 8, 9, 29]
4: [5, 9, 28, 29, 6, 27, 10, 30]
5: [8, 34, 27, 28, 33, 7]
6: [4, 6, 32, 33, 27, 3, 28, 31, 34, 5]
7: [3, 7, 10, 27, 30, 31, 4, 32, 8, 28, 9, 29]
8: [5, 9, 16, 24, 28, 29, 15, 23, 6, 27, 10, 30]
9: [8, 34, 15, 16, 23, 24, 33, 7]
10: [4, 6, 32, 33, 15, 23, 16, 24, 3, 31, 34, 5]
11: [3, 7, 10, 15, 23, 27, 30, 31, 4, 16, 24, 32, 8, 28, 9, 29]
12: [5, 9, 16, 24, 28, 29, 15, 23, 6, 27, 10, 30]
13: [5, 8, 9, 16, 24, 28, 29, 34, 15, 23, 33, 6, 7, 27, 10, 30]
14: []
15: [3, 7, 10, 15, 23, 27, 30, 31, 4, 16, 24, 32, 8, 28, 9, 29]
15
0: [9, 10, 29, 30]
1: [7, 8, 10, 30, 9, 29]
2: [3, 4, 7, 10, 30, 31, 32, 8, 9, 29]
3: [3, 7, 10, 30, 31, 4, 32, 8, 9, 29]
4: [9, 27, 28, 29, 10, 30]
5: [8, 27, 7, 28]
6: [4, 27, 32, 3, 31, 28]
7: [3, 7, 10, 27, 30, 31, 4, 32, 8, 28, 9, 29]
8: [9, 15, 16, 23, 24, 28, 29, 27, 10, 30]
9: [8, 15, 23, 16, 24, 7]
10: [4, 15, 23, 32, 3, 16, 24, 31]
11: [3, 7, 10, 15, 23, 27, 30, 31, 4, 16, 24, 32, 8, 28, 9, 29]
12: [9, 16, 24, 28, 29, 15, 23, 27, 10, 30]
13: [8, 9, 16, 24, 28, 29, 15, 23, 7, 27, 10, 30]
14: [4, 8, 9, 16, 24, 28, 29, 32, 3, 15, 23, 31, 7, 27, 10, 30]
15: []
