33.07	5	253	33.07	5	253	32.2847	5	251	0	0	0	0.00498339	0.00460333	0.00538667	0.00498342	0.00460333	0.00538667	0.0089563	0.00821667	0.00986667	0.00895609	0.00821667	0.00986667	1.79723	1.79718	33.2328	
33.2586	5	285	33.2586	5	285	32.4862	5	281	0	0	0	0.00998194	0.00952	0.0106333	0.0099821	0.00951667	0.0106333	0.0179709	0.01678	0.0192467	0.017971	0.01678	0.0192467	1.80034	1.80032	33.3755	
33.5578	5	490	33.5578	5	490	32.791	5	486	0	0	0	0.0149825	0.0143067	0.01555	0.0149827	0.0143033	0.01555	0.0269382	0.0256433	0.02851	0.0269382	0.0256433	0.02851	1.79798	1.79795	33.6371	
33.9259	5	496	33.9259	5	496	33.1432	5	492	0	0	0	0.0199847	0.0194667	0.0208033	0.0199845	0.0194667	0.0208	0.0359356	0.0345	0.03783	0.0359358	0.0344833	0.03783	1.79816	1.79818	33.961	
34.2028	5	495	34.2028	5	495	33.3665	5	491	0	0	0	0.0249844	0.02421	0.0256467	0.0249845	0.02421	0.0256467	0.0449068	0.0431433	0.04654	0.0449072	0.0431433	0.04654	1.7974	1.79741	34.1938	
34.6783	5	501	34.6783	5	501	33.9115	5	497	0	0	0	0.0299786	0.02924	0.0307733	0.0299786	0.02924	0.0307733	0.0539195	0.05213	0.05596	0.0539188	0.0521367	0.05596	1.7986	1.79858	34.6175	
35.1997	5	501	35.1997	5	501	34.4425	5	497	0	0	0	0.0349774	0.0342367	0.0358733	0.0349776	0.0342333	0.0358767	0.0629459	0.0611567	0.0654667	0.0629468	0.0611567	0.06545	1.79962	1.79963	35.084	
35.6509	5	506	35.6509	5	506	34.9126	5	502	0	0	0	0.0399889	0.0391467	0.0409867	0.0399889	0.0391467	0.04098	0.072009	0.0696667	0.07408	0.0720088	0.0696667	0.07408	1.80073	1.80072	35.4775	
36.2405	5	503	36.2405	5	503	35.5452	5	499	0	0	0	0.0449701	0.04413	0.0460133	0.0449702	0.0441333	0.0460133	0.080976	0.0788633	0.0842433	0.080976	0.0788633	0.08422	1.80066	1.80066	36.0027	
36.9463	5	515	36.9463	5	515	36.2932	5	511	0	0	0	0.0499764	0.04892	0.05151	0.0499763	0.04892	0.0515067	0.0899879	0.0868533	0.0925167	0.0899877	0.0868533	0.0925233	1.80061	1.80061	36.6373	
37.7132	5	512	37.7132	5	512	37.0815	5	512	0	0	0	0.054982	0.0535933	0.0560633	0.054982	0.0536033	0.0560733	0.0989778	0.0963233	0.1012	0.098978	0.0963533	0.1012	1.80018	1.80019	37.3255	
38.5436	5	525	38.5436	5	525	37.8898	5	521	0	0	0	0.0599857	0.0589133	0.0613133	0.0599857	0.0589133	0.0613233	0.107968	0.104723	0.111213	0.107969	0.104723	0.111233	1.7999	1.79991	38.07	
39.5682	5	741	39.5681	5	741	38.9648	5	737	0	0	0	0.0649985	0.0638667	0.0660133	0.0649981	0.0638667	0.0660133	0.117022	0.11463	0.119897	0.117022	0.114637	0.119897	1.80038	1.80039	38.9927	
40.8855	5	756	40.8854	5	756	40.3826	5	756	0	0	0	0.0699986	0.0686933	0.0711733	0.0699983	0.0686933	0.0711833	0.126019	0.123233	0.12942	0.126019	0.12324	0.12942	1.80031	1.80031	40.183	
42.5811	5	747	42.581	5	747	42.1254	5	743	0	0	0	0.07499	0.0734167	0.0760667	0.0749906	0.0734167	0.07606	0.134971	0.131247	0.138787	0.134972	0.13125	0.13874	1.79985	1.79986	41.7175	
44.8138	5	760	44.8135	5	760	44.3973	5	760	0	0	0	0.0799878	0.0786433	0.0812033	0.0799886	0.07865	0.08121	0.143984	0.14032	0.146947	0.143985	0.14033	0.146957	1.80007	1.80007	43.7422	
48.5579	5	759	48.557	5	759	48.2303	5	759	0	0	0	0.0849842	0.08364	0.08641	0.0849848	0.0836433	0.0864067	0.152967	0.14972	0.156877	0.152968	0.149683	0.156873	1.79995	1.79995	47.149	
163252	31	681011	295.807	5	2848	295.036	5	2844	0	0	0	-0.210018	-0.207463	-0.212759	-0.146055	-0.0633165	-0.211179	-0.37789	-0.373062	-0.383575	-0.262913	-0.115463	-0.380645	1.79932	1.80011	132.97	
