42.9923	2	253	42.9923	2	253	42.2603	2	253	0	0	0	0.00498339	0.00460333	0.00538667	0.0049834	0.00460333	0.00539333	0.0089563	0.00821667	0.00986667	0.00895629	0.00821667	0.00984667	1.79723	1.79723	43.1238	
43.0931	2	491	43.0931	2	491	42.2933	2	487	0	0	0	0.00998194	0.00952	0.0106333	0.00998216	0.00951667	0.0106333	0.0179709	0.01678	0.0192467	0.0179708	0.0167833	0.0192467	1.80034	1.80029	43.1532	
43.2233	2	491	43.2233	2	491	42.4909	2	487	0	0	0	0.0149825	0.0143067	0.01555	0.0149829	0.0143033	0.01555	0.0269382	0.0256433	0.02851	0.0269387	0.0256433	0.02851	1.79798	1.79796	43.2188	
43.3495	2	496	43.3495	2	496	42.5621	2	492	0	0	0	0.0199847	0.0194667	0.0208033	0.0199848	0.0194667	0.0207967	0.0359356	0.0345	0.03783	0.0359365	0.0344833	0.0378367	1.79816	1.79819	43.2773	
43.6055	2	496	43.6055	2	496	42.7701	2	494	0	0	0	0.0249844	0.02421	0.0256467	0.0249846	0.02421	0.02565	0.0449068	0.0431433	0.04654	0.0449074	0.0431533	0.0465433	1.7974	1.7974	43.4657	
43.8852	2	500	43.8852	2	500	43.1358	2	500	0	0	0	0.0299786	0.02924	0.0307733	0.0299781	0.0292433	0.0307733	0.0539195	0.05213	0.05596	0.0539176	0.0521567	0.05596	1.7986	1.79857	43.6724	
44.2074	2	508	44.2074	2	508	43.4514	2	504	0	0	0	0.0349774	0.0342367	0.0358733	0.0349775	0.03423	0.0358767	0.0629459	0.0611567	0.0654667	0.0629461	0.0611533	0.0654667	1.79962	1.79962	43.9185	
44.6494	2	512	44.6494	2	512	43.8714	2	512	0	0	0	0.0399889	0.0391467	0.0409867	0.039989	0.03915	0.0409767	0.072009	0.0696667	0.07408	0.0720087	0.0696667	0.07408	1.80073	1.80071	44.2769	
45.101	2	509	45.101	2	509	44.3728	2	509	0	0	0	0.0449701	0.04413	0.0460133	0.0449704	0.0441367	0.04602	0.080976	0.0788633	0.0842433	0.0809764	0.0788633	0.0842333	1.80066	1.80066	44.64	
45.582	2	513	45.582	2	513	44.9081	2	513	0	0	0	0.0499764	0.04892	0.05151	0.0499761	0.04892	0.05151	0.0899879	0.0868533	0.0925167	0.0899875	0.0868533	0.09252	1.80061	1.80061	45.0255	
46.3317	2	516	46.3317	2	516	45.6764	2	512	0	0	0	0.054982	0.0535933	0.0560633	0.0549815	0.0536033	0.0560567	0.0989778	0.0963233	0.1012	0.0989769	0.0963567	0.1012	1.80018	1.80018	45.6634	
47.0629	2	518	47.0629	2	518	46.4163	2	518	0	0	0	0.0599857	0.0589133	0.0613133	0.0599856	0.05894	0.0613233	0.107968	0.104723	0.111213	0.107968	0.10473	0.11121	1.7999	1.7999	46.2756	
48.1339	2	746	48.1339	2	746	47.5234	2	742	0	0	0	0.0649985	0.0638667	0.0660133	0.0649981	0.06387	0.06602	0.117022	0.11463	0.119897	0.117022	0.114637	0.119893	1.80038	1.80039	47.1949	
49.4531	2	741	49.453	2	741	48.8951	2	737	0	0	0	0.0699986	0.0686933	0.0711733	0.0699992	0.06868	0.07117	0.126019	0.123233	0.12942	0.126022	0.123223	0.129443	1.80031	1.80033	48.3369	
51.4114	2	754	51.4112	2	754	50.917	2	750	0	0	0	0.07499	0.0734167	0.0760667	0.0749912	0.0734133	0.0760733	0.134971	0.131247	0.138787	0.134974	0.13123	0.13873	1.79985	1.79986	50.0585	
54.7697	2	748	54.7687	2	748	54.3898	2	744	0	0	0	0.0799878	0.0786433	0.0812033	0.0799892	0.07866	0.0812	0.143984	0.14032	0.146947	0.143986	0.140353	0.146947	1.80007	1.80007	53.0305	
109562	6	640948	282.752	2	4457	283.696	2	4457	0	0	0	-0.198338	-0.195906	-0.200439	-0.149863	-0.0146233	-0.211029	-0.356907	-0.350552	-0.364145	-0.269754	-0.0264232	-0.377922	1.79949	1.8	128.721	
