19.1688	1	274	19.1688	1	274	18.3855	1	270	0	0	0	0.00498339	0.00460333	0.00538667	0.00498352	0.00455667	0.00546667	0.0089563	0.00821667	0.00986667	0.00895648	0.00789	0.00981	1.79723	1.79722	19.346	
19.3958	1	282	19.3958	1	282	18.6715	1	278	0	0	0	0.00998194	0.00952	0.0106333	0.00998211	0.00956	0.01048	0.0179709	0.01678	0.0192467	0.0179712	0.01652	0.0190933	1.80034	1.80034	19.5422	
19.5919	1	291	19.5919	1	291	18.9014	1	287	0	0	0	0.0149825	0.0143067	0.01555	0.0149827	0.0142967	0.0156767	0.0269382	0.0256433	0.02851	0.026938	0.02567	0.0291567	1.79798	1.79795	19.7124	
19.8173	1	500	19.8173	1	500	19.2097	1	496	0	0	0	0.0199847	0.0194667	0.0208033	0.0199848	0.0192767	0.0205867	0.0359356	0.0345	0.03783	0.0359363	0.0341033	0.0377733	1.79816	1.79818	19.9081	
20.1096	1	299	20.1096	1	299	19.536	1	295	0	0	0	0.0249844	0.02421	0.0256467	0.0249846	0.0240433	0.0259	0.0449068	0.0431433	0.04654	0.0449083	0.0428467	0.04713	1.7974	1.79744	20.169	
20.4049	1	314	20.4049	1	314	19.9066	1	310	0	0	0	0.0299786	0.02924	0.0307733	0.0299787	0.02906	0.0307533	0.0539195	0.05213	0.05596	0.0539195	0.05163	0.0558633	1.7986	1.7986	20.4291	
20.7026	1	510	20.7026	1	510	20.276	1	506	0	0	0	0.0349774	0.0342367	0.0358733	0.034977	0.0340267	0.0358067	0.0629459	0.0611567	0.0654667	0.062945	0.06074	0.06495	1.79962	1.79961	20.6896	
20.9855	1	511	20.9855	1	511	20.6197	1	507	0	0	0	0.0399889	0.0391467	0.0409867	0.0399886	0.0390367	0.0408633	0.072009	0.0696667	0.07408	0.0720087	0.0697933	0.0743633	1.80073	1.80073	20.9338	
21.3351	1	501	21.3351	1	501	21.0126	1	497	0	0	0	0.0449701	0.04413	0.0460133	0.0449702	0.04379	0.04609	0.080976	0.0788633	0.0842433	0.0809764	0.0786333	0.08306	1.80066	1.80067	21.245	
21.7125	1	511	21.7125	1	511	21.4476	1	507	0	0	0	0.0499764	0.04892	0.05151	0.049976	0.0487333	0.05127	0.0899879	0.0868533	0.0925167	0.089987	0.0871567	0.09239	1.80061	1.8006	21.5794	
22.0994	1	515	22.0994	1	515	21.9311	1	511	0	0	0	0.054982	0.0535933	0.0560633	0.0549815	0.0539667	0.0561533	0.0989778	0.0963233	0.1012	0.0989771	0.0960533	0.10155	1.80018	1.80019	21.9213	
22.5529	1	514	22.5529	1	514	22.4489	1	510	0	0	0	0.0599857	0.0589133	0.0613133	0.0599861	0.05887	0.0614433	0.107968	0.104723	0.111213	0.107969	0.105147	0.11123	1.7999	1.7999	22.3249	
23.0509	1	523	23.0509	1	523	23.037	1	519	0	0	0	0.0649985	0.0638667	0.0660133	0.0649976	0.0637767	0.06674	0.117022	0.11463	0.119897	0.11702	0.11432	0.12074	1.80038	1.80038	22.7687	
23.5957	1	523	23.5957	1	523	23.6707	1	519	0	0	0	0.0699986	0.0686933	0.0711733	0.0699991	0.0689167	0.0716733	0.126019	0.123233	0.12942	0.126021	0.123433	0.129887	1.80031	1.80032	23.2549	
24.1688	1	518	24.1688	1	518	24.3317	1	514	0	0	0	0.07499	0.0734167	0.0760667	0.07499	0.0736667	0.07636	0.134971	0.131247	0.138787	0.134971	0.13225	0.138527	1.79985	1.79986	23.7645	
24.8459	1	527	24.8459	1	527	25.0704	1	523	0	0	0	0.0799878	0.0786433	0.0812033	0.0799876	0.0785	0.0815133	0.143984	0.14032	0.146947	0.143984	0.140993	0.147603	1.80007	1.80008	24.3701	
25.6011	1	537	25.6011	1	537	25.9275	1	533	0	0	0	0.0849842	0.08364	0.08641	0.0849839	0.0837633	0.0867067	0.152967	0.14972	0.156877	0.152967	0.149753	0.157013	1.79995	1.79995	25.0436	
26.529	1	538	26.529	1	538	26.9565	1	534	0	0	0	0.08999	0.0882767	0.0914933	0.0899904	0.08869	0.0918367	0.161986	0.15777	0.165417	0.161987	0.15833	0.16597	1.80005	1.80005	25.8761	
27.5758	1	758	27.5758	1	758	28.0641	1	754	0	0	0	0.0949999	0.0936067	0.0963867	0.0949989	0.0935167	0.09671	0.170999	0.166893	0.17535	0.170997	0.166713	0.175097	1.79999	1.79999	26.8142	
28.9167	1	546	28.9167	1	546	29.4952	1	542	0	0	0	0.100003	0.09821	0.10142	0.100003	0.0986833	0.10158	0.180009	0.17718	0.183673	0.180009	0.175633	0.18395	1.80004	1.80003	28.0189	
30.7539	1	560	30.7539	1	560	31.4083	1	556	0	0	0	0.105002	0.10362	0.106463	0.105003	0.103493	0.10661	0.189006	0.18513	0.192463	0.189006	0.18404	0.192923	1.80002	1.80002	29.6766	
33.7953	1	597	33.7952	1	597	34.5129	1	593	0	0	0	0.110003	0.10808	0.11205	0.110006	0.10862	0.111597	0.19802	0.193597	0.202457	0.198026	0.193683	0.20185	1.80014	1.80014	32.4284	
318618	153613	505358	266.957	1	2552	266.202	1	2552	0	0	0	-0.26834	-0.266502	-0.270546	-0.154217	-0.152369	-0.156356	-0.482893	-0.476822	-0.488888	-0.277609	-0.272772	-0.282876	1.79956	1.80012	125.839	
