18.4598	1	88	18.4459	1	88	17.6424	1	84	0	0	0	0.00498339	0.00460333	0.00538667	0.0049834	0	0.08064	0.0089563	0.00821667	0.00986667	0.00895646	0	0.145507	1.79723	1.79726	18.6318	
18.5281	1	98	18.4976	1	98	17.7109	1	94	0	0	0	0.00998194	0.00952	0.0106333	0.0099821	0	0.161107	0.0179709	0.01678	0.0192467	0.0179711	0	0.292203	1.80034	1.80034	18.6475	
18.6072	1	99	18.5591	1	99	17.7745	1	95	0	0	0	0.0149825	0.0143067	0.01555	0.0149826	0	0.241393	0.0269382	0.0256433	0.02851	0.0269379	0	0.433963	1.79798	1.79795	18.6624	
18.7329	1	107	18.6669	1	107	17.9063	1	103	0	0	0	0.0199847	0.0194667	0.0208033	0.0199848	0	0.32144	0.0359356	0.0345	0.03783	0.0359363	0	0.578983	1.79816	1.79819	18.7015	
18.8895	1	114	18.8035	1	114	18.088	1	110	0	0	0	0.0249844	0.02421	0.0256467	0.024985	0	0.401607	0.0449068	0.0431433	0.04654	0.0449082	0	0.72478	1.7974	1.79741	18.744	
19.1053	1	105	18.9963	1	105	18.3421	1	101	0	0	0	0.0299786	0.02924	0.0307733	0.0299783	0	0.481653	0.0539195	0.05213	0.05596	0.0539185	0	0.87036	1.7986	1.79859	18.81	
19.3955	1	137	19.2594	1	137	18.7094	1	133	0	0	0	0.0349774	0.0342367	0.0358733	0.0347296	0	0.558247	0.0629459	0.0611567	0.0654667	0.0625	0	1	1.79962	1.79962	18.9056	
19.7986	1	140	19.6319	1	140	19.2259	1	136	0	0	0	0.0399889	0.0391467	0.0409867	0.0347307	0	0.55834	0.072009	0.0696667	0.07408	0.0625	0	1	1.80073	1.79956	19.0509	
20.3484	1	160	20.1449	1	160	19.9683	1	158	0	0	0	0.0449701	0.04413	0.0460133	0.0347308	0	0.558333	0.080976	0.0788633	0.0842433	0.0625	0	1	1.80066	1.79956	19.2593	
21.1786	1	172	20.9275	1	172	21.0695	1	196	0	0	0	0.0499764	0.04892	0.05151	0.0347308	0	0.558333	0.0899879	0.0868533	0.0925167	0.0625	0	1	1.80061	1.79956	19.613	
22.56	1	227	22.2378	1	225	22.8624	1	221	0	0	0	0.054982	0.0535933	0.0560633	0.0347307	0	0.55835	0.0989778	0.0963233	0.1012	0.0625	0	1	1.80018	1.79956	20.2598	
25.1824	1	219	24.7348	1	219	26.0691	1	271	0	0	0	0.0599857	0.0589133	0.0613133	0.0347305	0	0.55832	0.107968	0.104723	0.111213	0.0625	0	1	1.7999	1.79957	21.5794	
33.4056	1	530	32.4743	1	317	34.7795	1	366	0	0	0	0.0649985	0.0638667	0.0660133	0.0347309	0	0.558347	0.117022	0.11463	0.119897	0.0625	0	1	1.80038	1.79955	26.1852	
364.691	1	4495	128.329	1	783	98.6169	1	927	0	0	0	-0.0699984	-0.0686931	-0.0711731	-0.0347278	0	-0.558461	-0.126019	-0.123233	-0.12942	-0.0624998	0	-0.999997	1.80031	1.7997	97.868	
