17.7354	1	63	17.7203	1	60	16.8986	1	59	0	0	0	0.00498339	0.00460333	0.00538667	0.00498344	0.00455667	0.00546667	0.0089563	0.00821667	0.00986667	0.00895645	0.00789	0.00981	1.79723	1.79724	17.9127	
17.7568	1	63	17.7244	1	63	16.9374	1	60	0	0	0	0.00998194	0.00952	0.0106333	0.00998203	0.00956	0.01048	0.0179709	0.01678	0.0192467	0.017971	0.01652	0.0190933	1.80034	1.80033	17.902	
17.7989	1	64	17.7492	1	62	16.9577	1	62	0	0	0	0.0149825	0.0143067	0.01555	0.0149826	0.0142933	0.0156767	0.0269382	0.0256433	0.02851	0.0269378	0.02567	0.0291567	1.79798	1.79794	17.9181	
17.8615	1	66	17.7933	1	62	17.0075	1	62	0	0	0	0.0199847	0.0194667	0.0208033	0.0199847	0.0192767	0.0205867	0.0359356	0.0345	0.03783	0.0359361	0.0341033	0.0377767	1.79816	1.79817	17.9511	
17.9089	1	67	17.8205	1	67	17.0358	1	63	0	0	0	0.0249844	0.02421	0.0256467	0.0249844	0.0240433	0.0259033	0.0449068	0.0431433	0.04654	0.0449075	0.0428467	0.04713	1.7974	1.79742	17.9667	
17.9591	1	68	17.8469	1	67	17.0517	1	64	0	0	0	0.0299786	0.02924	0.0307733	0.0299787	0.02906	0.03075	0.0539195	0.05213	0.05596	0.0539198	0.05163	0.0558767	1.7986	1.7986	17.9787	
18.0257	1	78	17.8889	1	64	17.0959	1	62	0	0	0	0.0349774	0.0342367	0.0358733	0.0349774	0.03402	0.03581	0.0629459	0.0611567	0.0654667	0.062946	0.0607367	0.06495	1.79962	1.79962	18.0067	
18.0899	1	76	17.9257	1	76	17.1363	1	72	0	0	0	0.0399889	0.0391467	0.0409867	0.0399885	0.0390367	0.0408633	0.072009	0.0696667	0.07408	0.0720081	0.0697933	0.07438	1.80073	1.80072	18.0291	
18.1466	1	79	17.9542	1	78	17.1553	1	74	0	0	0	0.0449701	0.04413	0.0460133	0.0449699	0.0437933	0.04609	0.080976	0.0788633	0.0842433	0.0809755	0.0786367	0.0830633	1.80066	1.80066	18.0444	
18.2128	1	75	17.9888	1	74	17.1925	1	70	0	0	0	0.0499764	0.04892	0.05151	0.0499761	0.0487333	0.05127	0.0899879	0.0868533	0.0925167	0.0899876	0.0871533	0.0923867	1.80061	1.80061	18.0628	
18.2778	1	82	18.0183	1	80	17.2271	1	76	0	0	0	0.054982	0.0535933	0.0560633	0.0549816	0.0539667	0.0561533	0.0989778	0.0963233	0.1012	0.0989772	0.0960533	0.101553	1.80018	1.80019	18.0784	
18.3514	1	99	18.055	1	99	17.2583	1	95	0	0	0	0.0599857	0.0589133	0.0613133	0.0599853	0.0588633	0.0614433	0.107968	0.104723	0.111213	0.107968	0.105147	0.11123	1.7999	1.79991	18.0992	
18.4282	1	88	18.0882	1	84	17.2999	1	80	0	0	0	0.0649985	0.0638667	0.0660133	0.0649982	0.0637733	0.06674	0.117022	0.11463	0.119897	0.117021	0.11432	0.12074	1.80038	1.80037	18.1158	
18.5243	1	90	18.138	1	82	17.3449	1	78	0	0	0	0.0699986	0.0686933	0.0711733	0.0699984	0.0689167	0.0716733	0.126019	0.123233	0.12942	0.126019	0.123433	0.129887	1.80031	1.80032	18.1472	
18.6056	1	96	18.1687	1	87	17.3732	1	83	0	0	0	0.07499	0.0734167	0.0760667	0.0749895	0.07367	0.0763633	0.134971	0.131247	0.138787	0.13497	0.132253	0.138527	1.79985	1.79985	18.1614	
18.703	1	104	18.2077	1	95	17.4158	1	91	0	0	0	0.0799878	0.0786433	0.0812033	0.0799871	0.0784967	0.08151	0.143984	0.14032	0.146947	0.143982	0.14099	0.147607	1.80007	1.80007	18.18	
18.7957	1	121	18.237	1	121	17.4486	1	117	0	0	0	0.0849842	0.08364	0.08641	0.084984	0.0837633	0.0867133	0.152967	0.14972	0.156877	0.152967	0.149753	0.157033	1.79995	1.79995	18.1905	
18.9011	1	122	18.2708	1	116	17.4793	1	112	0	0	0	0.08999	0.0882767	0.0914933	0.0899897	0.0886933	0.0918333	0.161986	0.15777	0.165417	0.161985	0.158347	0.165967	1.80005	1.80004	18.2049	
19.0304	1	111	18.3194	1	100	17.5305	1	100	0	0	0	0.0949999	0.0936067	0.0963867	0.0949993	0.0935033	0.09671	0.170999	0.166893	0.17535	0.170997	0.166707	0.175097	1.79999	1.79999	18.2306	
19.1577	1	138	18.3577	1	105	17.5701	1	105	0	0	0	0.100003	0.09821	0.10142	0.100002	0.0986833	0.101583	0.180009	0.17718	0.183673	0.180008	0.175627	0.18395	1.80004	1.80004	18.2464	
19.3079	1	153	18.4025	1	112	17.6161	1	108	0	0	0	0.105002	0.10362	0.106463	0.105002	0.10349	0.10661	0.189006	0.18513	0.192463	0.189006	0.184063	0.19289	1.80002	1.80002	18.2669	
19.4733	1	126	18.4502	1	106	17.6713	1	102	0	0	0	0.110003	0.10808	0.11205	0.110003	0.108607	0.1116	0.19802	0.193597	0.202457	0.198019	0.193667	0.20184	1.80014	1.80013	18.2892	
19.6264	1	140	18.4835	1	110	17.6954	1	110	0	0	0	0.115	0.11298	0.11649	0.115	0.11348	0.116717	0.207012	0.20274	0.211183	0.207012	0.20224	0.211433	1.8001	1.8001	18.2974	
19.8375	1	152	18.5343	1	120	17.746	1	116	0	0	0	0.120001	0.11788	0.12139	0.120001	0.11847	0.121837	0.215985	0.21001	0.219877	0.215985	0.211223	0.220263	1.79986	1.79986	18.3197	
20.0751	1	196	18.5902	1	109	17.8061	1	109	0	0	0	0.124991	0.122477	0.126757	0.124991	0.12347	0.126653	0.224941	0.21717	0.229613	0.224938	0.219827	0.228487	1.79965	1.79964	18.3447	
20.3204	1	171	18.6429	1	124	17.8613	1	120	0	0	0	0.129994	0.12861	0.13163	0.129994	0.128617	0.131763	0.233907	0.229627	0.239577	0.233907	0.229133	0.237733	1.79937	1.79937	18.3659	
20.6113	1	173	18.6887	1	108	17.9078	1	104	0	0	0	0.135011	0.13331	0.137077	0.13501	0.133497	0.13668	0.242939	0.23854	0.24718	0.242937	0.238423	0.24661	1.7994	1.7994	18.379	
20.9743	1	196	18.7471	1	113	17.9678	1	113	0	0	0	0.140012	0.138473	0.141673	0.140012	0.138427	0.14175	0.251956	0.247503	0.255883	0.251957	0.2477	0.255873	1.79953	1.79954	18.4	
21.3744	1	379	18.809	1	131	18.0275	1	131	0	0	0	0.145017	0.14337	0.146897	0.145017	0.1433	0.147003	0.260933	0.25642	0.265297	0.260932	0.25636	0.26513	1.79933	1.79932	18.4255	
21.8461	1	228	18.8662	1	126	18.0877	1	122	0	0	0	0.15003	0.148493	0.151627	0.150029	0.14811	0.151923	0.269926	0.26537	0.274093	0.269925	0.26557	0.274513	1.79915	1.79914	18.4409	
22.4648	1	253	18.925	1	130	18.1397	1	128	0	0	0	0.15501	0.153073	0.15654	0.155011	0.152593	0.157043	0.278871	0.274573	0.28329	0.278873	0.274497	0.284573	1.79905	1.79905	18.4564	
23.1841	1	293	18.9898	1	135	18.2056	1	135	0	0	0	0.159992	0.158507	0.162103	0.159992	0.157413	0.162047	0.287835	0.28356	0.292603	0.287834	0.283643	0.29421	1.79905	1.79905	18.4759	
24.1712	1	327	19.0676	1	128	18.2885	1	128	0	0	0	0.164984	0.16321	0.16732	0.164984	0.162443	0.166927	0.296815	0.29239	0.302133	0.296816	0.29237	0.303723	1.79905	1.79906	18.5004	
25.6069	1	487	19.1412	1	134	18.3616	1	134	0	0	0	0.169982	0.16839	0.171893	0.16998	0.167087	0.17174	0.305826	0.299963	0.31143	0.305823	0.30155	0.312023	1.79917	1.79917	18.5193	
27.6789	1	467	19.2185	1	146	18.4454	1	146	0	0	0	0.174982	0.17345	0.177263	0.174981	0.172033	0.176793	0.314825	0.31027	0.319503	0.314823	0.31034	0.32062	1.79918	1.79919	18.5387	
32.1159	1	898	19.3138	1	141	18.5425	1	137	0	0	0	0.179982	0.17798	0.182083	0.17998	0.177257	0.181997	0.323818	0.31814	0.328417	0.323815	0.319487	0.329687	1.79917	1.79917	18.5642	
100.856	1	6318	19.4002	1	154	18.6321	1	154	0	0	0	0.18501	0.183117	0.18689	0.185001	0.182987	0.18672	0.332888	0.327848	0.337863	0.332869	0.328615	0.33724	1.7993	1.79928	18.5797	
1601.86	1	70827	19.452	1	186	18.6887	1	186	0	0	0	-0.443278	-0.439885	-0.446495	-0.442131	-0.439065	-0.445142	-0.797762	-0.788654	-0.805487	-0.795705	-0.790261	-0.803897	1.79969	1.7997	18.577	
