14.0559	2	62	14.0557	2	62	13.2659	2	58	0	0	0	0.00498339	0.00460333	0.00538667	0.00498337	0.00460333	0.00539	0.0089563	0.00821667	0.00986667	0.00895632	0.00821667	0.00986667	1.79723	1.79724	14.2342	
14.354	2	62	14.3535	2	62	13.5716	2	60	0	0	0	0.00998194	0.00952	0.0106333	0.00998198	0.00951667	0.0106333	0.0179709	0.01678	0.0192467	0.0179708	0.01678	0.0192467	1.80034	1.80033	14.5064	
14.6265	2	64	14.6258	2	64	13.8396	2	61	0	0	0	0.0149825	0.0143067	0.01555	0.0149826	0.0143033	0.01555	0.0269382	0.0256433	0.02851	0.0269381	0.0256433	0.02851	1.79798	1.79796	14.759	
14.8892	2	64	14.8882	2	64	14.099	2	62	0	0	0	0.0199847	0.0194667	0.0208033	0.0199846	0.0194667	0.0208	0.0359356	0.0345	0.03783	0.035936	0.0344833	0.03783	1.79816	1.79818	14.9991	
15.1238	2	66	15.1224	2	66	14.3314	2	62	0	0	0	0.0249844	0.02421	0.0256467	0.0249845	0.02421	0.0256467	0.0449068	0.0431433	0.04654	0.0449073	0.04314	0.04654	1.7974	1.79741	15.2158	
15.3634	2	66	15.3617	2	66	14.5849	2	62	0	0	0	0.0299786	0.02924	0.0307733	0.0299784	0.0292433	0.0307733	0.0539195	0.05213	0.05596	0.0539192	0.0521567	0.05596	1.7986	1.7986	15.4355	
15.5836	2	66	15.5815	2	66	14.8037	2	62	0	0	0	0.0349774	0.0342367	0.0358733	0.0349775	0.0342367	0.0358767	0.0629459	0.0611567	0.0654667	0.0629463	0.0611567	0.0654667	1.79962	1.79962	15.6343	
15.7832	2	66	15.7804	2	66	14.9965	2	62	0	0	0	0.0399889	0.0391467	0.0409867	0.0399886	0.0391467	0.0409833	0.072009	0.0696667	0.07408	0.0720082	0.0696667	0.07408	1.80073	1.80072	15.8132	
15.9624	2	66	15.9592	2	66	15.1857	2	62	0	0	0	0.0449701	0.04413	0.0460133	0.0449703	0.0441333	0.0460133	0.080976	0.0788633	0.0842433	0.0809764	0.0788633	0.0842333	1.80066	1.80066	15.9773	
16.1456	2	66	16.1416	2	66	15.3758	2	63	0	0	0	0.0499764	0.04892	0.05151	0.0499761	0.0489233	0.05151	0.0899879	0.0868533	0.0925167	0.0899873	0.0868533	0.0925233	1.80061	1.80061	16.1427	
16.3094	2	66	16.3044	2	66	15.548	2	62	0	0	0	0.054982	0.0535933	0.0560633	0.0549819	0.0536033	0.0560667	0.0989778	0.0963233	0.1012	0.0989776	0.0963567	0.1012	1.80018	1.80019	16.2898	
16.4543	2	70	16.4488	2	70	15.6855	2	66	0	0	0	0.0599857	0.0589133	0.0613133	0.0599857	0.0589133	0.06132	0.107968	0.104723	0.111213	0.107969	0.104723	0.111213	1.7999	1.79991	16.4186	
16.5953	2	69	16.5888	2	69	15.8302	2	65	0	0	0	0.0649985	0.0638667	0.0660133	0.064998	0.0638667	0.06601	0.117022	0.11463	0.119897	0.117021	0.114637	0.119893	1.80038	1.80038	16.5444	
16.7365	2	67	16.7289	2	67	15.9731	2	63	0	0	0	0.0699986	0.0686933	0.0711733	0.0699982	0.0687	0.0711767	0.126019	0.123233	0.12942	0.126019	0.123237	0.12942	1.80031	1.80031	16.6696	
16.8699	2	98	16.861	2	98	16.1058	2	94	0	0	0	0.07499	0.0734167	0.0760667	0.0749894	0.07342	0.0760533	0.134971	0.131247	0.138787	0.13497	0.131247	0.138733	1.79985	1.79985	16.7876	
16.9954	2	105	16.9851	2	105	16.2348	2	101	0	0	0	0.0799878	0.0786433	0.0812033	0.0799875	0.07865	0.08122	0.143984	0.14032	0.146947	0.143983	0.14033	0.146947	1.80007	1.80007	16.8969	
17.1037	2	96	17.0919	2	96	16.3446	2	92	0	0	0	0.0849842	0.08364	0.08641	0.084984	0.08363	0.08641	0.152967	0.14972	0.156877	0.152967	0.14972	0.156877	1.79995	1.79996	16.9891	
17.2117	2	92	17.1981	2	92	16.4522	2	92	0	0	0	0.08999	0.0882767	0.0914933	0.0899899	0.0882833	0.09149	0.161986	0.15777	0.165417	0.161986	0.157777	0.165407	1.80005	1.80004	17.0806	
17.3178	2	94	17.3023	2	94	16.566	2	94	0	0	0	0.0949999	0.0936067	0.0963867	0.0949997	0.0936067	0.09639	0.170999	0.166893	0.17535	0.170998	0.1669	0.17532	1.79999	1.79999	17.1708	
17.4157	2	75	17.3978	2	75	16.6605	2	72	0	0	0	0.100003	0.09821	0.10142	0.100002	0.09821	0.101417	0.180009	0.17718	0.183673	0.180007	0.177173	0.18366	1.80004	1.80003	17.2518	
17.5139	2	94	17.4928	2	94	16.7599	2	92	0	0	0	0.105002	0.10362	0.106463	0.105002	0.103613	0.10646	0.189006	0.18513	0.192463	0.189005	0.18513	0.19247	1.80002	1.80002	17.3324	
17.5934	2	104	17.57	2	104	16.837	2	100	0	0	0	0.110003	0.10808	0.11205	0.110002	0.10809	0.112047	0.19802	0.193597	0.202457	0.198018	0.193597	0.20244	1.80014	1.80013	17.3952	
17.6914	2	96	17.6645	2	96	16.9342	2	92	0	0	0	0.115	0.11298	0.11649	0.115	0.11298	0.11649	0.207012	0.20274	0.211183	0.207011	0.202747	0.211197	1.8001	1.8001	17.4743	
17.7711	2	94	17.74	2	94	17.0146	2	94	0	0	0	0.120001	0.11788	0.12139	0.120001	0.11787	0.12139	0.215985	0.21001	0.219877	0.215984	0.209993	0.21986	1.79986	1.79985	17.534	
17.8501	2	96	17.8154	2	96	17.0877	2	95	0	0	0	0.124991	0.122477	0.126757	0.12499	0.122477	0.126757	0.224941	0.21717	0.229613	0.224939	0.21717	0.229607	1.79965	1.79965	17.5964	
17.9291	2	101	17.8889	2	101	17.1657	2	101	0	0	0	0.129994	0.12861	0.13163	0.129994	0.128607	0.13164	0.233907	0.229627	0.239577	0.233908	0.229603	0.23956	1.79937	1.79937	17.6536	
18.0025	2	108	17.956	2	108	17.2356	2	104	0	0	0	0.135011	0.13331	0.137077	0.135011	0.1333	0.13708	0.242939	0.23854	0.24718	0.242937	0.23855	0.247187	1.7994	1.79939	17.703	
18.0774	2	114	18.0247	2	113	17.3075	2	109	0	0	0	0.140012	0.138473	0.141673	0.140011	0.138483	0.141667	0.251956	0.247503	0.255883	0.251956	0.247477	0.255887	1.79953	1.79954	17.7557	
18.1534	2	105	18.0918	2	105	17.3871	2	105	0	0	0	0.145017	0.14337	0.146897	0.145016	0.143377	0.146893	0.260933	0.25642	0.265297	0.260932	0.256433	0.265297	1.79933	1.79933	17.8053	
18.2264	2	114	18.1573	2	114	17.447	2	110	0	0	0	0.15003	0.148493	0.151627	0.15003	0.148493	0.151623	0.269926	0.26537	0.274093	0.269926	0.265373	0.27409	1.79915	1.79915	17.8538	
18.2951	2	112	18.2185	2	112	17.5133	2	108	0	0	0	0.15501	0.153073	0.15654	0.155009	0.153067	0.156547	0.278871	0.274573	0.28329	0.27887	0.274503	0.283307	1.79905	1.79905	17.8962	
18.3672	2	128	18.2769	2	128	17.575	2	124	0	0	0	0.159992	0.158507	0.162103	0.159991	0.158507	0.162113	0.287835	0.28356	0.292603	0.287833	0.283573	0.292607	1.79905	1.79905	17.9377	
18.443	2	133	18.3398	2	116	17.6366	2	112	0	0	0	0.164984	0.16321	0.16732	0.164984	0.163203	0.167327	0.296815	0.29239	0.302133	0.296814	0.292367	0.302127	1.79905	1.79905	17.9783	
18.5118	2	117	18.395	2	117	17.6946	2	113	0	0	0	0.169982	0.16839	0.171893	0.169981	0.168397	0.171897	0.305826	0.299963	0.31143	0.305825	0.299967	0.31141	1.79917	1.79917	18.0149	
18.5899	2	122	18.4548	2	114	17.7529	2	110	0	0	0	0.174982	0.17345	0.177263	0.174982	0.173457	0.177267	0.314825	0.31027	0.319503	0.314824	0.31029	0.31951	1.79918	1.79918	18.0509	
18.6613	2	126	18.5066	2	117	17.8105	2	114	0	0	0	0.179982	0.17798	0.182083	0.179981	0.17799	0.182073	0.323818	0.31814	0.328417	0.323817	0.318143	0.32842	1.79917	1.79917	18.0844	
18.744	2	129	18.5634	2	113	17.8692	2	113	0	0	0	0.184973	0.182803	0.187077	0.184972	0.182813	0.187107	0.332765	0.328003	0.33785	0.332766	0.328007	0.33785	1.799	1.799	18.1154	
18.817	2	199	18.6119	2	120	17.9235	2	116	0	0	0	0.18996	0.187713	0.191863	0.189959	0.187717	0.191857	0.341715	0.336363	0.346783	0.341714	0.336347	0.346777	1.79888	1.79888	18.1411	
18.9073	2	198	18.6661	2	133	17.9777	2	133	0	0	0	0.194964	0.192853	0.19691	0.194963	0.192843	0.196907	0.350751	0.345817	0.355963	0.350749	0.34581	0.35596	1.79906	1.79905	18.1685	
19.0132	2	178	18.7274	2	123	18.0451	2	119	0	0	0	0.199974	0.19831	0.20187	0.199972	0.198303	0.201877	0.35981	0.354907	0.36456	0.359807	0.354917	0.36455	1.79928	1.79928	18.2019	
19.1102	2	204	18.7791	2	126	18.09	2	126	0	0	0	0.204976	0.203397	0.20654	0.204975	0.2034	0.206533	0.368815	0.36456	0.374103	0.368813	0.364557	0.374103	1.79931	1.79931	18.2303	
19.226	2	216	18.831	2	125	18.1462	2	121	0	0	0	0.209974	0.207767	0.21207	0.209974	0.207757	0.21206	0.377791	0.370473	0.382073	0.377791	0.37046	0.382097	1.79922	1.79923	18.2519	
19.3639	2	298	18.8867	2	146	18.2053	2	146	0	0	0	0.214986	0.212967	0.21734	0.214986	0.21296	0.217337	0.386819	0.381003	0.39246	0.38682	0.380997	0.392457	1.79927	1.79928	18.2746	
19.5291	2	342	18.9362	2	119	18.2532	2	118	0	0	0	0.219993	0.218353	0.222333	0.219993	0.21835	0.222327	0.395841	0.39064	0.40244	0.395841	0.390587	0.402407	1.79934	1.79934	18.3002	
19.8635	2	684	18.9837	2	130	18.3107	2	130	0	0	0	0.224993	0.223007	0.227497	0.224993	0.22298	0.227507	0.404875	0.399297	0.411153	0.404874	0.39929	0.41114	1.7995	1.7995	18.3189	
20.3591	2	975	19.0538	2	191	18.3836	2	187	0	0	0	0.230017	0.228415	0.23195	0.230016	0.228425	0.231953	0.413956	0.409095	0.41876	0.413955	0.409083	0.418762	1.79968	1.79968	18.3417	
329.605	2	109026	19.0631	2	132	18.3937	2	131	0	0	0	-0.548292	-0.544438	-0.551548	-0.547878	-0.467588	-0.554148	-0.986742	-0.97832	-0.994863	-0.985992	-0.840061	-1.00004	1.79966	1.79966	18.344	
