17.8231	4	62	17.8009	4	62	17.0123	4	58	0	0	0	0.00498339	0.00460333	0.00538667	0.00498339	0.00460333	0.00538667	0.0089563	0.00821667	0.00986667	0.00895626	0.00821667	0.00986667	1.79723	1.79722	17.98	
17.9926	4	66	17.943	4	66	17.1557	4	62	0	0	0	0.00998194	0.00952	0.0106333	0.00998198	0.00951667	0.0106333	0.0179709	0.01678	0.0192467	0.0179708	0.01678	0.0192467	1.80034	1.80032	18.0965	
18.1545	4	66	18.0754	4	66	17.2957	4	62	0	0	0	0.0149825	0.0143067	0.01555	0.0149824	0.0143033	0.01555	0.0269382	0.0256433	0.02851	0.0269378	0.0256433	0.02851	1.79798	1.79796	18.2073	
18.3448	4	66	18.2298	4	66	17.4451	4	62	0	0	0	0.0199847	0.0194667	0.0208033	0.0199846	0.0194667	0.0208	0.0359356	0.0345	0.03783	0.0359357	0.0344833	0.03783	1.79816	1.79817	18.3348	
18.5091	4	66	18.3542	4	66	17.5679	4	62	0	0	0	0.0249844	0.02421	0.0256467	0.0249845	0.02421	0.0256467	0.0449068	0.0431433	0.04654	0.0449074	0.04314	0.04654	1.7974	1.79741	18.4326	
18.7005	4	83	18.4983	4	66	17.7144	4	62	0	0	0	0.0299786	0.02924	0.0307733	0.0299785	0.0292433	0.0307733	0.0539195	0.05213	0.05596	0.0539191	0.0521567	0.05596	1.7986	1.79859	18.5478	
18.8909	4	80	18.6308	4	66	17.8522	4	62	0	0	0	0.0349774	0.0342367	0.0358733	0.0349775	0.0342367	0.0358767	0.0629459	0.0611567	0.0654667	0.0629467	0.0611567	0.0654567	1.79962	1.79963	18.6464	
19.0817	4	107	18.7525	4	66	17.9814	4	62	0	0	0	0.0399889	0.0391467	0.0409867	0.0399888	0.03915	0.0409833	0.072009	0.0696667	0.07408	0.0720085	0.0696667	0.07408	1.80073	1.80072	18.7313	
19.299	4	112	18.8819	4	66	18.1166	4	62	0	0	0	0.0449701	0.04413	0.0460133	0.04497	0.04413	0.0460133	0.080976	0.0788633	0.0842433	0.0809754	0.0788633	0.0842333	1.80066	1.80066	18.8222	
19.539	4	122	19.0167	4	66	18.2511	4	63	0	0	0	0.0499764	0.04892	0.05151	0.049976	0.04892	0.0515067	0.0899879	0.0868533	0.0925167	0.089987	0.0868533	0.0925233	1.80061	1.8006	18.9136	
19.809	4	160	19.1485	4	79	18.3931	4	75	0	0	0	0.054982	0.0535933	0.0560633	0.0549815	0.0536033	0.05607	0.0989778	0.0963233	0.1012	0.0989772	0.09634	0.1012	1.80018	1.80019	18.9967	
20.1208	4	196	19.2741	4	66	18.5114	4	66	0	0	0	0.0599857	0.0589133	0.0613133	0.0599856	0.0589167	0.06132	0.107968	0.104723	0.111213	0.107969	0.104723	0.111213	1.7999	1.79991	19.0651	
20.5088	4	258	19.4079	4	68	18.6528	4	64	0	0	0	0.0649985	0.0638667	0.0660133	0.0649981	0.0638667	0.06602	0.117022	0.11463	0.119897	0.117021	0.11462	0.119893	1.80038	1.80038	19.1314	
21.0539	4	293	19.5672	4	68	18.8188	4	65	0	0	0	0.0699986	0.0686933	0.0711733	0.0699985	0.0687033	0.07118	0.126019	0.123233	0.12942	0.126019	0.123237	0.129423	1.80031	1.80032	19.2085	
21.8478	4	399	19.7329	4	68	18.9873	4	65	0	0	0	0.07499	0.0734167	0.0760667	0.0749903	0.07342	0.0760567	0.134971	0.131247	0.138787	0.134972	0.131247	0.138733	1.79985	1.79986	19.2773	
23.227	4	523	19.9204	4	72	19.1729	4	68	0	0	0	0.0799878	0.0786433	0.0812033	0.079988	0.07865	0.08121	0.143984	0.14032	0.146947	0.143984	0.14033	0.146947	1.80007	1.80008	19.3391	
26.1473	4	666	20.1267	4	68	19.382	4	67	0	0	0	0.0849842	0.08364	0.08641	0.0849849	0.0836433	0.08641	0.152967	0.14972	0.156877	0.152969	0.149703	0.156877	1.79995	1.79996	19.3984	
36.4461	4	1948	20.3483	4	72	19.6017	4	68	0	0	0	0.08999	0.0882767	0.0914933	0.0899936	0.08837	0.09149	0.161986	0.15777	0.165417	0.161993	0.158307	0.165417	1.80005	1.80005	19.4504	
1733.48	4	148868	20.5348	4	92	19.7999	4	88	0	0	0	-0.221691	-0.219939	-0.224213	-0.221081	-0.187439	-0.226963	-0.398901	-0.393425	-0.405405	-0.397805	-0.338706	-0.407575	1.79936	1.79936	19.514	
