18.5974	1	104	18.5827	1	104	17.7828	1	104	0	0	0	0.00498339	0.00460333	0.00538667	0.0049834	0	0.08064	0.0089563	0.00821667	0.00986667	0.00895646	0	0.145507	1.79723	1.79726	18.7753	
19.0643	1	160	19.0315	1	160	18.2376	1	160	0	0	0	0.00998194	0.00952	0.0106333	0.00998208	0	0.161107	0.0179709	0.01678	0.0192467	0.0179711	0	0.292203	1.80034	1.80034	19.2098	
19.7601	1	187	19.7067	1	187	18.9074	1	187	0	0	0	0.0149825	0.0143067	0.01555	0.0149825	0	0.241393	0.0269382	0.0256433	0.02851	0.026938	0	0.433963	1.79798	1.79796	19.875	
20.7382	1	209	20.6619	1	209	19.8591	1	209	0	0	0	0.0199847	0.0194667	0.0208033	0.0199847	0	0.32144	0.0359356	0.0345	0.03783	0.0359362	0	0.578983	1.79816	1.79819	20.8172	
21.9962	1	230	21.8905	1	230	21.0938	1	226	0	0	0	0.0249844	0.02421	0.0256467	0.0249849	0	0.401597	0.0449068	0.0431433	0.04654	0.0449083	0	0.72478	1.7974	1.79742	22.0301	
23.6048	1	219	23.4627	1	219	22.6597	1	216	0	0	0	0.0299786	0.02924	0.0307733	0.0299783	0	0.481653	0.0539195	0.05213	0.05596	0.0539185	0	0.87036	1.7986	1.79858	23.5814	
25.6633	1	301	25.4733	1	301	24.6661	1	323	0	0	0	0.0349774	0.0342367	0.0358733	0.0347298	0	0.55825	0.0629459	0.0611567	0.0654667	0.0625	0	1	1.79962	1.79961	25.5665	
28.2683	1	302	28.0101	1	302	27.2014	1	313	0	0	0	0.0399889	0.0391467	0.0409867	0.0347305	0	0.558333	0.072009	0.0696667	0.07408	0.0625	0	1	1.80073	1.79957	28.0707	
31.5591	1	332	31.2065	1	332	30.4169	1	332	0	0	0	0.0449701	0.04413	0.0460133	0.0347308	0	0.558347	0.080976	0.0788633	0.0842433	0.0625	0	1	1.80066	1.79956	31.2263	
36.0763	1	333	35.5762	1	333	34.7721	1	333	0	0	0	0.0499764	0.04892	0.05151	0.0347308	0	0.55836	0.0899879	0.0868533	0.0925167	0.0625	0	1	1.80061	1.79955	35.5362	
42.4441	1	455	41.6813	1	455	40.909	1	455	0	0	0	0.054982	0.0535933	0.0560633	0.0347306	0	0.55835	0.0989778	0.0963233	0.1012	0.0625	0	1	1.80018	1.79957	41.5462	
52.8423	1	447	51.4392	1	447	50.5857	1	447	0	0	0	0.0599857	0.0589133	0.0613133	0.0347302	0	0.55836	0.107968	0.104723	0.111213	0.0625	0	1	1.7999	1.79959	51.1165	
77.3787	1	2612	71.2858	1	504	70.3034	1	557	0	0	0	0.0649985	0.0638667	0.0660133	0.034731	0	0.558333	0.117022	0.11463	0.119897	0.0625	0	1	1.80038	1.79955	70.3317	
434.535	1	9207	121.929	1	839	103.174	1	867	0	0	0	-0.0699984	-0.0686931	-0.0711731	-0.0347175	0	-0.557435	-0.126019	-0.123233	-0.12942	-0.0624998	0	-0.999997	1.80031	1.80024	117.916	
