17.8362	4	62	17.8064	4	62	17.0154	4	58	0	0	0	0.00498339	0.00460333	0.00538667	0.00498339	0.00460333	0.00538667	0.0089563	0.00821667	0.00986667	0.00895626	0.00821667	0.00986667	1.79723	1.79722	17.9856	
18.0223	4	66	17.9568	4	66	17.1634	4	62	0	0	0	0.00998194	0.00952	0.0106333	0.00998198	0.00951667	0.0106333	0.0179709	0.01678	0.0192467	0.0179708	0.01678	0.0192467	1.80034	1.80032	18.1101	
18.2031	4	75	18.0973	4	75	17.3081	4	75	0	0	0	0.0149825	0.0143067	0.01555	0.0149824	0.0143033	0.01555	0.0269382	0.0256433	0.02851	0.0269378	0.0256433	0.02851	1.79798	1.79796	18.2291	
18.4137	4	72	18.2588	4	72	17.4612	4	72	0	0	0	0.0199847	0.0194667	0.0208033	0.0199846	0.0194667	0.0208	0.0359356	0.0345	0.03783	0.0359357	0.0344833	0.03783	1.79816	1.79817	18.3635	
18.6016	4	72	18.391	4	72	17.5885	4	72	0	0	0	0.0249844	0.02421	0.0256467	0.0249845	0.02421	0.0256467	0.0449068	0.0431433	0.04654	0.0449074	0.04314	0.04654	1.7974	1.79741	18.4687	
18.8189	4	84	18.5419	4	77	17.7384	4	77	0	0	0	0.0299786	0.02924	0.0307733	0.0299785	0.0292433	0.0307733	0.0539195	0.05213	0.05596	0.0539192	0.0521567	0.05596	1.7986	1.7986	18.59	
19.0423	4	84	18.6832	4	84	17.8806	4	84	0	0	0	0.0349774	0.0342367	0.0358733	0.0349776	0.0342367	0.0358767	0.0629459	0.0611567	0.0654667	0.0629467	0.0611567	0.0654567	1.79962	1.79963	18.6967	
19.2714	4	115	18.8116	4	85	18.0132	4	85	0	0	0	0.0399889	0.0391467	0.0409867	0.0399888	0.03915	0.0409833	0.072009	0.0696667	0.07408	0.0720085	0.0696667	0.07408	1.80073	1.80072	18.7879	
19.5334	4	129	18.9481	4	85	18.1523	4	85	0	0	0	0.0449701	0.04413	0.0460133	0.04497	0.04413	0.0460133	0.080976	0.0788633	0.0842433	0.0809754	0.0788633	0.0842333	1.80066	1.80066	18.8851	
19.8343	4	137	19.0928	4	89	18.2928	4	87	0	0	0	0.0499764	0.04892	0.05151	0.0499761	0.04892	0.0515067	0.0899879	0.0868533	0.0925167	0.089987	0.0868533	0.0925233	1.80061	1.8006	18.9848	
20.1765	4	160	19.2305	4	96	18.4371	4	96	0	0	0	0.054982	0.0535933	0.0560633	0.0549814	0.0536033	0.05607	0.0989778	0.0963233	0.1012	0.098977	0.09634	0.1012	1.80018	1.80019	19.073	
20.5819	4	210	19.3623	4	104	18.5594	4	100	0	0	0	0.0599857	0.0589133	0.0613133	0.0599856	0.0589167	0.06132	0.107968	0.104723	0.111213	0.107969	0.104723	0.111213	1.7999	1.79991	19.1469	
21.1061	4	311	19.5025	4	104	18.7038	4	100	0	0	0	0.0649985	0.0638667	0.0660133	0.064998	0.0638667	0.06602	0.117022	0.11463	0.119897	0.117021	0.11462	0.119893	1.80038	1.80038	19.2192	
21.8361	4	275	19.6636	4	112	18.8683	4	108	0	0	0	0.0699986	0.0686933	0.0711733	0.0699985	0.06871	0.07118	0.126019	0.123233	0.12942	0.12602	0.12324	0.129423	1.80031	1.80032	19.3008	
22.9744	4	436	19.8341	4	108	19.0397	4	108	0	0	0	0.07499	0.0734167	0.0760667	0.0749902	0.07342	0.0760567	0.134971	0.131247	0.138787	0.134972	0.131247	0.138733	1.79985	1.79986	19.3747	
24.9337	4	552	20.0072	4	112	19.2092	4	108	0	0	0	0.0799878	0.0786433	0.0812033	0.0799881	0.07865	0.08121	0.143984	0.14032	0.146947	0.143984	0.14033	0.146947	1.80007	1.80007	19.4407	
29.5856	4	824	20.2067	4	112	19.4104	4	108	0	0	0	0.0849842	0.08364	0.08641	0.0849846	0.0836433	0.08641	0.152967	0.14972	0.156877	0.152969	0.149703	0.156877	1.79995	1.79996	19.5045	
60.3698	4	4103	20.4116	4	133	19.6122	4	133	0	0	0	0.090004	0.088865	0.0912483	0.0900054	0.0888517	0.091245	0.161969	0.159607	0.164518	0.161973	0.159652	0.164517	1.79958	1.79959	19.5606	
3077.09	4	193192	20.5281	4	120	19.7394	4	116	0	0	0	-0.221691	-0.219939	-0.224213	-0.220493	-0.179946	-0.224216	-0.398901	-0.393425	-0.405405	-0.396751	-0.325519	-0.405395	1.79936	1.79938	19.6311	
