17.7376	1	86	17.7218	1	86	16.8999	1	82	0	0	0	0.00498339	0.00460333	0.00538667	0.00498344	0.00455667	0.00546667	0.0089563	0.00821667	0.00986667	0.00895645	0.00789	0.00981	1.79723	1.79724	17.9142	
17.7635	1	88	17.7295	1	88	16.9417	1	88	0	0	0	0.00998194	0.00952	0.0106333	0.00998203	0.00956	0.01048	0.0179709	0.01678	0.0192467	0.017971	0.01652	0.0190933	1.80034	1.80033	17.9073	
17.8114	1	106	17.759	1	106	16.9666	1	106	0	0	0	0.0149825	0.0143067	0.01555	0.0149826	0.0142933	0.0156767	0.0269382	0.0256433	0.02851	0.0269378	0.02567	0.0291567	1.79798	1.79794	17.9281	
17.8788	1	110	17.807	1	110	17.0197	1	110	0	0	0	0.0199847	0.0194667	0.0208033	0.0199847	0.0192767	0.0205867	0.0359356	0.0345	0.03783	0.0359361	0.0341033	0.0377767	1.79816	1.79817	17.9652	
17.9349	1	106	17.8416	1	106	17.0545	1	102	0	0	0	0.0249844	0.02421	0.0256467	0.0249844	0.0240433	0.0259033	0.0449068	0.0431433	0.04654	0.0449075	0.0428467	0.04713	1.7974	1.79742	17.9884	
17.9942	1	116	17.8756	1	116	17.0772	1	116	0	0	0	0.0299786	0.02924	0.0307733	0.0299787	0.02906	0.03075	0.0539195	0.05213	0.05596	0.0539198	0.05163	0.0558767	1.7986	1.7986	18.0084	
18.0733	1	108	17.9284	1	108	17.1314	1	108	0	0	0	0.0349774	0.0342367	0.0358733	0.0349774	0.03402	0.03581	0.0629459	0.0611567	0.0654667	0.062946	0.0607367	0.06495	1.79962	1.79962	18.0475	
18.1491	1	114	17.9748	1	112	17.1824	1	111	0	0	0	0.0399889	0.0391467	0.0409867	0.0399886	0.0390367	0.0408633	0.072009	0.0696667	0.07408	0.0720081	0.0697933	0.07438	1.80073	1.80072	18.0798	
18.219	1	115	18.0142	1	115	17.2096	1	113	0	0	0	0.0449701	0.04413	0.0460133	0.0449698	0.0437933	0.04609	0.080976	0.0788633	0.0842433	0.0809755	0.0786367	0.0830633	1.80066	1.80066	18.1062	
18.3022	1	116	18.0632	1	116	17.2612	1	115	0	0	0	0.0499764	0.04892	0.05151	0.0499761	0.0487333	0.05127	0.0899879	0.0868533	0.0925167	0.0899876	0.0871533	0.0923867	1.80061	1.80061	18.1398	
18.3836	1	116	18.1064	1	114	17.3093	1	114	0	0	0	0.054982	0.0535933	0.0560633	0.0549816	0.0539667	0.0561533	0.0989778	0.0963233	0.1012	0.0989772	0.0960533	0.101553	1.80018	1.80019	18.1693	
18.4741	1	124	18.1562	1	124	17.3517	1	124	0	0	0	0.0599857	0.0589133	0.0613133	0.0599853	0.0588633	0.0614433	0.107968	0.104723	0.111213	0.107968	0.105147	0.11123	1.7999	1.79991	18.2037	
18.5743	1	131	18.2087	1	131	17.4136	1	131	0	0	0	0.0649985	0.0638667	0.0660133	0.0649982	0.0637733	0.06674	0.117022	0.11463	0.119897	0.117021	0.11432	0.12074	1.80038	1.80037	18.2403	
18.6919	1	137	18.2747	1	137	17.4746	1	137	0	0	0	0.0699986	0.0686933	0.0711733	0.0699984	0.0689167	0.0716733	0.126019	0.123233	0.12942	0.126019	0.123433	0.129887	1.80031	1.80032	18.2886	
18.7958	1	148	18.3226	1	148	17.5182	1	148	0	0	0	0.07499	0.0734167	0.0760667	0.0749897	0.07367	0.0763633	0.134971	0.131247	0.138787	0.13497	0.132253	0.138527	1.79985	1.79985	18.3204	
18.9215	1	149	18.3829	1	148	17.5824	1	148	0	0	0	0.0799878	0.0786433	0.0812033	0.079987	0.0784967	0.08151	0.143984	0.14032	0.146947	0.143982	0.14099	0.147607	1.80007	1.80007	18.3612	
19.0431	1	148	18.4332	1	148	17.6362	1	148	0	0	0	0.0849842	0.08364	0.08641	0.084984	0.0837633	0.0867133	0.152967	0.14972	0.156877	0.152967	0.149753	0.157033	1.79995	1.79995	18.3931	
19.1815	1	175	18.4908	1	174	17.6896	1	174	0	0	0	0.08999	0.0882767	0.0914933	0.0899897	0.0886933	0.0918333	0.161986	0.15777	0.165417	0.161985	0.158347	0.165967	1.80005	1.80004	18.4315	
19.346	1	155	18.5614	1	155	17.7618	1	151	0	0	0	0.0949999	0.0936067	0.0963867	0.0949993	0.0935033	0.0967133	0.170999	0.166893	0.17535	0.170997	0.166707	0.17511	1.79999	1.79999	18.4808	
19.5113	1	168	18.6227	1	168	17.8261	1	168	0	0	0	0.100003	0.09821	0.10142	0.100002	0.09868	0.101583	0.180009	0.17718	0.183673	0.180008	0.175627	0.18395	1.80004	1.80004	18.5194	
19.7084	1	160	18.6952	1	156	17.8991	1	155	0	0	0	0.105002	0.10362	0.106463	0.105002	0.10349	0.106607	0.189006	0.18513	0.192463	0.189006	0.184063	0.19289	1.80002	1.80002	18.5682	
19.9222	1	171	18.7714	1	168	17.9778	1	168	0	0	0	0.110003	0.10808	0.11205	0.110003	0.108607	0.1116	0.19802	0.193597	0.202457	0.19802	0.193667	0.20184	1.80014	1.80014	18.6193	
20.1287	1	172	18.8319	1	172	18.0316	1	168	0	0	0	0.115	0.11298	0.11649	0.115	0.11348	0.116717	0.207012	0.20274	0.211183	0.207012	0.20224	0.211433	1.8001	1.8001	18.655	
20.401	1	170	18.9095	1	164	18.1047	1	160	0	0	0	0.120001	0.11788	0.12139	0.120001	0.118467	0.121837	0.215985	0.21001	0.219877	0.215985	0.211223	0.220263	1.79986	1.79985	18.7042	
20.715	1	196	18.9965	1	171	18.1959	1	171	0	0	0	0.124991	0.122477	0.126757	0.124991	0.12347	0.126653	0.224941	0.21717	0.229613	0.224938	0.219827	0.228487	1.79965	1.79964	18.761	
21.0461	1	181	19.0792	1	178	18.2841	1	174	0	0	0	0.129994	0.12861	0.13163	0.129994	0.12862	0.131763	0.233907	0.229627	0.239577	0.233907	0.229137	0.237737	1.79937	1.79937	18.8122	
21.4471	1	192	19.1585	1	167	18.3631	1	167	0	0	0	0.135011	0.13331	0.137077	0.135011	0.133497	0.13668	0.242939	0.23854	0.24718	0.242937	0.23844	0.24661	1.7994	1.79939	18.859	
21.9406	1	235	19.2506	1	192	18.4562	1	192	0	0	0	0.140012	0.138473	0.141673	0.140012	0.138423	0.14175	0.251956	0.247503	0.255883	0.251957	0.2477	0.255883	1.79953	1.79954	18.9116	
22.4846	1	235	19.347	1	174	18.5465	1	174	0	0	0	0.145017	0.14337	0.146897	0.145018	0.143303	0.147	0.260933	0.25642	0.265297	0.260934	0.25636	0.26513	1.79933	1.79932	18.9712	
23.2026	1	247	19.4403	1	171	18.6461	1	171	0	0	0	0.15003	0.148493	0.151627	0.15003	0.148113	0.15192	0.269926	0.26537	0.274093	0.269926	0.265567	0.274513	1.79915	1.79915	19.0227	
24.0979	1	409	19.5377	1	181	18.733	1	181	0	0	0	0.15501	0.153073	0.15654	0.155011	0.152593	0.157047	0.278871	0.274573	0.28329	0.278873	0.2745	0.284567	1.79905	1.79905	19.0752	
25.2685	1	437	19.6393	1	175	18.8344	1	175	0	0	0	0.159992	0.158507	0.162103	0.159993	0.15742	0.162043	0.287835	0.28356	0.292603	0.287834	0.283633	0.294223	1.79905	1.79905	19.1286	
26.9345	1	429	19.7575	1	190	18.9597	1	190	0	0	0	0.164984	0.16321	0.16732	0.164984	0.162443	0.16693	0.296815	0.29239	0.302133	0.296817	0.292387	0.303723	1.79905	1.79906	19.1904	
29.884	1	683	19.8747	1	223	19.0762	1	223	0	0	0	0.169982	0.16839	0.171893	0.169978	0.167093	0.171747	0.305826	0.299963	0.31143	0.30582	0.301553	0.312027	1.79917	1.79917	19.2508	
36.5982	1	1619	19.9993	1	209	19.2002	1	209	0	0	0	0.174982	0.17345	0.177263	0.174979	0.17204	0.176797	0.314825	0.31027	0.319503	0.314819	0.310343	0.320623	1.79918	1.79918	19.3118	
712.432	1	37126	20.1128	1	207	19.3171	1	207	0	0	0	-0.42	-0.416932	-0.423289	-0.419569	-0.416835	-0.422595	-0.755834	-0.747518	-0.762854	-0.755052	-0.749104	-0.762604	1.7996	1.79959	19.3603	
