14.0621	2	62	14.0611	2	62	13.2687	2	58	0	0	0	0.00498339	0.00460333	0.00538667	0.00498337	0.00460333	0.00539	0.0089563	0.00821667	0.00986667	0.00895632	0.00821667	0.00986667	1.79723	1.79724	14.2396	
14.3684	2	62	14.3662	2	62	13.5785	2	60	0	0	0	0.00998194	0.00952	0.0106333	0.00998198	0.00951667	0.0106333	0.0179709	0.01678	0.0192467	0.0179708	0.01678	0.0192467	1.80034	1.80033	14.5191	
14.6478	2	64	14.6445	2	64	13.8496	2	62	0	0	0	0.0149825	0.0143067	0.01555	0.0149826	0.0143033	0.01555	0.0269382	0.0256433	0.02851	0.0269381	0.0256433	0.02851	1.79798	1.79796	14.7776	
14.9169	2	74	14.9121	2	74	14.1119	2	74	0	0	0	0.0199847	0.0194667	0.0208033	0.0199846	0.0194667	0.0208	0.0359356	0.0345	0.03783	0.035936	0.0344833	0.03783	1.79816	1.79818	15.0229	
15.1603	2	66	15.1543	2	66	14.3491	2	66	0	0	0	0.0249844	0.02421	0.0256467	0.0249845	0.02421	0.0256467	0.0449068	0.0431433	0.04654	0.0449073	0.04314	0.04654	1.7974	1.79741	15.2476	
15.4089	2	84	15.4011	2	84	14.6067	2	84	0	0	0	0.0299786	0.02924	0.0307733	0.0299784	0.0292433	0.0307733	0.0539195	0.05213	0.05596	0.0539192	0.0521567	0.05596	1.7986	1.7986	15.4745	
15.6369	2	82	15.6275	2	82	14.8288	2	82	0	0	0	0.0349774	0.0342367	0.0358733	0.0349775	0.0342367	0.0358767	0.0629459	0.0611567	0.0654667	0.0629463	0.0611567	0.0654667	1.79962	1.79962	15.6798	
15.8451	2	86	15.8337	2	86	15.0258	2	86	0	0	0	0.0399889	0.0391467	0.0409867	0.0399886	0.0391467	0.0409833	0.072009	0.0696667	0.07408	0.0720081	0.0696667	0.07408	1.80073	1.80072	15.8657	
16.0333	2	91	16.0201	2	91	15.2196	2	91	0	0	0	0.0449701	0.04413	0.0460133	0.0449703	0.0441333	0.0460133	0.080976	0.0788633	0.0842433	0.0809764	0.0788633	0.0842333	1.80066	1.80066	16.0371	
16.2256	2	119	16.21	2	119	15.4139	2	115	0	0	0	0.0499764	0.04892	0.05151	0.0499761	0.0489233	0.05151	0.0899879	0.0868533	0.0925167	0.0899874	0.0868533	0.0925233	1.80061	1.80061	16.2096	
16.3999	2	97	16.3811	2	97	15.5908	2	94	0	0	0	0.054982	0.0535933	0.0560633	0.0549819	0.0536033	0.0560667	0.0989778	0.0963233	0.1012	0.0989776	0.0963567	0.1012	1.80018	1.80019	16.3647	
16.5525	2	98	16.5317	2	98	15.7316	2	98	0	0	0	0.0599857	0.0589133	0.0613133	0.0599858	0.0589167	0.06132	0.107968	0.104723	0.111213	0.107969	0.104723	0.111213	1.7999	1.79991	16.4992	
16.705	2	100	16.6813	2	100	15.8827	2	96	0	0	0	0.0649985	0.0638667	0.0660133	0.064998	0.0638667	0.06601	0.117022	0.11463	0.119897	0.117021	0.114637	0.119893	1.80038	1.80038	16.6342	
16.8564	2	104	16.8291	2	104	16.0299	2	104	0	0	0	0.0699986	0.0686933	0.0711733	0.0699981	0.0687	0.0711767	0.126019	0.123233	0.12942	0.126019	0.123237	0.12942	1.80031	1.80031	16.7659	
16.9998	2	117	16.9688	2	117	16.1678	2	117	0	0	0	0.07499	0.0734167	0.0760667	0.0749894	0.07342	0.0760533	0.134971	0.131247	0.138787	0.13497	0.131247	0.138733	1.79985	1.79985	16.8905	
17.1369	2	108	17.1016	2	108	16.3018	2	108	0	0	0	0.0799878	0.0786433	0.0812033	0.0799874	0.07865	0.08122	0.143984	0.14032	0.146947	0.143983	0.14033	0.146947	1.80007	1.80007	17.0083	
17.2562	2	116	17.2166	2	116	16.4169	2	116	0	0	0	0.0849842	0.08364	0.08641	0.0849839	0.0836333	0.08641	0.152967	0.14972	0.156877	0.152967	0.14972	0.156877	1.79995	1.79996	17.108	
17.3766	2	112	17.3317	2	112	16.53	2	112	0	0	0	0.08999	0.0882767	0.0914933	0.0899898	0.0882833	0.09149	0.161986	0.15777	0.165417	0.161986	0.157777	0.165407	1.80005	1.80004	17.2078	
17.4941	2	159	17.4438	2	159	16.6502	2	155	0	0	0	0.0949999	0.0936067	0.0963867	0.0949997	0.0936067	0.09639	0.170999	0.166893	0.17535	0.170998	0.1669	0.17532	1.79999	1.79999	17.3043	
17.6043	2	146	17.5474	2	146	16.748	2	142	0	0	0	0.100003	0.09821	0.10142	0.100002	0.09821	0.101417	0.180009	0.17718	0.183673	0.180007	0.177173	0.183663	1.80004	1.80003	17.393	
17.7168	2	126	17.6525	2	126	16.8541	2	122	0	0	0	0.105002	0.10362	0.106463	0.105002	0.10361	0.10646	0.189006	0.18513	0.192463	0.189005	0.18513	0.19247	1.80002	1.80002	17.4819	
17.8102	2	122	17.7381	2	122	16.938	2	122	0	0	0	0.110003	0.10808	0.11205	0.110002	0.10809	0.112047	0.19802	0.193597	0.202457	0.198017	0.193597	0.202427	1.80014	1.80013	17.5509	
17.9231	2	155	17.8416	2	155	17.0413	2	155	0	0	0	0.115	0.11298	0.11649	0.114999	0.11298	0.11649	0.207012	0.20274	0.211183	0.207011	0.202747	0.211197	1.8001	1.8001	17.6382	
18.0171	2	120	17.9249	2	120	17.1255	2	116	0	0	0	0.120001	0.11788	0.12139	0.120001	0.11787	0.12139	0.215985	0.21001	0.219877	0.215984	0.209993	0.21986	1.79986	1.79985	17.7053	
18.1124	2	169	18.0092	2	169	17.2062	2	169	0	0	0	0.124991	0.122477	0.126757	0.12499	0.122477	0.126757	0.224941	0.21717	0.229613	0.224939	0.21717	0.22961	1.79965	1.79965	17.7746	
18.2085	2	123	18.0922	2	123	17.2904	2	123	0	0	0	0.129994	0.12861	0.13163	0.129994	0.128607	0.13164	0.233907	0.229627	0.239577	0.233908	0.2296	0.23956	1.79937	1.79937	17.84	
18.2991	2	174	18.1666	2	174	17.3669	2	174	0	0	0	0.135011	0.13331	0.137077	0.135011	0.1333	0.13708	0.242939	0.23854	0.24718	0.242937	0.23855	0.24719	1.7994	1.79939	17.8965	
18.3951	2	154	18.2455	2	153	17.4454	2	153	0	0	0	0.140012	0.138473	0.141673	0.140011	0.138487	0.141667	0.251956	0.247503	0.255883	0.251956	0.247477	0.255887	1.79953	1.79954	17.9567	
18.494	2	165	18.3224	2	164	17.5322	2	164	0	0	0	0.145017	0.14337	0.146897	0.145016	0.143377	0.146893	0.260933	0.25642	0.265297	0.260932	0.256433	0.265297	1.79933	1.79933	18.0145	
18.5887	2	169	18.397	2	169	17.5988	2	169	0	0	0	0.15003	0.148493	0.151627	0.150029	0.148493	0.151623	0.269926	0.26537	0.274093	0.269926	0.265373	0.27409	1.79915	1.79915	18.0693	
18.6766	2	179	18.4626	2	179	17.6678	2	179	0	0	0	0.15501	0.153073	0.15654	0.15501	0.15307	0.15655	0.278871	0.274573	0.28329	0.278871	0.27452	0.2833	1.79905	1.79905	18.1179	
18.7829	2	186	18.5356	2	186	17.7393	2	182	0	0	0	0.159992	0.158507	0.162103	0.159991	0.158507	0.162113	0.287835	0.28356	0.292603	0.287833	0.283573	0.292607	1.79905	1.79905	18.1693	
18.8816	2	169	18.6009	2	169	17.8003	2	169	0	0	0	0.164984	0.16321	0.16732	0.164983	0.163203	0.167323	0.296815	0.29239	0.302133	0.296814	0.292363	0.302123	1.79905	1.79905	18.2176	
18.9895	2	173	18.6689	2	173	17.8701	2	173	0	0	0	0.169982	0.16839	0.171893	0.169981	0.168397	0.171897	0.305826	0.299963	0.31143	0.305825	0.299957	0.311407	1.79917	1.79917	18.2603	
19.107	2	182	18.7376	2	182	17.9332	2	178	0	0	0	0.174982	0.17345	0.177263	0.174982	0.173457	0.177267	0.314825	0.31027	0.319503	0.314824	0.310283	0.31951	1.79918	1.79918	18.3052	
19.2178	2	183	18.7958	2	183	17.9961	2	183	0	0	0	0.179982	0.17798	0.182083	0.179981	0.177983	0.182073	0.323818	0.31814	0.328417	0.323816	0.318143	0.32842	1.79917	1.79917	18.3418	
19.3511	2	176	18.8581	2	162	18.0579	2	162	0	0	0	0.184973	0.182803	0.187077	0.184972	0.182817	0.187103	0.332765	0.328003	0.33785	0.332765	0.328007	0.33785	1.799	1.799	18.383	
19.4829	2	228	18.9162	2	162	18.1171	2	162	0	0	0	0.18996	0.187713	0.191863	0.18996	0.187717	0.191857	0.341715	0.336363	0.346783	0.341715	0.336347	0.346777	1.79888	1.79888	18.4136	
19.6446	2	231	18.9765	2	181	18.177	2	181	0	0	0	0.194964	0.192853	0.19691	0.194963	0.192843	0.196907	0.350751	0.345817	0.355963	0.350748	0.345813	0.35596	1.79906	1.79905	18.4455	
19.8415	2	316	19.0399	2	177	18.2424	2	173	0	0	0	0.199974	0.19831	0.20187	0.199973	0.198303	0.201877	0.35981	0.354907	0.36456	0.359807	0.354917	0.364553	1.79928	1.79928	18.4874	
20.0652	2	381	19.1011	2	185	18.296	2	181	0	0	0	0.204976	0.203397	0.20654	0.204975	0.20341	0.206533	0.368815	0.36456	0.374103	0.368813	0.364553	0.374103	1.79931	1.79931	18.5213	
20.345	2	383	19.1646	2	182	18.3606	2	182	0	0	0	0.209974	0.207767	0.21207	0.209974	0.207763	0.212067	0.377791	0.370473	0.382073	0.377791	0.370467	0.382093	1.79922	1.79922	18.5498	
20.6887	2	516	19.2198	2	193	18.4157	2	193	0	0	0	0.214986	0.212967	0.21734	0.214986	0.21296	0.217337	0.386819	0.381003	0.39246	0.386819	0.380997	0.392457	1.79927	1.79928	18.5773	
21.5479	2	792	19.2773	2	186	18.4706	2	182	0	0	0	0.219993	0.218353	0.222333	0.219992	0.218343	0.222327	0.395841	0.39064	0.40244	0.39584	0.390583	0.402417	1.79934	1.79934	18.6063	
25.4868	2	2701	19.3363	2	202	18.5349	2	198	0	0	0	0.224999	0.223396	0.226576	0.224997	0.223394	0.226574	0.404919	0.401252	0.408942	0.404916	0.401256	0.408948	1.79965	1.79965	18.6314	
152.547	2	39211	19.3674	2	209	18.5659	2	209	0	0	0	0.229987	0.228571	0.231399	0.229944	0.223156	0.231397	0.413884	0.410684	0.417621	0.413807	0.401567	0.417616	1.7996	1.79959	18.653	
300.001	2	92374	19.4015	2	234	18.5966	2	230	0	0	0	0.234983	0.233331	0.236379	0.234876	0.221387	0.236377	0.422891	0.419281	0.426371	0.422698	0.397979	0.426373	1.79966	1.79966	18.6701	
