11.6677	1	90	11.6677	1	90	10.903	1	86	0	0	0	0.00499391	0.00471	0.00536	0.00499396	0	0.0405033	0.00895208	0.00824333	0.00963	0.00895208	0	0.07301	1.7926	1.79258	11.7485	
12.048	1	111	12.048	1	111	11.3969	1	107	0	0	0	0.0100062	0.00962333	0.01048	0.0100062	0	0.0807	0.0180378	0.0172933	0.0192367	0.0180377	0	0.145807	1.80265	1.80265	11.9616	
12.3937	1	122	12.3937	1	122	11.8958	1	118	0	0	0	0.0150311	0.0145233	0.0156967	0.0150312	0	0.121433	0.02704	0.0259333	0.0284833	0.0270399	0	0.219007	1.79893	1.79892	12.13	
12.8887	1	122	12.8886	1	122	12.5761	1	118	0	0	0	0.020063	0.0194867	0.0205667	0.0200628	0	0.16219	0.0360579	0.0347767	0.0372567	0.0360578	0	0.291167	1.79723	1.79725	12.4087	
13.5621	1	169	13.562	1	169	13.4679	1	165	0	0	0	0.0250671	0.02449	0.0257333	0.0250666	0	0.201877	0.0451318	0.0439833	0.0464533	0.0451311	0	0.36409	1.80044	1.80045	12.8045	
14.3617	1	166	14.3612	1	166	14.5618	1	162	0	0	0	0.0300682	0.02949	0.0307167	0.0300679	0	0.242557	0.0541228	0.0526633	0.0563	0.0541215	0	0.43723	1.8	1.79998	13.2756	
15.461	1	179	15.4598	1	179	16.0455	1	175	0	0	0	0.0350706	0.0342367	0.0362133	0.0350702	0	0.282	0.0631154	0.0612733	0.06533	0.0631153	0	0.50942	1.79966	1.79968	13.9431	
17.0664	1	191	17.0634	1	191	18.0987	1	187	0	0	0	0.0400941	0.0389867	0.0411167	0.0400931	0	0.32266	0.072177	0.0700667	0.0745967	0.0721759	0	0.582807	1.80019	1.80021	14.9505	
19.4115	1	247	19.4043	1	247	20.9754	1	247	0	0	0	0.0450691	0.04441	0.0457233	0.0450686	0	0.362453	0.0810798	0.07946	0.0826367	0.0810778	0	0.653777	1.79901	1.79898	16.4803	
23.386	1	352	23.3635	1	352	25.515	1	348	0	0	0	0.050078	0.04917	0.05091	0.0500766	0	0.402487	0.090079	0.0880267	0.09225	0.0900768	0	0.726197	1.79877	1.79878	19.1544	
31.3352	1	424	31.2386	1	424	33.9002	1	420	0	0	0	0.055088	0.0541533	0.0558567	0.0550876	0	0.443113	0.0990448	0.0965533	0.101737	0.0990426	0	0.79717	1.79794	1.79791	24.5389	
100029	1	3.39172e+06	93.2301	1	1295	93.4794	1	1648	0	0	0	0.0600271	0.0592043	0.0606843	0.0567206	0	0.455421	0.107927	0.106421	0.109896	0.101986	0	0.817913	1.79797	1.79805	55.1791	
