13.395	2	41	13.3949	2	41	12.602	2	37	0	0	0	0.00499391	0.00471	0.00536	0.00499396	0.00471	0.00536	0.00895208	0.00824333	0.00963	0.00895229	0.00824333	0.00963	1.7926	1.79262	13.5737	
13.5841	2	45	13.5835	2	45	12.7737	2	41	0	0	0	0.0100062	0.00962333	0.01048	0.010006	0.00962333	0.01048	0.0180378	0.0172933	0.0192367	0.0180374	0.0172933	0.0192367	1.80265	1.80266	13.7186	
13.7529	2	70	13.7516	2	70	12.9535	2	66	0	0	0	0.0150311	0.0145233	0.0156967	0.0150311	0.0145233	0.0156967	0.02704	0.0259333	0.0284833	0.0270397	0.0259333	0.0284833	1.79893	1.79891	13.8558	
13.9706	2	81	13.9682	2	81	13.1746	2	77	0	0	0	0.020063	0.0194867	0.0205667	0.0200628	0.01949	0.0205667	0.0360579	0.0347767	0.0372567	0.0360585	0.0347767	0.0372533	1.79723	1.79728	14.0381	
14.2102	2	70	14.206	2	70	13.4099	2	66	0	0	0	0.0250671	0.02449	0.0257333	0.0250667	0.0244867	0.0257333	0.0451318	0.0439833	0.0464533	0.0451313	0.0439833	0.04644	1.80044	1.80045	14.2305	
14.4754	2	74	14.4689	2	74	13.6823	2	70	0	0	0	0.0300682	0.02949	0.0307167	0.030068	0.0294933	0.0307133	0.0541228	0.0526633	0.0563	0.0541221	0.0526667	0.0563	1.8	1.79999	14.4514	
14.769	2	91	14.7595	2	91	13.9759	2	87	0	0	0	0.0350706	0.0342367	0.0362133	0.0350698	0.03423	0.0362133	0.0631154	0.0612733	0.06533	0.0631142	0.0612733	0.0653267	1.79966	1.79967	14.6921	
15.149	2	88	15.1359	2	88	14.3391	2	84	0	0	0	0.0400941	0.0389867	0.0411167	0.0400933	0.0389867	0.0411167	0.072177	0.0700667	0.0745967	0.0721759	0.0700667	0.0745967	1.80019	1.8002	15.0097	
15.5433	2	93	15.5253	2	93	14.7425	2	89	0	0	0	0.0450691	0.04441	0.0457233	0.0450684	0.0444133	0.04572	0.0810798	0.07946	0.0826367	0.0810784	0.0794633	0.0826533	1.79901	1.79901	15.3347	
16.0098	2	100	15.9847	2	100	15.2044	2	96	0	0	0	0.050078	0.04917	0.05091	0.0500771	0.0491633	0.0509067	0.090079	0.0880267	0.09225	0.0900778	0.0880167	0.0922433	1.79877	1.79878	15.7227	
16.5362	2	98	16.5021	2	98	15.7293	2	98	0	0	0	0.055088	0.0541533	0.0558567	0.0550872	0.0541467	0.0558533	0.0990448	0.0965533	0.101737	0.0990424	0.0965467	0.101733	1.79794	1.79792	16.1491	
17.106	2	100	17.0594	2	100	16.2859	2	96	0	0	0	0.0600776	0.0585933	0.0612533	0.0600768	0.0585867	0.06126	0.108018	0.105313	0.110653	0.108016	0.105293	0.11066	1.79797	1.79796	16.6087	
17.804	2	104	17.7386	2	104	16.9921	2	104	0	0	0	0.0651088	0.0641933	0.06608	0.065109	0.06419	0.0660733	0.117103	0.115033	0.120723	0.117103	0.115053	0.12074	1.79857	1.79857	17.1607	
18.5836	2	112	18.494	2	112	17.7487	2	112	0	0	0	0.0700993	0.0692433	0.0712167	0.0700991	0.0692467	0.0712167	0.126046	0.123663	0.128517	0.126047	0.123673	0.12854	1.79811	1.79812	17.7617	
19.4493	2	118	19.3243	2	118	18.5691	2	114	0	0	0	0.0750704	0.0737167	0.0760867	0.0750701	0.0737133	0.07609	0.134952	0.131797	0.13759	0.134951	0.131793	0.13759	1.79767	1.79767	18.414	
20.4327	2	163	20.253	2	163	19.5204	2	159	0	0	0	0.0800622	0.0788433	0.08149	0.0800626	0.0788433	0.08149	0.143966	0.141463	0.14713	0.143967	0.141453	0.14713	1.79817	1.79818	19.1198	
21.5525	2	139	21.2918	2	138	20.5695	2	134	0	0	0	0.0850492	0.0838967	0.0865433	0.0850496	0.0838967	0.08654	0.152894	0.149913	0.155517	0.152894	0.1499	0.15552	1.79771	1.7977	19.8702	
22.8138	2	159	22.4262	2	157	21.7259	2	157	0	0	0	0.0900403	0.0881367	0.0912167	0.0900401	0.08814	0.09122	0.161919	0.158543	0.16451	0.161921	0.158553	0.164523	1.7983	1.79832	20.6357	
24.3049	2	178	23.7071	2	175	23.0254	2	175	0	0	0	0.0950421	0.09396	0.0965867	0.0950403	0.09395	0.0965833	0.170904	0.16843	0.17513	0.170899	0.168453	0.175133	1.79819	1.79818	21.43	
26.0341	2	185	25.1029	2	185	24.4086	2	185	0	0	0	0.100014	0.0985767	0.101243	0.100014	0.09858	0.10124	0.179775	0.176603	0.18299	0.179775	0.1766	0.182987	1.7975	1.7975	22.2044	
28.2477	2	199	26.6843	2	195	25.9884	2	195	0	0	0	0.105002	0.103807	0.106227	0.105005	0.10381	0.10623	0.188774	0.18556	0.191903	0.188778	0.18558	0.19189	1.79782	1.7978	22.9454	
31.7396	2	335	28.752	2	263	28.091	2	259	0	0	0	0.110025	0.108787	0.111333	0.110026	0.108783	0.111347	0.197877	0.1946	0.20158	0.197878	0.19461	0.201563	1.79847	1.79847	23.6887	
38.2802	2	578	31.4067	2	278	30.7394	2	278	0	0	0	0.115005	0.113727	0.116963	0.115013	0.113733	0.116983	0.206856	0.20342	0.21087	0.20687	0.203427	0.210923	1.79868	1.79867	24.3868	
1708.32	2	47873	36.0214	2	331	35.2886	2	327	0	0	0	0.119992	0.119394	0.120696	0.119679	0.114133	0.120703	0.21597	0.213527	0.218351	0.215407	0.206036	0.218353	1.79987	1.79987	25.2003	
