27.5493	6	78	27.5392	6	78	27.1278	6	78	0.0126091	0	2	0.00499391	0.00468333	0.00544333	0.00499375	0.00468333	0.00544333	0.00697302	0.00645	0.00757667	0.00697281	0.00645	0.00757667	1.39631	1.39631	6.24765	
27.5493	6	78	27.5392	6	78	27.1278	6	78	0.0126091	0	2	0.00499391	0.00468333	0.00544333	0.00499375	0.00468333	0.00544333	0.00697302	0.00645	0.00757667	0.00697281	0.00645	0.00757667	1.39631	1.39631	6.24765	
27.7423	6	78	27.7193	6	78	27.2969	6	78	0.0270924	0	2	0.0100062	0.00969	0.0104067	0.0100059	0.00969333	0.0104033	0.014022	0.0136333	0.0148367	0.0140219	0.0136333	0.0148367	1.40133	1.40136	6.24447	
27.7423	6	78	27.7193	6	78	27.2969	6	78	0.0270924	0	2	0.0100062	0.00969	0.0104067	0.0100059	0.00969333	0.0104033	0.014022	0.0136333	0.0148367	0.0140219	0.0136333	0.0148367	1.40133	1.40136	6.24447	
28.0463	6	94	28.011	6	94	27.5875	6	94	0.0421417	0	2	0.0150312	0.0145633	0.01552	0.0150308	0.01456	0.01552	0.0210357	0.02023	0.02184	0.0210353	0.02023	0.02184	1.39947	1.39948	6.25656	
28.0463	6	94	28.011	6	94	27.5875	6	94	0.0421417	0	2	0.0150312	0.0145633	0.01552	0.0150308	0.01456	0.01552	0.0210357	0.02023	0.02184	0.0210353	0.02023	0.02184	1.39947	1.39948	6.25656	
28.3327	6	107	28.2804	6	107	27.8301	6	107	0.055845	0	2	0.020063	0.0193833	0.02054	0.0200622	0.0193833	0.0205467	0.0280604	0.02703	0.02903	0.0280592	0.02703	0.02903	1.39862	1.39861	6.24881	
28.3327	6	107	28.2804	6	107	27.8301	6	107	0.055845	0	2	0.020063	0.0193833	0.02054	0.0200622	0.0193833	0.0205467	0.0280604	0.02703	0.02903	0.0280592	0.02703	0.02903	1.39862	1.39861	6.24881	
28.8219	6	136	28.7496	6	136	28.3128	6	136	0.0707309	0	2	0.0250671	0.0245233	0.0256867	0.0250668	0.0245233	0.0256833	0.0350995	0.0341433	0.0360267	0.0350994	0.0341433	0.0360233	1.40022	1.40023	6.25644	
28.8219	6	136	28.7496	6	136	28.3128	6	136	0.0707309	0	2	0.0250671	0.0245233	0.0256867	0.0250668	0.0245233	0.0256833	0.0350995	0.0341433	0.0360267	0.0350994	0.0341433	0.0360233	1.40022	1.40023	6.25644	
29.5123	6	186	29.4099	6	166	28.9483	6	166	0.0831686	0	2	0.0300682	0.02927	0.0306233	0.0300675	0.0292633	0.03062	0.0420955	0.0407433	0.04324	0.0420943	0.0407367	0.0432267	1.4	1.39999	6.25305	
29.5123	6	186	29.4099	6	166	28.9483	6	166	0.0831686	0	2	0.0300682	0.02927	0.0306233	0.0300675	0.0292633	0.03062	0.0420955	0.0407433	0.04324	0.0420943	0.0407367	0.0432267	1.4	1.39999	6.25305	
30.7935	6	266	30.6041	6	266	30.1133	6	264	0.0974982	0	2	0.0350706	0.0340767	0.0358433	0.0350698	0.0340733	0.0358433	0.049093	0.0476567	0.05009	0.0490924	0.0476533	0.05009	1.39983	1.39985	6.24643	
30.7935	6	266	30.6041	6	266	30.1133	6	264	0.0974982	0	2	0.0350706	0.0340767	0.0358433	0.0350698	0.0340733	0.0358433	0.049093	0.0476567	0.05009	0.0490924	0.0476533	0.05009	1.39983	1.39985	6.24643	
34.3245	6	717	33.3037	6	416	32.7023	6	416	0.110017	0	2	0.0400942	0.0393133	0.0407567	0.0400944	0.03931	0.0407467	0.0561357	0.05446	0.0573533	0.0561367	0.0544567	0.05736	1.40009	1.40011	6.23722	
34.3245	6	717	33.3037	6	416	32.7023	6	416	0.110017	0	2	0.0400942	0.0393133	0.0407567	0.0400944	0.03931	0.0407467	0.0561357	0.05446	0.0573533	0.0561367	0.0544567	0.05736	1.40009	1.40011	6.23722	
4399.41	6	108785	41.6034	6	611	39.3654	6	611	0.120256	0	2	0.0447554	0.0406586	0.04552	0.0447553	0.0406586	0.0455229	0.0626157	0.0566314	0.0637557	0.0626156	0.05663	0.0637514	1.39907	1.39907	6.27381	
4399.41	6	108785	41.6034	6	611	39.3654	6	611	0.120256	0	2	0.0447554	0.0406586	0.04552	0.0447553	0.0406586	0.0455229	0.0626157	0.0566314	0.0637557	0.0626156	0.05663	0.0637514	1.39907	1.39907	6.27381	
