8.31804	1	31	8.3096	1	31	7.52407	1	27	0	0	0	0.00499391	0.00471	0.00536	0.00499396	0.00470333	0.00528333	0.00895208	0.00824333	0.00963	0.00895245	0.00825	0.00979	1.7926	1.79266	8.50797	
8.33945	1	33	8.32136	1	30	7.52298	1	26	0	0	0	0.0100062	0.00962333	0.01048	0.0100061	0.00947333	0.0105233	0.0180378	0.0172933	0.0192367	0.0180377	0.01706	0.0190833	1.80265	1.80267	8.50058	
8.39389	1	32	8.36772	1	30	7.56947	1	30	0	0	0	0.0150311	0.0145233	0.0156967	0.015031	0.0144667	0.0156933	0.02704	0.0259333	0.0284833	0.0270399	0.02496	0.0285367	1.79893	1.79895	8.54229	
8.41546	1	33	8.37809	1	33	7.58991	1	30	0	0	0	0.020063	0.0194867	0.0205667	0.020063	0.0194767	0.0207	0.0360579	0.0347767	0.0372567	0.0360582	0.0339367	0.0374867	1.79723	1.79725	8.54585	
8.46386	1	34	8.4136	1	31	7.61775	1	30	0	0	0	0.0250671	0.02449	0.0257333	0.0250667	0.0244167	0.02571	0.0451318	0.0439833	0.0464533	0.0451312	0.0435967	0.04701	1.80044	1.80045	8.5683	
8.50414	1	37	8.44353	1	34	7.65296	1	30	0	0	0	0.0300682	0.02949	0.0307167	0.0300683	0.0293267	0.03087	0.0541228	0.0526633	0.0563	0.0541226	0.0526167	0.0564733	1.8	1.79999	8.58884	
8.54499	1	35	8.47074	1	34	7.68203	1	32	0	0	0	0.0350706	0.0342367	0.0362133	0.0350702	0.03431	0.0358933	0.0631154	0.0612733	0.06533	0.0631146	0.0615967	0.0648633	1.79966	1.79967	8.60623	
8.57512	1	38	8.48811	1	35	7.69203	1	32	0	0	0	0.0400941	0.0389867	0.0411167	0.0400934	0.0393067	0.0407833	0.072177	0.0700667	0.0745967	0.0721759	0.0700933	0.0740367	1.80019	1.80019	8.61366	
8.63259	1	43	8.52828	1	43	7.7398	1	39	0	0	0	0.0450691	0.04441	0.0457233	0.0450685	0.0441233	0.04579	0.0810798	0.07946	0.0826367	0.0810788	0.0792533	0.0831967	1.79901	1.79901	8.64258	
8.66837	1	41	8.54857	1	37	7.75329	1	33	0	0	0	0.050078	0.04917	0.05091	0.0500771	0.0487267	0.0508767	0.090079	0.0880267	0.09225	0.0900781	0.0871933	0.0923833	1.79877	1.79879	8.65285	
8.70426	1	47	8.56799	1	39	7.78082	1	35	0	0	0	0.055088	0.0541533	0.0558567	0.0550871	0.0537733	0.0558967	0.0990448	0.0965533	0.101737	0.0990429	0.0960333	0.101443	1.79794	1.79793	8.66124	
8.75515	1	47	8.59957	1	34	7.81521	1	34	0	0	0	0.0600776	0.0585933	0.0612533	0.0600774	0.0590967	0.0612433	0.108018	0.105313	0.110653	0.108016	0.105353	0.110423	1.79797	1.79795	8.68028	
8.81332	1	46	8.63714	1	41	7.8546	1	37	0	0	0	0.0651088	0.0641933	0.06608	0.0651082	0.0640133	0.0660567	0.117103	0.115033	0.120723	0.117102	0.114093	0.119353	1.79857	1.79857	8.70487	
8.86703	1	49	8.67033	1	45	7.89147	1	41	0	0	0	0.0700993	0.0692433	0.0712167	0.0700988	0.06898	0.0712367	0.126046	0.123663	0.128517	0.126046	0.123237	0.128347	1.79811	1.79812	8.72699	
8.91033	1	47	8.68833	1	39	7.90541	1	38	0	0	0	0.0750704	0.0737167	0.0760867	0.0750698	0.07403	0.0762267	0.134952	0.131797	0.13759	0.134951	0.132293	0.13744	1.79767	1.79767	8.73244	
8.9743	1	53	8.72556	1	38	7.94429	1	36	0	0	0	0.0800622	0.0788433	0.08149	0.0800624	0.0789067	0.08127	0.143966	0.141463	0.14713	0.143967	0.141003	0.146377	1.79817	1.79818	8.75448	
9.03122	1	53	8.75571	1	44	7.97116	1	42	0	0	0	0.0850492	0.0838967	0.0865433	0.0850496	0.08406	0.08615	0.152894	0.149913	0.155517	0.152893	0.150287	0.155307	1.79771	1.79769	8.77117	
9.10173	1	63	8.79282	1	48	8.01148	1	44	0	0	0	0.0900403	0.0881367	0.0912167	0.0900408	0.0889333	0.0910133	0.161919	0.158543	0.16451	0.16192	0.159533	0.164217	1.7983	1.7983	8.79237	
9.17095	1	74	8.82907	1	55	8.04269	1	51	0	0	0	0.0950421	0.09396	0.0965867	0.0950417	0.0938233	0.09619	0.170904	0.16843	0.17513	0.170902	0.167647	0.17354	1.79819	1.79818	8.81315	
9.23296	1	57	8.856	1	50	8.07594	1	46	0	0	0	0.100014	0.0985767	0.101243	0.100013	0.09878	0.10123	0.179775	0.176603	0.18299	0.179775	0.17589	0.182417	1.7975	1.79751	8.82642	
9.31122	1	59	8.89295	1	41	8.11144	1	37	0	0	0	0.105002	0.103807	0.106227	0.105002	0.10361	0.106097	0.188774	0.18556	0.191903	0.188774	0.185313	0.191207	1.79782	1.79781	8.84477	
9.39476	1	67	8.93219	1	49	8.15611	1	45	0	0	0	0.110025	0.108787	0.111333	0.110025	0.109007	0.11106	0.197877	0.1946	0.20158	0.197877	0.194673	0.2004	1.79847	1.79848	8.8671	
9.4797	1	74	8.96085	1	48	8.18566	1	45	0	0	0	0.115005	0.113727	0.116963	0.115005	0.113767	0.115997	0.206856	0.20342	0.21087	0.206858	0.202647	0.209093	1.79868	1.79868	8.87735	
9.57011	1	78	8.99942	1	51	8.23359	1	48	0	0	0	0.119998	0.118613	0.121213	0.119998	0.118713	0.121087	0.215819	0.211733	0.21892	0.21582	0.212353	0.218507	1.79853	1.79853	8.89746	
9.67412	1	86	9.04605	1	49	8.27046	1	45	0	0	0	0.124993	0.12335	0.12636	0.124993	0.123623	0.126163	0.224817	0.22087	0.228107	0.224818	0.221	0.2277	1.79863	1.79864	8.92203	
9.77002	1	88	9.07887	1	57	8.30451	1	53	0	0	0	0.129989	0.128747	0.13121	0.129989	0.128333	0.131407	0.233857	0.230573	0.237133	0.233859	0.230013	0.236783	1.79906	1.79906	8.93462	
9.89166	1	77	9.12026	1	51	8.34465	1	47	0	0	0	0.134996	0.133797	0.136793	0.134996	0.133163	0.136407	0.242939	0.23918	0.246713	0.242939	0.23858	0.24574	1.7996	1.7996	8.954	
10.0167	1	114	9.1639	1	61	8.39106	1	61	0	0	0	0.139994	0.1387	0.142043	0.139993	0.138507	0.14127	0.251935	0.248517	0.255967	0.251932	0.247203	0.255123	1.79962	1.79961	8.97553	
10.1353	1	95	9.19992	1	57	8.42942	1	57	0	0	0	0.14498	0.1435	0.146687	0.14498	0.143503	0.14626	0.260957	0.257767	0.264273	0.260957	0.255497	0.264313	1.79996	1.79996	8.98709	
10.3008	1	103	9.2527	1	61	8.48325	1	61	0	0	0	0.149981	0.14896	0.151417	0.149982	0.14843	0.151693	0.270074	0.265633	0.274083	0.270076	0.264883	0.273943	1.80072	1.80073	9.01426	
10.4571	1	107	9.29506	1	49	8.52388	1	47	0	0	0	0.154962	0.153983	0.15644	0.154962	0.153447	0.156753	0.279055	0.27535	0.282653	0.279057	0.272983	0.282677	1.80079	1.80081	9.03065	
10.6177	1	116	9.3404	1	65	8.5685	1	61	0	0	0	0.159973	0.15789	0.16147	0.159974	0.15847	0.161857	0.288068	0.28388	0.291447	0.288069	0.282833	0.29241	1.80072	1.80072	9.04904	
10.8216	1	106	9.38931	1	61	8.61995	1	57	0	0	0	0.164998	0.16387	0.166513	0.164997	0.163283	0.16688	0.297156	0.29383	0.300683	0.297156	0.292293	0.301613	1.80097	1.80098	9.06769	
11.0211	1	109	9.43798	1	62	8.67307	1	62	0	0	0	0.170008	0.168587	0.171523	0.170009	0.168317	0.171593	0.306168	0.30249	0.30979	0.306171	0.302123	0.31037	1.80091	1.80092	9.0889	
11.2647	1	110	9.47809	1	63	8.70821	1	59	0	0	0	0.175015	0.17378	0.176443	0.175015	0.173327	0.176313	0.315161	0.309647	0.319467	0.315161	0.310633	0.318893	1.80077	1.80076	9.09847	
11.5466	1	118	9.53534	1	64	8.77518	1	64	0	0	0	0.180034	0.178163	0.18141	0.180034	0.178347	0.181377	0.324183	0.32065	0.327567	0.324181	0.31987	0.328883	1.80068	1.80066	9.12048	
11.8361	1	141	9.59177	1	69	8.82406	1	69	0	0	0	0.185041	0.1837	0.186537	0.185043	0.183427	0.186797	0.333238	0.329753	0.336673	0.333242	0.32853	0.33841	1.80089	1.80089	9.14165	
12.1802	1	155	9.65167	1	74	8.88885	1	74	0	0	0	0.190052	0.188987	0.191353	0.190053	0.188583	0.191783	0.342298	0.3384	0.345987	0.342304	0.33832	0.347437	1.80108	1.80109	9.16151	
12.6051	1	163	9.71079	1	64	8.94568	1	64	0	0	0	0.195077	0.19343	0.196657	0.195077	0.193573	0.196867	0.351373	0.34831	0.3549	0.351371	0.347387	0.357217	1.8012	1.80119	9.18385	
13.1118	1	176	9.77229	1	68	9.01572	1	66	0	0	0	0.200077	0.198647	0.202083	0.200079	0.19815	0.202043	0.360248	0.356233	0.365297	0.360252	0.35567	0.366537	1.80055	1.80055	9.20064	
13.6082	1	169	9.82949	1	65	9.07149	1	65	0	0	0	0.20508	0.20363	0.206777	0.205077	0.203077	0.207127	0.369223	0.36587	0.372783	0.369216	0.364583	0.376007	1.80038	1.80038	9.2189	
14.3347	1	179	9.90812	1	78	9.15103	1	78	0	0	0	0.210069	0.208173	0.2115	0.210068	0.208123	0.21234	0.378256	0.37335	0.38255	0.378253	0.373963	0.38594	1.80062	1.80062	9.24438	
15.1697	1	250	9.97998	1	68	9.22774	1	68	0	0	0	0.215034	0.213277	0.21678	0.215033	0.213497	0.217173	0.387101	0.38325	0.39125	0.3871	0.38343	0.39424	1.80019	1.80019	9.26567	
16.1485	1	229	10.0494	1	85	9.29915	1	81	0	0	0	0.220028	0.217783	0.221743	0.220027	0.218257	0.222357	0.396088	0.390813	0.39951	0.396089	0.392107	0.40416	1.80017	1.80019	9.28308	
17.4322	1	257	10.1275	1	75	9.37443	1	71	0	0	0	0.225021	0.222313	0.226663	0.225023	0.223223	0.227307	0.405055	0.399957	0.409987	0.405058	0.400913	0.41319	1.80008	1.80007	9.30458	
19.04	1	263	10.2105	1	87	9.46055	1	87	0	0	0	0.230021	0.227957	0.231717	0.230023	0.228137	0.232223	0.413976	0.409087	0.41777	0.41398	0.409333	0.422037	1.79973	1.79973	9.32291	
21.284	1	331	10.298	1	78	9.55047	1	74	0	0	0	0.235028	0.23363	0.236853	0.235024	0.233283	0.23705	0.423043	0.4198	0.42848	0.423038	0.417587	0.430943	1.79997	1.79998	9.3435	
25.0246	1	526	10.3906	1	87	9.64165	1	83	0	0	0	0.240006	0.238937	0.241567	0.240008	0.238398	0.242175	0.432157	0.428505	0.43539	0.432162	0.4274	0.439692	1.80061	1.80061	9.36691	
31.2708	1	682	10.4962	1	83	9.74804	1	83	0	0	0	0.245024	0.24343	0.246467	0.245035	0.243053	0.247563	0.441096	0.435677	0.446587	0.441116	0.43583	0.45047	1.80021	1.80022	9.39215	
54.2623	1	2232	10.5979	1	83	9.85021	1	80	0	0	0	0.24997	0.248933	0.251483	0.249979	0.24867	0.251751	0.449987	0.44718	0.453443	0.450004	0.445636	0.454483	1.80016	1.80017	9.41003	
1065.92	1	30115	10.7019	1	125	9.95151	1	125	0	0	0	0.25498	0.253699	0.255867	0.254564	0.253354	0.256307	0.459021	0.455807	0.462324	0.458271	0.454383	0.462454	1.80022	1.80022	9.43073	
