7.28404	1	23	7.27858	1	23	6.47844	1	20	0	0	0	0.00499391	0.00471	0.00536	0.00499396	0.00471	0.00536	0.00895208	0.00824333	0.00963	0.00895224	0.00824333	0.00963	1.7926	1.79261	7.47832	
7.31046	1	24	7.29791	1	24	6.50213	1	20	0	0	0	0.0100062	0.00962333	0.01048	0.0100061	0.00962333	0.01048	0.0180378	0.0172933	0.0192367	0.0180378	0.0172933	0.0192367	1.80265	1.80267	7.47936	
7.34668	1	28	7.32675	1	28	6.54089	1	24	0	0	0	0.0150311	0.0145233	0.0156967	0.015031	0.0145233	0.0156967	0.02704	0.0259333	0.0284833	0.0270397	0.0259333	0.0284833	1.79893	1.79893	7.5034	
7.3764	1	29	7.34955	1	27	6.56224	1	24	0	0	0	0.020063	0.0194867	0.0205667	0.0200631	0.0194867	0.0205667	0.0360579	0.0347767	0.0372567	0.0360587	0.0347767	0.0372567	1.79723	1.79726	7.51962	
7.42135	1	30	7.38642	1	28	6.60679	1	24	0	0	0	0.0250671	0.02449	0.0257333	0.0250668	0.0244867	0.0257333	0.0451318	0.0439833	0.0464533	0.0451314	0.0439833	0.0464533	1.80044	1.80045	7.54243	
7.45047	1	28	7.40817	1	28	6.62794	1	24	0	0	0	0.0300682	0.02949	0.0307167	0.030068	0.0294933	0.0307133	0.0541228	0.0526633	0.0563	0.0541219	0.0526667	0.0563	1.8	1.79998	7.5563	
7.47763	1	34	7.42478	1	28	6.64413	1	28	0	0	0	0.0350706	0.0342367	0.0362133	0.0350701	0.0342333	0.0362133	0.0631154	0.0612733	0.06533	0.0631148	0.0612733	0.06533	1.79966	1.79968	7.56505	
7.52123	1	34	7.45736	1	28	6.68744	1	27	0	0	0	0.0400941	0.0389867	0.0411167	0.0400936	0.0389867	0.04112	0.072177	0.0700667	0.0745967	0.0721764	0.0700667	0.0746	1.80019	1.8002	7.58772	
7.56229	1	37	7.48935	1	31	6.71333	1	27	0	0	0	0.0450691	0.04441	0.0457233	0.0450683	0.04441	0.0457233	0.0810798	0.07946	0.0826367	0.0810778	0.0794633	0.08265	1.79901	1.799	7.61204	
7.59915	1	41	7.51235	1	32	6.74668	1	28	0	0	0	0.050078	0.04917	0.05091	0.0500778	0.0491633	0.05091	0.090079	0.0880267	0.09225	0.0900783	0.0880167	0.0922467	1.79877	1.79877	7.62478	
7.64342	1	53	7.54432	1	31	6.77491	1	27	0	0	0	0.055088	0.0541533	0.0558567	0.0550878	0.0541533	0.0558533	0.0990448	0.0965533	0.101737	0.0990443	0.0965533	0.101733	1.79794	1.79793	7.64894	
7.68564	1	37	7.57166	1	32	6.80405	1	28	0	0	0	0.0600776	0.0585933	0.0612533	0.0600771	0.05859	0.0612533	0.108018	0.105313	0.110653	0.108017	0.105297	0.110653	1.79797	1.79797	7.66596	
7.73944	1	47	7.60964	1	35	6.85112	1	31	0	0	0	0.0651088	0.0641933	0.06608	0.0651081	0.0641933	0.0660767	0.117103	0.115033	0.120723	0.117102	0.115033	0.120737	1.79857	1.79858	7.69158	
7.77538	1	46	7.63026	1	32	6.87069	1	28	0	0	0	0.0700993	0.0692433	0.0712167	0.0700987	0.0692467	0.0712133	0.126046	0.123663	0.128517	0.126046	0.123673	0.128527	1.79811	1.79812	7.70314	
7.82777	1	56	7.66236	1	32	6.90818	1	29	0	0	0	0.0750704	0.0737167	0.0760867	0.0750706	0.07372	0.07609	0.134952	0.131797	0.13759	0.134952	0.1318	0.13759	1.79767	1.79766	7.7245	
7.87853	1	60	7.69102	1	33	6.94009	1	33	0	0	0	0.0800622	0.0788433	0.08149	0.0800619	0.07884	0.08149	0.143966	0.141463	0.14713	0.143966	0.141477	0.14713	1.79817	1.79818	7.74224	
7.93368	1	66	7.72413	1	32	6.97455	1	30	0	0	0	0.0850492	0.0838967	0.0865433	0.085049	0.0838933	0.0865467	0.152894	0.149913	0.155517	0.152894	0.149903	0.155517	1.79771	1.79771	7.76382	
7.9913	1	57	7.755	1	33	7.00708	1	29	0	0	0	0.0900403	0.0881367	0.0912167	0.0900398	0.0881367	0.0912167	0.161919	0.158543	0.16451	0.16192	0.158537	0.16451	1.7983	1.79831	7.78218	
8.04879	1	73	7.78423	1	34	7.03818	1	30	0	0	0	0.0950421	0.09396	0.0965867	0.0950421	0.0939533	0.09659	0.170904	0.16843	0.17513	0.170903	0.168433	0.175127	1.79819	1.79818	7.80106	
8.10954	1	74	7.81539	1	34	7.07898	1	33	0	0	0	0.100014	0.0985767	0.101243	0.100013	0.09858	0.101243	0.179775	0.176603	0.18299	0.179775	0.176593	0.18299	1.7975	1.79751	7.82016	
8.18157	1	107	7.85343	1	34	7.11389	1	34	0	0	0	0.105002	0.103807	0.106227	0.105002	0.10381	0.106233	0.188774	0.18556	0.191903	0.188773	0.185557	0.19189	1.79782	1.79781	7.84387	
8.25772	1	93	7.88489	1	35	7.14975	1	31	0	0	0	0.110025	0.108787	0.111333	0.110025	0.108787	0.11133	0.197877	0.1946	0.20158	0.197877	0.194613	0.201577	1.79847	1.79848	7.86313	
8.3304	1	128	7.91642	1	34	7.18332	1	32	0	0	0	0.115005	0.113727	0.116963	0.115005	0.113727	0.116973	0.206856	0.20342	0.21087	0.206857	0.20342	0.210893	1.79868	1.79868	7.88174	
8.41461	1	112	7.94929	1	36	7.22094	1	32	0	0	0	0.119998	0.118613	0.121213	0.119999	0.11861	0.121213	0.215819	0.211733	0.21892	0.215822	0.211743	0.21893	1.79853	1.79854	7.9006	
8.52241	1	138	7.98935	1	52	7.26354	1	48	0	0	0	0.124993	0.12335	0.12636	0.124994	0.123347	0.12636	0.224817	0.22087	0.228107	0.22482	0.220867	0.228133	1.79863	1.79865	7.92505	
8.63724	1	136	8.0245	1	36	7.30117	1	36	0	0	0	0.129989	0.128747	0.13121	0.129989	0.12874	0.131213	0.233857	0.230573	0.237133	0.233858	0.23057	0.237143	1.79906	1.79907	7.94614	
8.74892	1	140	8.05528	1	38	7.33393	1	36	0	0	0	0.134996	0.133797	0.136793	0.134996	0.1338	0.136793	0.242939	0.23918	0.246713	0.242939	0.239173	0.246713	1.7996	1.79961	7.96028	
8.89425	1	182	8.09647	1	38	7.38201	1	38	0	0	0	0.139994	0.1387	0.142043	0.139993	0.13869	0.142037	0.251935	0.248517	0.255967	0.251935	0.24853	0.25596	1.79962	1.79962	7.98703	
9.07242	1	302	8.12755	1	37	7.41506	1	34	0	0	0	0.14498	0.1435	0.146687	0.144978	0.143503	0.146697	0.260957	0.257767	0.264273	0.260955	0.25777	0.264283	1.79996	1.79996	8.00248	
9.30459	1	257	8.16779	1	42	7.45987	1	38	0	0	0	0.149981	0.14896	0.151417	0.149981	0.148957	0.15141	0.270074	0.265633	0.274083	0.270075	0.26564	0.27409	1.80072	1.80072	8.02448	
9.58693	1	293	8.20852	1	39	7.49985	1	35	0	0	0	0.154962	0.153983	0.15644	0.154961	0.153983	0.156443	0.279055	0.27535	0.282653	0.279054	0.27534	0.28267	1.80079	1.8008	8.04694	
9.96533	1	384	8.24799	1	42	7.54483	1	38	0	0	0	0.159973	0.15789	0.16147	0.159974	0.157887	0.16147	0.288068	0.28388	0.291447	0.288068	0.283873	0.291443	1.80072	1.80072	8.06865	
10.6481	1	453	8.28069	1	42	7.57855	1	38	0	0	0	0.164998	0.16387	0.166513	0.164998	0.163867	0.166507	0.297156	0.29383	0.300683	0.297156	0.293863	0.300687	1.80097	1.80097	8.08468	
12.3714	1	935	8.33731	1	40	7.6391	1	36	0	0	0	0.170008	0.168587	0.171523	0.170011	0.168583	0.171523	0.306168	0.30249	0.30979	0.306176	0.302487	0.3098	1.80091	1.80092	8.11169	
21.1649	1	1998	8.35705	1	45	7.65821	1	42	0	0	0	0.17498	0.174016	0.175894	0.17498	0.174016	0.175891	0.314981	0.312254	0.316899	0.314981	0.31226	0.316899	1.8001	1.8001	8.12532	
1475.8	1	77065	8.46951	1	73	7.77756	1	73	0	0	0	0.179976	0.178876	0.181194	0.179589	0.166744	0.181193	0.323985	0.321303	0.326833	0.323291	0.299864	0.326827	1.80015	1.80017	8.14662	
