9.32896	2	29	9.29871	2	26	8.50312	2	22	0	0	0	0.00499391	0.00471	0.00536	0.00499401	0.00471	0.00536	0.00895208	0.00824333	0.00963	0.0089524	0.00824333	0.00963	1.7926	1.79263	9.4878	
9.43391	2	35	9.36542	2	25	8.55502	2	21	0	0	0	0.0100062	0.00962333	0.01048	0.010006	0.00962333	0.01048	0.0180378	0.0172933	0.0192367	0.0180374	0.0172933	0.0192367	1.80265	1.80266	9.52138	
9.50693	2	47	9.39521	2	27	8.59912	2	23	0	0	0	0.0150311	0.0145233	0.0156967	0.0150309	0.0145233	0.0156967	0.02704	0.0259333	0.0284833	0.0270396	0.0259333	0.0284833	1.79893	1.79893	9.53087	
9.5926	2	47	9.42642	2	26	8.64022	2	25	0	0	0	0.020063	0.0194867	0.0205667	0.0200632	0.01949	0.0205667	0.0360579	0.0347767	0.0372567	0.0360585	0.0347767	0.0372567	1.79723	1.79725	9.5393	
9.70373	2	60	9.47289	2	29	8.67733	2	26	0	0	0	0.0250671	0.02449	0.0257333	0.0250669	0.0244867	0.0257367	0.0451318	0.0439833	0.0464533	0.045132	0.0439833	0.0464567	1.80044	1.80046	9.55102	
9.82867	2	75	9.51363	2	30	8.71924	2	27	0	0	0	0.0300682	0.02949	0.0307167	0.0300681	0.0294933	0.0307133	0.0541228	0.0526633	0.0563	0.0541223	0.0526667	0.0563	1.8	1.79999	9.5584	
9.9802	2	88	9.56728	2	30	8.78259	2	30	0	0	0	0.0350706	0.0342367	0.0362133	0.0350702	0.0342333	0.0362133	0.0631154	0.0612733	0.06533	0.0631152	0.0612733	0.06533	1.79966	1.79968	9.56949	
10.1845	2	94	9.63738	2	31	8.85322	2	28	0	0	0	0.0400941	0.0389867	0.0411167	0.0400935	0.0389867	0.04112	0.072177	0.0700667	0.0745967	0.0721766	0.0700667	0.0746	1.80019	1.80021	9.58596	
10.409	2	111	9.69158	2	32	8.91294	2	31	0	0	0	0.0450691	0.04441	0.0457233	0.045068	0.0444133	0.0457233	0.0810798	0.07946	0.0826367	0.0810776	0.0794633	0.0826567	1.79901	1.79901	9.58458	
10.7156	2	138	9.76655	2	35	8.99249	2	33	0	0	0	0.050078	0.04917	0.05091	0.0500776	0.0491633	0.05091	0.090079	0.0880267	0.09225	0.0900783	0.0880167	0.0922467	1.79877	1.79878	9.59022	
11.1658	2	178	9.87088	2	36	9.08698	2	33	0	0	0	0.055088	0.0541533	0.0558567	0.0550876	0.05415	0.05585	0.0990448	0.0965533	0.101737	0.0990437	0.09655	0.10173	1.79794	1.79793	9.608	
11.8328	2	283	9.98436	2	35	9.21516	2	34	0	0	0	0.0600776	0.0585933	0.0612533	0.0600769	0.0585867	0.0612533	0.108018	0.105313	0.110653	0.108017	0.105293	0.110653	1.79797	1.79798	9.60918	
13.0146	2	359	10.1443	2	39	9.36771	2	36	0	0	0	0.0651088	0.0641933	0.06608	0.0651086	0.0641933	0.0660767	0.117103	0.115033	0.120723	0.117102	0.115037	0.120737	1.79857	1.79856	9.6231	
15.1251	2	494	10.3123	2	38	9.53911	2	35	0	0	0	0.0700993	0.0692433	0.0712167	0.0700984	0.0692367	0.0712133	0.126046	0.123663	0.128517	0.126044	0.12365	0.128533	1.79811	1.7981	9.62382	
20.3365	2	843	10.5053	2	39	9.72952	2	35	0	0	0	0.0750704	0.0737167	0.0760867	0.0750702	0.07372	0.07609	0.134952	0.131797	0.13759	0.134952	0.131813	0.137593	1.79767	1.79768	9.62766	
64.0768	2	2629	10.5913	2	40	9.81798	2	36	0	0	0	0.0800144	0.0788657	0.0809929	0.0800157	0.0788871	0.0809914	0.143953	0.141529	0.145764	0.143955	0.141556	0.145763	1.7991	1.79909	9.63224	
6822.71	2	106764	10.5462	2	41	9.78525	2	37	0	0	0	0.0850192	0.08427	0.0856714	0.0841822	0.0768771	0.08567	0.152964	0.151281	0.154377	0.151455	0.139031	0.154374	1.79917	1.79914	9.63865	
