7.2926	1	23	7.28617	1	23	6.48272	1	20	0	0	0	0.00499391	0.00471	0.00536	0.00499396	0.00471	0.00536	0.00895208	0.00824333	0.00963	0.00895224	0.00824333	0.00963	1.7926	1.79261	7.48594	
7.32606	1	24	7.31122	1	24	6.50948	1	22	0	0	0	0.0100062	0.00962333	0.01048	0.0100061	0.00962333	0.01048	0.0180378	0.0172933	0.0192367	0.0180378	0.0172933	0.0192367	1.80265	1.80267	7.49253	
7.3694	1	28	7.34661	1	28	6.55159	1	24	0	0	0	0.0150311	0.0145233	0.0156967	0.015031	0.0145233	0.0156967	0.02704	0.0259333	0.0284833	0.0270397	0.0259333	0.0284833	1.79893	1.79893	7.52324	
7.40638	1	29	7.37512	1	27	6.57644	1	24	0	0	0	0.020063	0.0194867	0.0205667	0.0200631	0.0194867	0.0205667	0.0360579	0.0347767	0.0372567	0.0360587	0.0347767	0.0372567	1.79723	1.79726	7.54502	
7.45649	1	30	7.41625	1	28	6.62305	1	24	0	0	0	0.0250671	0.02449	0.0257333	0.0250668	0.0244867	0.0257333	0.0451318	0.0439833	0.0464533	0.0451314	0.0439833	0.0464533	1.80044	1.80045	7.57206	
7.49307	1	28	7.44407	1	28	6.64743	1	24	0	0	0	0.0300682	0.02949	0.0307167	0.030068	0.0294933	0.0307133	0.0541228	0.0526633	0.0563	0.0541219	0.0526667	0.0563	1.8	1.79998	7.59213	
7.52635	1	34	7.46593	1	28	6.66648	1	28	0	0	0	0.0350706	0.0342367	0.0362133	0.0350701	0.0342333	0.0362133	0.0631154	0.0612733	0.06533	0.0631148	0.0612733	0.06533	1.79966	1.79968	7.60586	
7.57965	1	34	7.50663	1	34	6.71408	1	34	0	0	0	0.0400941	0.0389867	0.0411167	0.0400936	0.0389867	0.04112	0.072177	0.0700667	0.0745967	0.0721764	0.0700667	0.0746	1.80019	1.8002	7.63664	
7.62922	1	37	7.54572	1	32	6.74388	1	32	0	0	0	0.0450691	0.04441	0.0457233	0.0450683	0.04441	0.0457233	0.0810798	0.07946	0.0826367	0.0810778	0.0794633	0.08265	1.79901	1.799	7.66784	
7.67013	1	41	7.57124	1	36	6.77836	1	32	0	0	0	0.050078	0.04917	0.05091	0.0500778	0.0491633	0.05091	0.090079	0.0880267	0.09225	0.0900783	0.0880167	0.0922467	1.79877	1.79877	7.68292	
7.723	1	53	7.61027	1	41	6.80999	1	37	0	0	0	0.055088	0.0541533	0.0558567	0.0550878	0.0541533	0.0558533	0.0990448	0.0965533	0.101737	0.0990443	0.0965533	0.101733	1.79794	1.79793	7.7143	
7.77306	1	37	7.64382	1	36	6.84285	1	36	0	0	0	0.0600776	0.0585933	0.0612533	0.0600771	0.05859	0.0612533	0.108018	0.105313	0.110653	0.108017	0.105297	0.110653	1.79797	1.79797	7.73741	
7.83478	1	47	7.68805	1	43	6.89276	1	43	0	0	0	0.0651088	0.0641933	0.06608	0.0651081	0.0641933	0.0660767	0.117103	0.115033	0.120723	0.117102	0.115033	0.120737	1.79857	1.79858	7.76917	
7.87883	1	46	7.71445	1	36	6.91559	1	36	0	0	0	0.0700993	0.0692433	0.0712167	0.0700987	0.0692467	0.0712133	0.126046	0.123663	0.128517	0.126046	0.123673	0.128527	1.79811	1.79812	7.78607	
7.93606	1	56	7.75009	1	40	6.9543	1	40	0	0	0	0.0750704	0.0737167	0.0760867	0.0750706	0.07372	0.07609	0.134952	0.131797	0.13759	0.134952	0.1318	0.13759	1.79767	1.79766	7.81156	
7.99604	1	60	7.78598	1	42	6.98987	1	42	0	0	0	0.0800622	0.0788433	0.08149	0.0800619	0.07884	0.08149	0.143966	0.141463	0.14713	0.143966	0.141477	0.14713	1.79817	1.79818	7.83611	
8.06055	1	66	7.8258	1	40	7.02767	1	37	0	0	0	0.0850492	0.0838967	0.0865433	0.085049	0.0838933	0.0865467	0.152894	0.149913	0.155517	0.152893	0.149903	0.155517	1.79771	1.79771	7.86398	
8.12466	1	57	7.86085	1	40	7.06245	1	40	0	0	0	0.0900403	0.0881367	0.0912167	0.0900398	0.0881367	0.0912167	0.161919	0.158543	0.16451	0.16192	0.158537	0.16451	1.7983	1.79831	7.88696	
8.1894	1	73	7.89576	1	43	7.09618	1	43	0	0	0	0.0950421	0.09396	0.0965867	0.0950422	0.0939533	0.09659	0.170904	0.16843	0.17513	0.170903	0.168433	0.175127	1.79819	1.79818	7.9113	
8.25862	1	74	7.93213	1	47	7.13888	1	43	0	0	0	0.100014	0.0985767	0.101243	0.100013	0.09858	0.101243	0.179775	0.176603	0.18299	0.179775	0.176593	0.18299	1.7975	1.79751	7.93557	
8.33784	1	107	7.97405	1	43	7.17536	1	43	0	0	0	0.105002	0.103807	0.106227	0.105002	0.10381	0.106233	0.188774	0.18556	0.191903	0.188773	0.185557	0.19189	1.79782	1.79781	7.96421	
8.42525	1	94	8.01343	1	53	7.21603	1	49	0	0	0	0.110025	0.108787	0.111333	0.110025	0.108787	0.11133	0.197877	0.1946	0.20158	0.197877	0.194613	0.201577	1.79847	1.79848	7.9894	
8.50477	1	128	8.04823	1	48	7.25029	1	48	0	0	0	0.115005	0.113727	0.116963	0.115005	0.113727	0.116973	0.206856	0.20342	0.21087	0.206857	0.20342	0.210893	1.79868	1.79868	8.01196	
8.60094	1	114	8.08897	1	49	7.29144	1	49	0	0	0	0.119998	0.118613	0.121213	0.119999	0.11861	0.121213	0.215819	0.211733	0.21892	0.215822	0.211743	0.21893	1.79853	1.79854	8.03807	
8.71971	1	138	8.13558	1	57	7.3382	1	53	0	0	0	0.124993	0.12335	0.12636	0.124994	0.123347	0.12636	0.224817	0.22087	0.228107	0.22482	0.220867	0.228133	1.79863	1.79865	8.06903	
8.84269	1	141	8.17372	1	53	7.37673	1	53	0	0	0	0.129989	0.128747	0.13121	0.129989	0.12874	0.131213	0.233857	0.230573	0.237133	0.233858	0.23057	0.237143	1.79906	1.79907	8.09304	
8.96764	1	153	8.20995	1	50	7.41134	1	50	0	0	0	0.134996	0.133797	0.136793	0.134996	0.1338	0.136793	0.242939	0.23918	0.246713	0.242939	0.239173	0.246713	1.7996	1.79961	8.11262	
9.12603	1	182	8.25553	1	55	7.46086	1	55	0	0	0	0.139994	0.1387	0.142043	0.139993	0.13869	0.142037	0.251935	0.248517	0.255967	0.251935	0.24853	0.25596	1.79962	1.79962	8.1435	
9.32343	1	310	8.29564	1	55	7.49857	1	54	0	0	0	0.14498	0.1435	0.146687	0.144978	0.143503	0.146697	0.260957	0.257767	0.264273	0.260956	0.25777	0.264283	1.79996	1.79996	8.16777	
9.57798	1	263	8.34272	1	58	7.54818	1	58	0	0	0	0.149981	0.14896	0.151417	0.149981	0.148957	0.15141	0.270074	0.265633	0.274083	0.270075	0.26564	0.27409	1.80072	1.80072	8.19509	
9.90518	1	287	8.38985	1	61	7.59234	1	61	0	0	0	0.154962	0.153983	0.15644	0.154961	0.153983	0.156443	0.279055	0.27535	0.282653	0.279054	0.27534	0.28267	1.80079	1.8008	8.22238	
10.3418	1	402	8.43005	1	62	7.63404	1	59	0	0	0	0.159973	0.15789	0.16147	0.159974	0.157887	0.161473	0.288068	0.28388	0.291447	0.288068	0.283873	0.291447	1.80072	1.80071	8.24899	
11.191	1	557	8.4759	1	62	7.67697	1	58	0	0	0	0.164998	0.16387	0.166513	0.164997	0.163867	0.166507	0.297156	0.29383	0.300683	0.297156	0.293863	0.30069	1.80097	1.80097	8.27181	
13.8103	1	962	8.53083	1	69	7.73375	1	65	0	0	0	0.170008	0.168587	0.171523	0.170012	0.168583	0.171523	0.306168	0.30249	0.30979	0.306178	0.302487	0.3098	1.80091	1.80092	8.30248	
107.869	1	7066	8.53755	1	68	7.73637	1	68	0	0	0	0.17498	0.174016	0.175894	0.174992	0.174016	0.176036	0.314981	0.312254	0.316899	0.315004	0.31226	0.317339	1.8001	1.8001	8.32248	
2279.96	1	117229	8.62928	1	78	7.83062	1	78	0	0	0	0.179976	0.178876	0.181194	0.1794	0.160563	0.181193	0.323985	0.321303	0.326833	0.322958	0.289003	0.326827	1.80015	1.80021	8.34949	
