12.9566	5	29	12.954	5	29	12.5411	5	27	0.0132456	0	4	0.00503313	0.00481667	0.0053	0.00503313	0.00485333	0.00523333	0.00702396	0.00664333	0.00738667	0.00702396	0.00665333	0.00738333	1.39555	1.39555	3.50673	
12.9811	5	33	12.9759	5	33	12.56	5	31	0.02467	0	5	0.0100071	0.00976667	0.0102033	0.0100069	0.00964667	0.01039	0.0140571	0.0137033	0.0146067	0.0140573	0.01366	0.0145433	1.40471	1.40476	3.49938	
13.0302	5	31	13.021	5	31	12.6278	5	29	0.0382954	0	5	0.0149985	0.0146433	0.01559	0.0149987	0.0148167	0.0152267	0.020969	0.02011	0.02179	0.0209692	0.0206767	0.02153	1.39807	1.39806	3.50347	
13.0678	5	33	13.0557	5	33	12.6695	5	31	0.0504623	0	7	0.019986	0.01963	0.02062	0.0199858	0.01966	0.0203033	0.0279098	0.0271567	0.0287067	0.0279094	0.0274533	0.0284967	1.39646	1.39646	3.50248	
13.125	5	34	13.1096	5	34	12.7059	5	32	0.0623072	0	7	0.0249837	0.02455	0.02546	0.0249842	0.0247	0.0254733	0.0348933	0.03407	0.0356633	0.0348946	0.0341167	0.0358267	1.39664	1.39667	3.50642	
13.14	5	38	13.1214	5	38	12.7139	5	36	0.0754045	0	7	0.0300242	0.0295933	0.0305333	0.0300246	0.0292733	0.0305967	0.0420208	0.04123	0.0426933	0.0420213	0.0409067	0.0430167	1.39957	1.39956	3.49607	
13.2128	5	37	13.1915	5	35	12.7702	5	33	0.0874949	0	7	0.0350258	0.03462	0.0354267	0.0350258	0.0344667	0.0356367	0.0490913	0.04851	0.0500567	0.0490913	0.04813	0.0499367	1.40157	1.40157	3.50495	
13.2384	5	37	13.2122	5	37	12.7887	5	37	0.101669	0	7	0.0400277	0.03942	0.0406733	0.0400273	0.03949	0.0405033	0.0560956	0.0550933	0.0572733	0.0560948	0.05479	0.0569367	1.40142	1.40141	3.49845	
13.2911	5	43	13.2622	5	43	12.8435	5	43	0.115401	0	7	0.0450169	0.04458	0.0456267	0.0450171	0.0445133	0.0458567	0.0630827	0.06235	0.0640367	0.0630833	0.0618133	0.0640767	1.40131	1.40132	3.49849	
13.3257	5	43	13.2931	5	41	12.8855	5	40	0.127155	0	7	0.0499998	0.04951	0.05115	0.05	0.0491033	0.0508833	0.0700285	0.06905	0.07155	0.0700292	0.0690367	0.07145	1.40058	1.40058	3.49564	
13.3906	5	43	13.3548	5	42	12.9396	5	40	0.138402	0	8	0.0550015	0.0540133	0.0555467	0.0550017	0.05423	0.05599	0.0769794	0.0751867	0.07805	0.0769792	0.0758933	0.0785367	1.39959	1.39958	3.50267	
13.4321	5	43	13.3922	5	43	12.9771	5	43	0.150197	0	7	0.0599671	0.0591767	0.0606267	0.0599677	0.0593133	0.0608333	0.0839254	0.0823167	0.0849567	0.0839262	0.08282	0.08554	1.39952	1.39952	3.5008	
13.4904	5	44	13.4468	5	43	13.0337	5	41	0.16434	0	9	0.0650215	0.06442	0.06566	0.0650215	0.0643067	0.06615	0.0909044	0.08938	0.09205	0.0909044	0.08955	0.09295	1.39807	1.39807	3.50223	
13.5349	5	43	13.488	5	42	13.0668	5	41	0.175	0	8	0.0699788	0.0689733	0.0706367	0.0699783	0.0693333	0.0710367	0.0978704	0.09664	0.0991867	0.0978692	0.09649	0.0999467	1.39857	1.39856	3.5002	
13.5753	5	51	13.525	5	51	13.1039	5	50	0.186377	0	9	0.0749758	0.0742467	0.0760033	0.074976	0.07433	0.07599	0.104828	0.103943	0.10635	0.104826	0.10327	0.106687	1.39816	1.39813	3.49946	
13.6438	5	49	13.5884	5	49	13.1694	5	47	0.200716	0	8	0.0799906	0.0790067	0.0807967	0.0799917	0.0792067	0.0808867	0.111872	0.110427	0.113643	0.111873	0.110103	0.113323	1.39856	1.39856	3.50127	
13.7012	5	46	13.6424	5	46	13.2259	5	45	0.211736	0	8	0.0850135	0.08435	0.0858833	0.0850135	0.0843733	0.08591	0.118961	0.117377	0.120377	0.118958	0.11742	0.120003	1.39932	1.39928	3.50067	
13.7526	5	50	13.6893	5	50	13.2618	5	50	0.222297	0	9	0.0900252	0.0888133	0.0912633	0.0900271	0.0891067	0.0911633	0.126018	0.124353	0.12757	0.126021	0.12404	0.127323	1.3998	1.39981	3.49854	
13.8073	5	47	13.7406	5	47	13.3108	5	46	0.236069	0	8	0.09501	0.0938567	0.09571	0.0950102	0.0940233	0.0964067	0.133004	0.131353	0.134417	0.133005	0.130897	0.134927	1.39989	1.3999	3.49848	
13.8886	5	49	13.8175	5	45	13.3947	5	45	0.248124	0	8	0.100001	0.099	0.100643	0.100002	0.09872	0.101457	0.140029	0.13844	0.140983	0.140031	0.13772	0.142397	1.40028	1.40028	3.50307	
13.9467	5	52	13.8712	5	52	13.4476	5	50	0.258066	0	8	0.105056	0.104117	0.10552	0.105056	0.103987	0.10664	0.147119	0.145683	0.148003	0.147118	0.145113	0.149607	1.40038	1.40039	3.50224	
14.0074	5	50	13.9275	5	50	13.5051	5	50	0.269271	0	9	0.110075	0.109097	0.111407	0.110075	0.109247	0.111747	0.154144	0.152047	0.156693	0.154144	0.152753	0.15708	1.40035	1.40035	3.49987	
14.0703	5	52	13.986	5	52	13.566	5	52	0.280691	0	10	0.115058	0.11386	0.116137	0.115057	0.113957	0.116787	0.161113	0.159847	0.16261	0.16111	0.15903	0.164587	1.40028	1.40026	3.50231	
14.1512	5	52	14.0609	5	52	13.6429	5	52	0.290383	0	9	0.120091	0.11925	0.12095	0.120089	0.119147	0.122067	0.168126	0.166483	0.169367	0.168128	0.166563	0.171673	1.39999	1.40002	3.50301	
14.2134	5	57	14.1178	5	57	13.6894	5	55	0.302356	0	9	0.125086	0.122773	0.125937	0.125085	0.12381	0.12691	0.175188	0.171573	0.176573	0.175185	0.173687	0.178617	1.40055	1.40053	3.49964	
14.2823	5	62	14.1811	5	62	13.7607	5	60	0.311161	0	9	0.130036	0.128583	0.130897	0.130037	0.12874	0.13154	0.182078	0.17978	0.183583	0.182081	0.18067	0.185103	1.40022	1.40022	3.49962	
14.3639	5	57	14.2585	5	56	13.8343	5	55	0.323466	0	10	0.135046	0.133877	0.13627	0.135045	0.133963	0.13686	0.189078	0.18676	0.191243	0.189076	0.18777	0.1925	1.40009	1.4001	3.49978	
14.4559	5	66	14.3435	5	66	13.9218	5	66	0.332381	0	10	0.140089	0.138913	0.14128	0.140088	0.138693	0.1421	0.196112	0.19445	0.19773	0.196109	0.194777	0.199883	1.39991	1.3999	3.50046	
14.5327	5	66	14.4137	5	64	13.9864	5	64	0.344292	0	10	0.1451	0.143753	0.146837	0.145101	0.143963	0.146873	0.203211	0.201413	0.20637	0.203212	0.202103	0.206507	1.40048	1.40049	3.50086	
14.6247	5	63	14.4992	5	63	14.0779	5	63	0.353975	0	10	0.150073	0.148373	0.151533	0.150071	0.148753	0.151617	0.210125	0.207687	0.211977	0.210122	0.208347	0.21329	1.40015	1.40015	3.50124	
14.7113	5	67	14.5797	5	67	14.1565	5	65	0.364062	0	10	0.155095	0.154153	0.156183	0.155094	0.153557	0.15649	0.217207	0.215267	0.219737	0.217207	0.215017	0.220363	1.40048	1.40049	3.49997	
14.81	5	76	14.6713	5	76	14.2385	5	74	0.371123	0	9	0.160132	0.158767	0.1612	0.160131	0.158513	0.161477	0.22421	0.222307	0.22575	0.22421	0.222073	0.227157	1.40016	1.40017	3.50205	
14.9045	5	74	14.7602	5	74	14.3393	5	72	0.38219	0	10	0.165184	0.16425	0.1664	0.165183	0.163543	0.16655	0.231276	0.229643	0.233903	0.231277	0.22901	0.234183	1.40011	1.40013	3.4998	
15.0166	5	71	14.8624	5	71	14.4366	5	69	0.391772	0	11	0.170181	0.1687	0.171077	0.170179	0.168733	0.171787	0.238258	0.236163	0.23948	0.238257	0.23624	0.241413	1.40003	1.40004	3.49943	
15.1135	5	85	14.9516	5	85	14.5236	5	83	0.399317	0	9	0.175217	0.173843	0.176623	0.175216	0.173857	0.176743	0.245302	0.242943	0.247103	0.2453	0.243343	0.248083	1.39998	1.39999	3.49827	
15.2358	5	83	15.0647	5	79	14.6396	5	76	0.408156	0	11	0.180281	0.178283	0.18137	0.180281	0.179093	0.18157	0.252304	0.248863	0.25401	0.252304	0.249973	0.25499	1.3995	1.3995	3.49768	
15.3606	5	74	15.1782	5	74	14.7538	5	74	0.416561	0	11	0.185281	0.183433	0.186487	0.185279	0.183923	0.186997	0.259244	0.256413	0.260827	0.259243	0.256323	0.26167	1.3992	1.39921	3.49931	
15.4829	5	88	15.2913	5	82	14.8656	5	82	0.424445	0	10	0.190259	0.18846	0.191573	0.190257	0.188937	0.1916	0.266169	0.263513	0.26842	0.266167	0.263357	0.268647	1.39899	1.39899	3.4982	
15.6398	5	82	15.4359	5	76	15.0061	5	76	0.431685	0	10	0.195212	0.19421	0.196747	0.195212	0.19391	0.196847	0.273104	0.271603	0.275313	0.273104	0.270427	0.275447	1.39901	1.39901	3.50224	
15.7761	5	89	15.5592	5	87	15.129	5	87	0.439856	0	10	0.200214	0.19799	0.201457	0.200214	0.198627	0.201767	0.280169	0.276697	0.281627	0.28017	0.276813	0.282407	1.39935	1.39935	3.50103	
15.9252	5	86	15.6925	5	86	15.2623	5	86	0.447328	0	10	0.205178	0.203803	0.207243	0.205177	0.203343	0.206597	0.287124	0.284603	0.290677	0.287127	0.28386	0.289267	1.3994	1.39941	3.49883	
16.0915	5	86	15.839	5	86	15.4018	5	86	0.455013	0	10	0.210146	0.20869	0.211847	0.210143	0.208203	0.211473	0.294029	0.29075	0.296447	0.294025	0.29052	0.296087	1.39916	1.39917	3.49795	
16.2821	5	92	16.0167	5	90	15.5828	5	90	0.463947	0	10	0.215114	0.213397	0.216263	0.215113	0.21349	0.21649	0.300994	0.298903	0.304217	0.30099	0.29767	0.30295	1.39923	1.39922	3.50097	
16.4439	5	104	16.1593	5	101	15.7161	5	101	0.46981	0	11	0.220136	0.218067	0.22124	0.220134	0.218297	0.221567	0.307954	0.305253	0.310033	0.307953	0.304407	0.309867	1.39893	1.39893	3.50021	
16.6317	5	98	16.3264	5	98	15.8817	5	98	0.475452	0	10	0.225164	0.224017	0.22612	0.225164	0.22333	0.226657	0.31498	0.313317	0.317033	0.314981	0.311877	0.317033	1.39889	1.3989	3.49835	
16.8534	5	104	16.5165	5	103	16.0692	5	103	0.482852	0	10	0.230131	0.22864	0.23162	0.230129	0.228147	0.231783	0.321949	0.319987	0.32408	0.321945	0.318407	0.32433	1.39898	1.39898	3.49888	
17.1021	5	109	16.7367	5	108	16.2871	5	108	0.489504	0	10	0.235071	0.233757	0.236867	0.235071	0.233253	0.23685	0.32885	0.327057	0.331073	0.328851	0.32556	0.331203	1.39894	1.39894	3.49985	
17.3454	5	114	16.9428	5	114	16.4781	5	112	0.495488	0	11	0.24003	0.238453	0.241883	0.240031	0.238263	0.241723	0.33579	0.33384	0.338537	0.335792	0.332663	0.338023	1.39895	1.39895	3.49928	
17.6329	5	139	17.191	5	139	16.7215	5	136	0.501816	0	10	0.24505	0.243297	0.246467	0.24505	0.24346	0.24674	0.342868	0.341017	0.345187	0.34287	0.339883	0.34504	1.39918	1.39919	3.4984	
17.887	5	127	17.4003	5	127	16.9263	5	127	0.508468	0	11	0.249962	0.24869	0.251043	0.249962	0.24841	0.25177	0.349755	0.347003	0.351693	0.349754	0.347117	0.35201	1.39924	1.39923	3.49856	
18.2171	5	135	17.6763	5	135	17.1922	5	135	0.514897	0	10	0.254964	0.25278	0.256623	0.254965	0.253513	0.256937	0.35678	0.35478	0.358783	0.356782	0.35407	0.35929	1.39934	1.39934	3.49788	
18.59	5	132	17.9674	5	129	17.4811	5	128	0.51989	0	13	0.259973	0.258697	0.26117	0.259977	0.258463	0.26147	0.363789	0.361627	0.365883	0.363796	0.36078	0.36588	1.39933	1.39934	3.49842	
19.0205	5	143	18.2969	5	133	17.8004	5	133	0.525697	0	10	0.265003	0.263367	0.26682	0.265005	0.263273	0.26632	0.370792	0.36818	0.373617	0.370796	0.36788	0.3732	1.3992	1.39921	3.49952	
19.4719	5	152	18.6572	5	139	18.1415	5	139	0.531259	0	11	0.270023	0.268963	0.270927	0.270025	0.26841	0.271377	0.377814	0.37559	0.379777	0.377814	0.375003	0.379943	1.39919	1.39918	3.50006	
19.9904	5	161	19.0054	5	156	18.4606	5	156	0.535812	0	10	0.275018	0.27361	0.276693	0.275019	0.273443	0.27669	0.384772	0.382587	0.38722	0.384773	0.38205	0.387157	1.39908	1.39908	3.49922	
20.5575	5	187	19.3917	5	156	18.834	5	156	0.540578	0	10	0.28004	0.278677	0.282103	0.280039	0.27853	0.282007	0.391778	0.389617	0.39415	0.391778	0.38951	0.394623	1.399	1.39901	3.49921	
21.2008	5	157	19.814	5	157	19.2324	5	153	0.545502	0	11	0.285016	0.283753	0.286297	0.28502	0.283603	0.28701	0.398729	0.39676	0.399603	0.398735	0.396623	0.40158	1.39897	1.39897	3.49832	
22.0053	5	172	20.3137	5	167	19.6995	5	167	0.550018	0	11	0.290035	0.288337	0.291363	0.290037	0.288327	0.292353	0.40573	0.40345	0.409017	0.405734	0.40308	0.409183	1.3989	1.3989	3.49901	
22.9686	5	190	20.8193	5	166	20.172	5	166	0.553772	0	11	0.295025	0.29368	0.296087	0.295022	0.293257	0.297373	0.412735	0.4112	0.41531	0.412733	0.410127	0.416143	1.39899	1.39899	3.49954	
24.2306	5	239	21.3641	5	184	20.6812	5	184	0.558453	0	11	0.300035	0.298613	0.30167	0.300032	0.297633	0.302233	0.419697	0.416973	0.42255	0.419691	0.41648	0.42264	1.39883	1.39882	3.49794	
25.6012	5	240	21.9809	5	210	21.2499	5	210	0.56194	0	10	0.305052	0.303307	0.306427	0.305052	0.30221	0.30696	0.426724	0.424973	0.428017	0.426721	0.422817	0.42942	1.39886	1.39885	3.49923	
27.5487	5	278	22.6413	5	233	21.8626	5	233	0.565209	0	11	0.309986	0.3091	0.311185	0.309984	0.308213	0.31137	0.433662	0.431865	0.43498	0.433663	0.431488	0.436535	1.39897	1.39898	3.4981	
30.4849	5	314	23.4458	5	226	22.5925	5	226	0.569026	0	12	0.314952	0.313377	0.316453	0.314951	0.31295	0.316287	0.440621	0.43752	0.443437	0.440619	0.437865	0.443337	1.39901	1.39901	3.49913	
35.1563	5	391	24.2616	5	211	23.334	5	211	0.572112	0	11	0.319977	0.318663	0.32235	0.319978	0.3174	0.3217	0.447679	0.445223	0.45123	0.447676	0.444127	0.45051	1.3991	1.39909	3.49787	
43.1736	5	681	25.2379	5	226	24.2142	5	224	0.574954	0	12	0.324912	0.32371	0.32625	0.32491	0.323105	0.32615	0.454517	0.451415	0.456958	0.454517	0.451755	0.457168	1.39889	1.3989	3.50006	
74.582	5	1183	26.3864	5	250	25.2488	5	250	0.578524	0	11	0.329978	0.328993	0.331175	0.329981	0.328347	0.33094	0.461715	0.459385	0.463705	0.461717	0.459452	0.463652	1.39923	1.39923	3.50001	
1573.58	5	14568	27.334	5	315	26.06	5	315	0.581015	0	11	0.334129	0.330534	0.3357	0.334127	0.332847	0.335049	0.467623	0.4622	0.469997	0.467623	0.466093	0.469106	1.39953	1.39954	3.50019	
