12.9824	5	28	12.9798	5	28	12.5513	5	27	0.0280227	0	4	0.00503313	0.00481667	0.0053	0.00503313	0	0.02034	0.00702396	0.00664333	0.00738667	0.00702396	0	0.02836	1.39555	1.39555	3.50789	
13.009	5	33	13.0037	5	33	12.5986	5	31	0.0576467	0	4	0.0100071	0.00976667	0.0102033	0.0100069	0	0.0406533	0.0140571	0.0137033	0.0146067	0.0140569	0	0.0569733	1.40471	1.40472	3.49282	
13.0871	5	31	13.0779	5	31	12.6716	5	30	0.0881058	0	5	0.0149985	0.0146433	0.01559	0.0149987	0	0.0602233	0.020969	0.02011	0.02179	0.0209692	0	0.08413	1.39807	1.39806	3.49769	
13.1919	5	32	13.1798	5	32	12.7927	5	30	0.114184	0	5	0.019986	0.0196333	0.02062	0.0199858	0	0.0805067	0.0279098	0.0271567	0.0287067	0.0279094	0	0.11274	1.39646	1.39646	3.51025	
13.2322	5	35	13.2167	5	35	12.8152	5	33	0.140733	0	6	0.0249837	0.02455	0.02546	0.0249844	0	0.100703	0.0348933	0.03407	0.0356633	0.0348948	0	0.141143	1.39664	1.39666	3.50106	
13.2995	5	37	13.281	5	37	12.8749	5	35	0.166193	0	6	0.0300242	0.0295933	0.03053	0.0300248	0	0.120853	0.0420208	0.0412333	0.0426933	0.0420215	0	0.169213	1.39957	1.39956	3.49845	
13.4037	5	35	13.3824	5	35	12.9728	5	33	0.193565	0	6	0.0350258	0.03462	0.0354267	0.035026	0	0.140593	0.0490913	0.0485133	0.0500633	0.0490915	0	0.197167	1.40157	1.40157	3.50582	
13.4652	5	36	13.4389	5	36	13.0267	5	35	0.217313	0	6	0.0400277	0.03942	0.04067	0.0400271	0	0.1605	0.0560956	0.0550933	0.05727	0.0560948	0	0.22534	1.40142	1.40142	3.50089	
13.5412	5	35	13.5123	5	35	13.0963	5	34	0.241257	0	6	0.0450169	0.0445867	0.0456367	0.0450173	0	0.18061	0.0630827	0.06234	0.0640267	0.063084	0	0.253047	1.40131	1.40133	3.49899	
13.6311	5	41	13.5985	5	40	13.1935	5	40	0.265239	0	6	0.0499998	0.0495133	0.0511467	0.05	0	0.2016	0.0700285	0.0690733	0.0715333	0.0700296	0	0.28148	1.40058	1.40059	3.50137	
13.7119	5	41	13.6762	5	41	13.274	5	39	0.282345	0	7	0.0550015	0.054	0.05556	0.0550017	0	0.221877	0.0769794	0.0751467	0.0781033	0.0769796	0	0.30951	1.39959	1.39959	3.50048	
13.8195	5	40	13.7797	5	40	13.3784	5	40	0.303806	0	7	0.0599671	0.05919	0.06061	0.0599677	0	0.241723	0.0839254	0.08231	0.08496	0.0839265	0	0.33769	1.39952	1.39953	3.50417	
13.9234	5	45	13.8797	5	43	13.479	5	41	0.322006	0	7	0.0650215	0.0644533	0.0656533	0.0650217	0	0.262293	0.0909044	0.08932	0.0920667	0.0909044	0	0.366527	1.39807	1.39806	3.50368	
14.0229	5	46	13.976	5	46	13.5756	5	44	0.340249	0	7	0.0699788	0.06899	0.0706067	0.069979	0	0.281827	0.0978704	0.09663	0.0992333	0.0978698	0	0.39432	1.39857	1.39856	3.50263	
14.1237	5	51	14.0733	5	51	13.6782	5	51	0.356145	0	8	0.0749758	0.0742133	0.0760033	0.0749758	0	0.302113	0.104828	0.10398	0.106357	0.104826	0	0.422567	1.39816	1.39813	3.49777	
14.2699	5	56	14.2142	5	54	13.8217	5	54	0.371687	0	7	0.0799906	0.0789467	0.08079	0.0799915	0	0.32179	0.111872	0.110233	0.113663	0.111874	0	0.450203	1.39856	1.39857	3.49931	
14.4208	5	47	14.3616	5	46	13.9641	5	46	0.386333	0	8	0.0850135	0.0842867	0.08576	0.0850137	0	0.341763	0.118961	0.117467	0.120287	0.118959	0	0.47831	1.39932	1.39929	3.50142	
14.5817	5	56	14.5181	5	56	14.121	5	56	0.398805	0	9	0.0900252	0.0886867	0.0913333	0.0900256	0	0.36184	0.126018	0.12416	0.127713	0.126018	0	0.50634	1.3998	1.3998	3.50006	
14.7645	5	78	14.6968	5	78	14.2991	5	78	0.412088	0	7	0.09501	0.0938467	0.09564	0.0950102	0	0.381357	0.133004	0.13142	0.134357	0.133005	0	0.53472	1.39989	1.3999	3.4998	
14.9637	5	60	14.8913	5	60	14.4997	5	60	0.421066	0	8	0.100001	0.0988867	0.10065	0.100002	0	0.40157	0.140029	0.13834	0.141177	0.14003	0	0.563643	1.40028	1.40028	3.50152	
15.2092	5	85	15.1322	5	85	14.7383	5	85	0.430559	0	8	0.105056	0.10415	0.105577	0.105056	0	0.421713	0.147119	0.145717	0.14807	0.147119	0	0.59091	1.40038	1.40038	3.50217	
15.4869	5	81	15.4041	5	81	15.0101	5	81	0.438143	0	8	0.110075	0.109033	0.111473	0.110076	0	0.441897	0.154144	0.15192	0.156787	0.154145	0	0.61883	1.40035	1.40035	3.49952	
15.7877	5	97	15.7	5	97	15.3169	5	97	0.4457	0	8	0.115058	0.113843	0.11611	0.115057	0	0.46215	0.161113	0.159757	0.163013	0.16111	0	0.64767	1.40028	1.40026	3.50266	
16.1682	5	102	16.0712	5	102	15.6865	5	98	0.449173	0	8	0.120091	0.119167	0.120873	0.12009	0	0.482543	0.168126	0.166453	0.169277	0.168129	0	0.67599	1.39999	1.40002	3.50202	
16.6439	5	114	16.5375	5	114	16.1405	5	112	0.45442	0	8	0.125086	0.122703	0.12605	0.125085	0	0.502083	0.175188	0.171357	0.176553	0.175187	0	0.703703	1.40055	1.40054	3.5012	
17.2105	5	139	17.0917	5	139	16.6979	5	138	0.456493	0	9	0.130036	0.128497	0.13129	0.130036	0	0.521263	0.182078	0.179283	0.183757	0.182078	0	0.73071	1.40022	1.40021	3.49963	
17.9902	5	169	17.8401	5	169	17.4424	5	169	0.458057	0	9	0.135046	0.134367	0.136297	0.135046	0	0.541633	0.189078	0.18753	0.191503	0.189079	0	0.75891	1.40009	1.4001	3.49959	
19.1042	5	244	18.8817	5	244	18.4671	5	244	0.458566	0	8	0.140089	0.138833	0.141033	0.140087	0	0.562077	0.196112	0.194307	0.197933	0.196108	0	0.787327	1.39991	1.39991	3.50133	
20.8125	5	290	20.4237	5	256	19.9865	5	251	0.457137	0	8	0.1451	0.143873	0.146807	0.145095	0	0.582167	0.203211	0.201067	0.20586	0.203206	0	0.815793	1.40048	1.4005	3.50151	
24.0103	5	427	22.9495	5	398	22.4428	5	398	0.455025	0	9	0.150073	0.148273	0.15127	0.15007	0	0.6019	0.210125	0.208123	0.21207	0.210122	0	0.843387	1.40015	1.40016	3.50055	
34.9822	5	1234	28.0191	5	562	27.3021	5	562	0.450724	0	9	0.154978	0.15377	0.155942	0.154981	0	0.621995	0.21688	0.214737	0.218682	0.216884	0	0.870212	1.39942	1.39943	3.50052	
208.699	5	5503	42.4428	5	675	40.8475	5	675	0.446294	0	9	0.160002	0.159281	0.160364	0.160003	0	0.641224	0.223909	0.222624	0.224926	0.223911	0	0.896849	1.39942	1.39942	3.49966	
