13.0016	5	31	12.9989	5	31	12.5698	5	29	0.0276502	0	6	0.00503313	0.00481667	0.0053	0.00503313	0	0.02034	0.00702396	0.00664333	0.00738667	0.00702396	0	0.02836	1.39555	1.39555	3.50789	
13.0454	5	33	13.0402	5	33	12.6324	5	31	0.0586251	0	8	0.0100071	0.00976667	0.0102033	0.0100069	0	0.0406533	0.0140571	0.0137033	0.0146067	0.0140569	0	0.0569733	1.40471	1.40472	3.49282	
13.1436	5	35	13.1344	5	35	12.7233	5	34	0.0871057	0	8	0.0149985	0.0146433	0.01559	0.0149987	0	0.0602233	0.020969	0.02011	0.02179	0.0209692	0	0.08413	1.39807	1.39806	3.49769	
13.2712	5	40	13.2591	5	40	12.8667	5	38	0.115143	0	7	0.019986	0.01963	0.02062	0.0199858	0	0.0805067	0.0279098	0.0271567	0.0287067	0.0279094	0	0.11274	1.39646	1.39646	3.51023	
13.3361	5	42	13.3207	5	42	12.9148	5	42	0.140992	0	7	0.0249837	0.02455	0.02546	0.0249844	0	0.100703	0.0348933	0.03407	0.0356633	0.0348948	0	0.141143	1.39664	1.39666	3.50103	
13.4321	5	48	13.4135	5	48	13.0013	5	46	0.167095	0	8	0.0300242	0.0295933	0.03053	0.0300248	0	0.120853	0.0420208	0.0412333	0.0426933	0.0420215	0	0.169213	1.39957	1.39956	3.4984	
13.5712	5	47	13.5499	5	47	13.1351	5	45	0.196046	0	7	0.0350258	0.0346233	0.0354267	0.035026	0	0.140593	0.0490913	0.0485133	0.05006	0.0490915	0	0.197167	1.40157	1.40157	3.50585	
13.6646	5	45	13.6383	5	45	13.222	5	45	0.220951	0	9	0.0400277	0.0394167	0.04067	0.0400271	0	0.1605	0.0560956	0.0550967	0.05727	0.0560948	0	0.22534	1.40142	1.40142	3.50082	
13.7861	5	52	13.7572	5	52	13.3365	5	51	0.247366	0	9	0.0450169	0.04458	0.04563	0.0450173	0	0.18061	0.0630827	0.06234	0.0640267	0.063084	0	0.253047	1.40131	1.40133	3.49913	
13.9171	5	56	13.8843	5	55	13.4763	5	55	0.268389	0	8	0.0499998	0.04952	0.05114	0.0500002	0	0.2016	0.0700285	0.0690667	0.0715267	0.0700298	0	0.28148	1.40058	1.40059	3.50131	
14.0593	5	60	14.0235	5	60	13.6186	5	58	0.289545	0	8	0.0550015	0.0540233	0.0555633	0.0550015	0	0.221877	0.0769794	0.07517	0.0780767	0.0769794	0	0.30951	1.39959	1.39959	3.50057	
14.2241	5	78	14.1841	5	77	13.7811	5	77	0.309951	0	9	0.0599671	0.0591767	0.06061	0.0599679	0	0.241723	0.0839254	0.0823167	0.0849367	0.0839267	0	0.33769	1.39952	1.39953	3.50405	
14.3933	5	78	14.3495	5	76	13.941	5	76	0.330221	0	9	0.0650215	0.06444	0.06567	0.0650217	0	0.262293	0.0909044	0.0893733	0.09206	0.0909044	0	0.366527	1.39807	1.39806	3.50363	
14.5901	5	66	14.5429	5	66	14.1398	5	64	0.348633	0	9	0.0699788	0.0689867	0.0705833	0.0699788	0	0.281823	0.0978704	0.0966667	0.09916	0.0978696	0	0.394317	1.39857	1.39856	3.50258	
14.7738	5	78	14.7231	5	78	14.3235	5	78	0.365821	0	8	0.0749758	0.07424	0.0759933	0.0749758	0	0.302113	0.104828	0.103903	0.106327	0.104825	0	0.422567	1.39816	1.39812	3.49779	
15.0363	5	93	14.9802	5	93	14.5845	5	93	0.383855	0	9	0.0799906	0.0789833	0.08082	0.079991	0	0.321787	0.111872	0.110357	0.113693	0.111873	0	0.450197	1.39856	1.39857	3.49947	
15.3408	5	86	15.2811	5	86	14.8813	5	86	0.40162	0	9	0.0850135	0.0843033	0.0858567	0.0850137	0	0.341767	0.118961	0.117337	0.12042	0.118958	0	0.478313	1.39932	1.39928	3.50172	
15.6854	5	116	15.6214	5	116	15.2217	5	116	0.414442	0	8	0.0900252	0.0887633	0.0913033	0.0900258	0	0.361843	0.126018	0.124297	0.127617	0.126018	0	0.506343	1.3998	1.3998	3.50052	
16.026	5	131	15.9568	5	131	15.5522	5	129	0.428157	0	9	0.09501	0.0938367	0.0956167	0.0950106	0	0.381353	0.133004	0.131383	0.13427	0.133005	0	0.534723	1.39989	1.3999	3.49967	
16.521	5	124	16.4448	5	124	16.049	5	124	0.440066	0	9	0.100001	0.0988833	0.10065	0.100001	0	0.40157	0.140029	0.13827	0.141093	0.140029	0	0.563643	1.40028	1.40028	3.50121	
17.1379	5	142	17.0564	5	141	16.6643	5	141	0.452141	0	9	0.105056	0.10393	0.105543	0.105056	0	0.421713	0.147119	0.145477	0.14807	0.147119	0	0.590913	1.40038	1.40039	3.50243	
17.8098	5	168	17.7195	5	168	17.3253	5	166	0.459483	0	9	0.110075	0.109073	0.11135	0.110076	0	0.4419	0.154144	0.151913	0.156623	0.154145	0	0.618837	1.40035	1.40035	3.49929	
18.6927	5	224	18.5931	5	224	18.2245	5	224	0.468995	0	9	0.115058	0.11394	0.11618	0.115055	0	0.462147	0.161113	0.15995	0.162537	0.161108	0	0.647673	1.40028	1.40027	3.5013	
19.8515	5	229	19.7291	5	229	19.3496	5	229	0.474688	0	10	0.120091	0.119303	0.121567	0.12009	0	0.482537	0.168126	0.167307	0.1692	0.168128	0	0.675983	1.39999	1.40002	3.5022	
21.2768	5	277	21.1126	5	277	20.7113	5	277	0.47925	0	9	0.125086	0.123423	0.125903	0.125083	0	0.502067	0.175188	0.172457	0.17632	0.175182	0	0.703673	1.40055	1.40053	3.5012	
22.94	5	376	22.6943	5	376	22.3113	5	376	0.481053	0	9	0.130036	0.128463	0.131373	0.130033	0	0.52124	0.182078	0.179553	0.18407	0.182073	0	0.73068	1.40022	1.40021	3.50005	
25.2519	5	469	24.8425	5	360	24.4097	5	360	0.480876	0	8	0.135046	0.13393	0.136273	0.135049	0	0.541673	0.189078	0.187277	0.190967	0.189082	0	0.758963	1.40009	1.4001	3.49892	
28.6037	5	506	27.6748	5	481	27.1794	5	479	0.479511	0	10	0.140089	0.13942	0.141113	0.140089	0	0.562077	0.196112	0.195053	0.19764	0.196111	0	0.787343	1.39991	1.3999	3.50139	
33.8654	5	725	31.4046	5	719	30.7606	5	714	0.475653	0	9	0.1451	0.143853	0.146743	0.145097	0	0.582173	0.203211	0.201813	0.205437	0.203207	0	0.815813	1.40049	1.40049	3.49958	
47.6793	5	1703	37.0312	5	880	36.0984	5	880	0.470827	0	9	0.149992	0.149488	0.150888	0.149993	0	0.602396	0.209981	0.209156	0.211722	0.209981	0	0.843158	1.39994	1.39994	3.5005	
2229.66	5	28105	46.9696	5	1340	45.128	5	1340	0.462477	0	8	0.154628	0.151554	0.155464	0.154628	0	0.620103	0.21643	0.211903	0.217994	0.216429	0	0.867257	1.39968	1.39968	3.49975	
