12.9632	5	31	12.9605	5	30	12.56	5	29	0.0120038	0	4	0.00503313	0.00481667	0.0053	0.00503292	0.00481667	0.00529667	0.00702396	0.00664333	0.00738667	0.00702375	0.00664333	0.00738333	1.39555	1.39556	3.50954	
12.9712	5	33	12.966	5	33	12.5735	5	31	0.0274181	0	6	0.0100071	0.00976667	0.0102033	0.0100069	0.00976667	0.0102	0.0140571	0.0137033	0.0146067	0.0140573	0.0137033	0.0146067	1.40471	1.40476	3.49165	
13.0528	5	42	13.0436	5	40	12.6269	5	38	0.0416568	0	7	0.0149985	0.0146433	0.01559	0.0149983	0.0146433	0.0155867	0.020969	0.02011	0.02179	0.0209688	0.02011	0.0217867	1.39807	1.39807	3.50463	
13.1103	5	39	13.0982	5	39	12.694	5	38	0.0546527	0	8	0.019986	0.01963	0.02062	0.0199856	0.01963	0.0206133	0.0279098	0.0271567	0.0287067	0.027909	0.0271533	0.0287	1.39646	1.39645	3.50725	
13.1464	5	41	13.131	5	39	12.7127	5	37	0.0677607	0	9	0.0249837	0.02455	0.02546	0.0249837	0.02455	0.02546	0.0348933	0.03407	0.03566	0.0348942	0.03407	0.0356533	1.39664	1.39667	3.50269	
13.1839	5	50	13.1653	5	50	12.7598	5	48	0.0812054	0	8	0.0300242	0.0295933	0.0305267	0.0300242	0.0295933	0.0305267	0.0420208	0.0412333	0.0426967	0.0420208	0.0412367	0.0426967	1.39957	1.39957	3.49552	
13.2682	5	45	13.2467	5	44	12.8189	5	43	0.0972021	0	8	0.0350258	0.0346167	0.0354267	0.0350252	0.0346167	0.0354267	0.0490913	0.0485233	0.0500667	0.0490906	0.04852	0.0500667	1.40157	1.40158	3.50202	
13.3398	5	56	13.3135	5	54	12.9055	5	52	0.110611	0	8	0.0400277	0.0394167	0.0406533	0.0400273	0.0394167	0.0406533	0.0560956	0.05507	0.05724	0.0560948	0.0550733	0.05724	1.40142	1.40141	3.50319	
13.3905	5	49	13.3615	5	49	12.9568	5	47	0.123204	0	9	0.0450169	0.04458	0.04563	0.0450165	0.0445833	0.04563	0.0630827	0.0623333	0.0640567	0.0630827	0.0623333	0.0640567	1.40131	1.40133	3.49893	
13.4652	5	49	13.4323	5	49	13.0252	5	49	0.138492	0	8	0.0499998	0.0495033	0.0511367	0.0499996	0.0495033	0.0511367	0.0700285	0.0690233	0.07153	0.0700288	0.0690233	0.07153	1.40058	1.40059	3.49923	
13.5191	5	51	13.4834	5	50	13.0721	5	48	0.149867	0	9	0.0550015	0.0539633	0.0555667	0.0550008	0.05396	0.0555667	0.0769794	0.07511	0.0780633	0.0769785	0.0751033	0.07806	1.39959	1.39959	3.49603	
13.5995	5	58	13.5594	5	56	13.1535	5	54	0.163555	0	8	0.0599671	0.0591967	0.0606433	0.0599665	0.0592	0.0606433	0.0839254	0.0823367	0.0848633	0.0839246	0.08234	0.08486	1.39952	1.39953	3.49556	
13.7	5	51	13.6563	5	50	13.2417	5	49	0.174939	0	9	0.0650215	0.0644933	0.06568	0.0650204	0.0644967	0.0656833	0.0909044	0.0893767	0.0920733	0.0909033	0.0893767	0.0920733	1.39807	1.39807	3.50101	
13.793	5	59	13.7457	5	59	13.3347	5	57	0.18798	0	9	0.0699788	0.0689867	0.07061	0.0699779	0.0689867	0.07061	0.0978704	0.09666	0.0992667	0.0978692	0.09666	0.0992667	1.39857	1.39857	3.50155	
13.8672	5	60	13.8165	5	60	13.3951	5	60	0.196577	0	9	0.0749758	0.07424	0.0759567	0.0749754	0.07424	0.0759567	0.104828	0.10394	0.10629	0.104827	0.103943	0.10629	1.39816	1.39815	3.49628	
13.9926	5	67	13.9362	5	67	13.5171	5	65	0.211423	0	9	0.0799906	0.0789667	0.0808	0.0799902	0.07897	0.0808067	0.111872	0.11026	0.11358	0.111872	0.110263	0.113587	1.39856	1.39857	3.49776	
14.1292	5	69	14.0689	5	69	13.647	5	69	0.222344	0	9	0.0850135	0.0842633	0.08582	0.0850146	0.08427	0.08582	0.118961	0.117223	0.120417	0.118959	0.11723	0.12042	1.39932	1.39928	3.50103	
14.26	5	84	14.195	5	84	13.7737	5	82	0.234481	0	9	0.0900252	0.0888133	0.0912267	0.0900258	0.0888267	0.0912233	0.126018	0.124493	0.127553	0.126019	0.124517	0.127543	1.3998	1.3998	3.4977	
14.3957	5	86	14.3266	5	86	13.9076	5	86	0.244148	0	11	0.09501	0.09387	0.0957233	0.0950106	0.09387	0.0957267	0.133004	0.131447	0.13445	0.133005	0.13145	0.13446	1.39989	1.39989	3.5002	
14.5788	5	86	14.5039	5	86	14.0918	5	84	0.254531	0	8	0.100001	0.0987933	0.100727	0.100002	0.0987967	0.100737	0.14003	0.138147	0.141047	0.140032	0.13815	0.14104	1.40028	1.4003	3.50142	
14.7524	5	101	14.6716	5	94	14.2534	5	90	0.264497	0	9	0.105056	0.10415	0.105713	0.105056	0.104143	0.10572	0.147119	0.145903	0.147897	0.14712	0.145893	0.14789	1.40038	1.40039	3.50146	
14.9584	5	97	14.8682	5	95	14.4594	5	95	0.275608	0	9	0.110075	0.10895	0.111267	0.110075	0.10895	0.111267	0.154144	0.15191	0.156313	0.154144	0.15191	0.156313	1.40035	1.40036	3.49964	
15.1722	5	112	15.078	5	112	14.6534	5	110	0.28234	0	10	0.115058	0.113933	0.11602	0.115056	0.113937	0.116023	0.161113	0.159823	0.16258	0.161109	0.159813	0.162583	1.40028	1.40026	3.50086	
15.4367	5	116	15.3324	5	106	14.9148	5	106	0.292153	0	9	0.120091	0.119133	0.12099	0.120091	0.119127	0.12098	0.168126	0.16654	0.16935	0.168129	0.166533	0.169347	1.39999	1.40001	3.50357	
15.6952	5	141	15.5774	5	138	15.1643	5	138	0.299671	0	10	0.125086	0.12289	0.126017	0.125084	0.12289	0.126023	0.175188	0.171817	0.17678	0.175187	0.171823	0.176777	1.40055	1.40055	3.49999	
16.0977	5	173	15.9514	5	126	15.523	5	126	0.305485	0	9	0.130036	0.129003	0.13087	0.130035	0.129013	0.13086	0.182078	0.180203	0.184063	0.182077	0.180207	0.184063	1.40022	1.40021	3.49904	
16.4879	5	148	16.3124	5	148	15.8711	5	148	0.312922	0	9	0.135046	0.134027	0.13628	0.135047	0.134027	0.136283	0.189078	0.187687	0.19107	0.18908	0.187687	0.191083	1.40009	1.40011	3.50024	
16.8836	5	191	16.6768	5	171	16.2229	5	171	0.317169	0	9	0.140089	0.139203	0.140937	0.140088	0.139203	0.14091	0.196112	0.194553	0.19816	0.19611	0.19455	0.198163	1.39991	1.39991	3.50329	
17.6558	5	192	17.3121	5	170	16.8457	5	170	0.322109	0	9	0.1451	0.14382	0.14624	0.1451	0.14382	0.14624	0.203211	0.201167	0.20584	0.203213	0.201167	0.205833	1.40048	1.4005	3.50316	
18.4528	5	213	17.9335	5	181	17.4217	5	181	0.328534	0	9	0.150073	0.14882	0.151167	0.150075	0.148823	0.15116	0.210125	0.20766	0.211643	0.210128	0.20765	0.21167	1.40015	1.40015	3.50044	
19.7127	5	248	18.7798	5	198	18.2175	5	198	0.331288	0	8	0.155096	0.153877	0.15634	0.155096	0.15387	0.156337	0.217209	0.215603	0.219013	0.217209	0.215587	0.219003	1.40048	1.40049	3.499	
22.1	5	376	19.9457	5	231	19.2815	5	231	0.33434	0	8	0.160131	0.158907	0.161747	0.160126	0.1589	0.16175	0.224209	0.22202	0.226687	0.224205	0.222007	0.226683	1.40016	1.40018	3.49905	
27.254	5	703	21.2815	5	220	20.4674	5	220	0.337097	0	7	0.165184	0.16406	0.16658	0.165187	0.164077	0.16658	0.231277	0.229217	0.233933	0.231281	0.229243	0.23394	1.40012	1.40012	3.49839	
63.5366	5	1893	23.1345	5	232	22.1031	5	232	0.33834	0	8	0.170006	0.169411	0.17055	0.170005	0.169409	0.17055	0.237883	0.236563	0.238941	0.237882	0.236566	0.238939	1.39926	1.39926	3.50047	
4979.17	5	66602	24.4185	5	248	22.7639	5	248	0.342112	0	8	0.17382	0.163769	0.176121	0.173819	0.163766	0.176116	0.243218	0.22942	0.246433	0.243216	0.229414	0.246424	1.39925	1.39925	3.51054	
