12.9549	5	30	12.9523	5	30	12.5519	5	28	0.0103481	0	3	0.00503313	0.00481667	0.0053	0.00503292	0.00481667	0.00529667	0.00702396	0.00664333	0.00738667	0.00702375	0.00664333	0.00738333	1.39555	1.39556	3.50954	
12.9455	5	32	12.9403	5	32	12.5483	5	30	0.0252738	0	4	0.0100071	0.00976667	0.0102033	0.0100069	0.00976667	0.0102	0.0140571	0.0137033	0.0146067	0.0140573	0.0137033	0.0146067	1.40471	1.40476	3.49165	
13.0141	5	33	13.0049	5	32	12.5888	5	30	0.037337	0	4	0.0149985	0.0146433	0.01559	0.0149983	0.0146433	0.0155867	0.020969	0.02011	0.02179	0.0209688	0.02011	0.0217867	1.39807	1.39807	3.50463	
13.0533	5	33	13.0412	5	32	12.6399	5	31	0.0483462	0	5	0.019986	0.01963	0.02062	0.0199856	0.01963	0.0206133	0.0279098	0.0271567	0.0287067	0.027909	0.0271533	0.0287	1.39646	1.39645	3.50725	
13.0722	5	36	13.0568	5	34	12.6403	5	33	0.0599056	0	4	0.0249837	0.02455	0.02546	0.0249837	0.02455	0.02546	0.0348933	0.03407	0.0356633	0.0348942	0.03407	0.0356567	1.39664	1.39667	3.50274	
13.0866	5	35	13.068	5	33	12.6636	5	33	0.0701102	0	5	0.0300242	0.0295933	0.03053	0.0300242	0.0295933	0.03053	0.0420208	0.0412333	0.0426967	0.0420208	0.0412367	0.0426967	1.39957	1.39957	3.49552	
13.1482	5	36	13.1268	5	35	12.7019	5	34	0.0830102	0	5	0.0350258	0.0346233	0.0354233	0.0350252	0.0346233	0.0354233	0.0490913	0.04853	0.0500567	0.0490906	0.0485267	0.0500567	1.40157	1.40158	3.50196	
13.1892	5	37	13.1629	5	36	12.7573	5	34	0.0946011	0	6	0.0400277	0.03942	0.04066	0.0400273	0.03942	0.04066	0.0560956	0.0550933	0.0572467	0.0560948	0.0550967	0.0572467	1.40142	1.40141	3.50318	
13.2124	5	39	13.1835	5	38	12.7776	5	36	0.107039	0	6	0.0450169	0.0445967	0.0456333	0.0450167	0.0445967	0.0456333	0.0630827	0.0623333	0.0640467	0.0630829	0.0623333	0.0640467	1.40131	1.40132	3.49892	
13.2539	5	38	13.2211	5	37	12.8132	5	35	0.118855	0	6	0.0499998	0.0495033	0.0511333	0.0499996	0.0495033	0.0511333	0.0700285	0.06903	0.0715133	0.0700288	0.06903	0.0715133	1.40058	1.40059	3.49944	
13.2744	5	37	13.2388	5	37	12.8277	5	37	0.127591	0	6	0.0550015	0.0539933	0.0555733	0.0550008	0.05399	0.0555733	0.0769794	0.0751467	0.0780633	0.0769785	0.07514	0.07806	1.39959	1.39959	3.49615	
13.3137	5	42	13.2738	5	40	12.8654	5	38	0.138031	0	6	0.0599671	0.05917	0.06061	0.0599667	0.0591733	0.06061	0.0839254	0.0823033	0.0849133	0.0839248	0.0823067	0.08491	1.39952	1.39952	3.4957	
13.3664	5	41	13.3228	5	41	12.9058	5	37	0.147919	0	6	0.0650215	0.06448	0.06567	0.0650204	0.06448	0.0656733	0.0909044	0.0893067	0.0920333	0.0909033	0.0893067	0.0920333	1.39807	1.39807	3.50069	
13.4086	5	44	13.3616	5	41	12.947	5	41	0.15798	0	6	0.0699788	0.0689767	0.0706067	0.0699781	0.0689767	0.0706067	0.0978704	0.0966633	0.0992033	0.0978694	0.0966633	0.0992033	1.39857	1.39857	3.5014	
13.4339	5	42	13.3835	5	41	12.9592	5	39	0.166548	0	6	0.0749758	0.0743067	0.07595	0.0749752	0.0743067	0.07595	0.104828	0.10409	0.106317	0.104827	0.10409	0.106317	1.39816	1.39815	3.49671	
13.4884	5	46	13.4325	5	46	13.0107	5	46	0.178573	0	6	0.0799906	0.07895	0.0808	0.0799902	0.0789533	0.0808067	0.111872	0.11031	0.113607	0.111872	0.110313	0.113613	1.39856	1.39857	3.49773	
13.5433	5	44	13.4839	5	44	13.0618	5	44	0.187625	0	6	0.0850135	0.08438	0.0858367	0.0850142	0.0843833	0.0858333	0.118961	0.11747	0.12035	0.118959	0.117477	0.120353	1.39932	1.39928	3.50094	
13.5853	5	44	13.522	5	43	13.096	5	41	0.19769	0	6	0.0900252	0.0887767	0.09119	0.090026	0.08879	0.09119	0.126018	0.124377	0.12743	0.126019	0.1244	0.12743	1.3998	1.39981	3.49789	
13.6348	5	52	13.5673	5	52	13.145	5	52	0.205763	0	7	0.09501	0.0938967	0.09584	0.0950113	0.0938967	0.0958433	0.133004	0.1313	0.13458	0.133005	0.131303	0.13459	1.39989	1.39989	3.49943	
13.6987	5	53	13.6268	5	51	13.2089	5	51	0.215012	0	6	0.100001	0.0987967	0.10066	0.100002	0.0988	0.100663	0.140029	0.138183	0.14097	0.140032	0.138187	0.140953	1.40028	1.40029	3.50124	
13.7579	5	58	13.6817	5	55	13.2568	5	52	0.223	0	6	0.105056	0.104113	0.105587	0.105056	0.104107	0.105593	0.147119	0.145787	0.14788	0.14712	0.145777	0.147877	1.40038	1.40039	3.50218	
13.8162	5	53	13.7341	5	51	13.3127	5	51	0.232857	0	6	0.110075	0.109167	0.11123	0.110074	0.109167	0.11123	0.154144	0.152207	0.156417	0.154143	0.152207	0.156417	1.40035	1.40035	3.50078	
13.8693	5	54	13.7834	5	52	13.3558	5	50	0.23871	0	6	0.115058	0.113903	0.11609	0.115057	0.113907	0.116093	0.161113	0.15995	0.16261	0.16111	0.15994	0.162613	1.40028	1.40026	3.50083	
13.9483	5	58	13.8558	5	56	13.4378	5	54	0.247551	0	6	0.120091	0.119193	0.120877	0.120091	0.119187	0.12087	0.168126	0.16658	0.169223	0.168129	0.166573	0.16922	1.39999	1.40001	3.50242	
14.0303	5	80	13.9316	5	73	13.5143	5	69	0.255763	0	7	0.125086	0.122743	0.126163	0.125085	0.122743	0.126167	0.175188	0.171603	0.17677	0.175188	0.17161	0.17678	1.40055	1.40055	3.50237	
14.1048	5	62	13.9992	5	61	13.5769	5	61	0.261893	0	7	0.130036	0.128577	0.130837	0.130035	0.128587	0.130837	0.182078	0.179513	0.18407	0.182077	0.179517	0.18407	1.40022	1.40021	3.49889	
14.1898	5	66	14.0796	5	66	13.654	5	64	0.268699	0	6	0.135046	0.13419	0.135843	0.135046	0.134187	0.13585	0.189078	0.187457	0.190697	0.18908	0.187463	0.19071	1.40009	1.40011	3.50105	
14.2982	5	74	14.179	5	74	13.7486	5	69	0.274708	0	6	0.140089	0.139207	0.141197	0.140089	0.139207	0.141193	0.196112	0.194403	0.197933	0.196111	0.1944	0.197937	1.39991	1.39991	3.50406	
14.4108	5	72	14.2808	5	66	13.8499	5	66	0.279502	0	7	0.1451	0.143807	0.146713	0.145101	0.143807	0.14671	0.203211	0.201847	0.206047	0.203212	0.201847	0.206053	1.40048	1.40049	3.50313	
14.5655	5	82	14.4232	5	81	13.9957	5	78	0.287375	0	6	0.150073	0.148963	0.15141	0.150072	0.148957	0.151407	0.210125	0.207813	0.212037	0.210123	0.207817	0.212037	1.40015	1.40015	3.5025	
14.6708	5	94	14.522	5	71	14.086	5	69	0.292382	0	7	0.155095	0.154397	0.155703	0.155094	0.154403	0.1557	0.217207	0.215147	0.219263	0.217209	0.215143	0.21926	1.40048	1.4005	3.50077	
14.8507	5	86	14.6767	5	79	14.2269	5	77	0.296613	0	7	0.160131	0.158847	0.161567	0.16013	0.158853	0.16157	0.22421	0.222033	0.22588	0.224209	0.22204	0.225887	1.40016	1.40017	3.49904	
15.0214	5	110	14.8324	5	80	14.3876	5	80	0.30049	0	7	0.165184	0.163717	0.166597	0.165183	0.16371	0.166593	0.231276	0.22899	0.23487	0.231276	0.228977	0.23486	1.40011	1.40012	3.49758	
15.3123	5	104	15.0788	5	100	14.6222	5	95	0.305159	0	7	0.17018	0.16889	0.171423	0.170181	0.168887	0.171423	0.238258	0.23612	0.240133	0.238258	0.23611	0.240123	1.40003	1.40003	3.49996	
15.6298	5	122	15.3375	5	91	14.8715	5	89	0.310451	0	6	0.175217	0.17392	0.176533	0.175218	0.173937	0.176537	0.245302	0.244	0.24706	0.245303	0.244017	0.24707	1.39998	1.39999	3.4989	
16.0861	5	134	15.6818	5	96	15.2006	5	95	0.313207	0	7	0.180281	0.17886	0.18109	0.180282	0.178867	0.181083	0.252304	0.249747	0.25383	0.252305	0.24976	0.253823	1.3995	1.3995	3.49803	
16.6296	5	141	16.0581	5	106	15.5589	5	106	0.31582	0	7	0.185281	0.18416	0.186407	0.185276	0.184157	0.186407	0.259244	0.257193	0.261517	0.25924	0.257203	0.261517	1.3992	1.39921	3.49898	
17.4666	5	187	16.5879	5	99	16.0464	5	99	0.317937	0	7	0.190257	0.188813	0.191453	0.190255	0.18881	0.191457	0.266168	0.2642	0.26938	0.266166	0.264193	0.269383	1.39899	1.39899	3.49936	
19.1986	5	244	17.3652	5	107	16.7711	5	107	0.321011	0	7	0.195213	0.194343	0.196313	0.195214	0.194343	0.196317	0.273105	0.271483	0.275193	0.273106	0.27147	0.275197	1.39901	1.39901	3.50225	
22.3717	5	320	18.3471	5	114	17.6614	5	114	0.322166	0	7	0.20012	0.19881	0.201225	0.200122	0.19881	0.201217	0.279927	0.27809	0.28174	0.279928	0.27809	0.28174	1.39879	1.39879	3.50154	
37.3641	5	863	19.7493	5	121	18.9239	5	121	0.324847	0	7	0.205007	0.204383	0.20574	0.205007	0.204381	0.20574	0.286823	0.28558	0.288051	0.286824	0.285603	0.288051	1.39909	1.39909	3.49969	
2600.44	5	33337	21.3406	5	115	20.2798	5	116	0.327168	0	7	0.209284	0.2039	0.21092	0.209283	0.203896	0.21092	0.292813	0.285009	0.295659	0.292812	0.285009	0.29566	1.39912	1.39912	3.50146	
