12.9922	5	31	12.9895	5	30	12.6029	5	29	0.0132042	0	4	0.00503313	0.00481667	0.0053	0.00503292	0.00481667	0.00529667	0.00702396	0.00664333	0.00738667	0.00702375	0.00664333	0.00738333	1.39555	1.39556	3.51728	
13.0073	5	34	13.0021	5	34	12.5912	5	32	0.0284798	0	5	0.0100071	0.00976667	0.0102033	0.0100067	0.00976667	0.0102	0.0140571	0.0137033	0.0146067	0.0140571	0.0137033	0.0146067	1.40471	1.40477	3.50112	
13.0769	5	44	13.0677	5	42	12.6519	5	40	0.0445738	0	7	0.0149985	0.0146433	0.01559	0.0149981	0.0146433	0.0155867	0.020969	0.02011	0.02179	0.0209685	0.02011	0.0217867	1.39807	1.39808	3.50816	
13.141	5	38	13.129	5	38	12.7257	5	38	0.0600628	0	8	0.019986	0.01963	0.02062	0.0199858	0.01963	0.0206133	0.0279098	0.0271567	0.0287067	0.0279096	0.0271533	0.0287	1.39646	1.39647	3.51112	
13.1647	5	38	13.1493	5	38	12.7349	5	36	0.0731059	0	9	0.0249837	0.02455	0.02546	0.024984	0.02455	0.02546	0.0348933	0.03407	0.03566	0.0348944	0.03407	0.0356533	1.39664	1.39667	3.50142	
13.2271	5	47	13.2086	5	47	12.8045	5	45	0.0904133	0	8	0.0300242	0.0295933	0.03053	0.0300244	0.0295933	0.03053	0.0420208	0.0412267	0.0426967	0.042021	0.04123	0.0426967	1.39957	1.39956	3.4991	
13.3113	5	45	13.29	5	45	12.8622	5	43	0.105143	0	8	0.0350258	0.0346167	0.03543	0.035025	0.0346133	0.03543	0.0490913	0.04851	0.0500667	0.0490904	0.04851	0.0500667	1.40157	1.40158	3.504	
13.3783	5	55	13.352	5	53	12.9418	5	51	0.120219	0	8	0.0400277	0.0394167	0.04066	0.0400275	0.0394167	0.04066	0.0560956	0.05509	0.0572467	0.0560954	0.0550933	0.0572467	1.40142	1.40142	3.50292	
13.4327	5	50	13.4038	5	50	12.9967	5	48	0.134445	0	8	0.0450169	0.04459	0.0456267	0.0450169	0.0445933	0.0456267	0.0630827	0.0623567	0.0640767	0.0630831	0.0623533	0.0640767	1.40131	1.40132	3.4983	
13.523	5	49	13.4902	5	49	13.0794	5	46	0.151067	0	9	0.0499998	0.0494967	0.0511433	0.0499992	0.0494933	0.05114	0.0700285	0.0690167	0.0715233	0.0700283	0.0690133	0.07152	1.40058	1.40059	3.50072	
13.5782	5	51	13.5426	5	51	13.1279	5	49	0.162647	0	9	0.0550015	0.0539867	0.05556	0.0550015	0.0539867	0.05556	0.0769794	0.0751533	0.0780633	0.0769794	0.0751533	0.0780633	1.39959	1.39959	3.49616	
13.6798	5	51	13.6397	5	51	13.2346	5	51	0.178567	0	9	0.0599671	0.0591867	0.0606133	0.0599677	0.05919	0.0606133	0.0839254	0.0823067	0.0849033	0.0839256	0.08231	0.0849033	1.39952	1.39951	3.49756	
13.7805	5	55	13.7367	5	55	13.3238	5	54	0.189296	0	9	0.0650215	0.0644933	0.0656767	0.065021	0.0644967	0.06568	0.0909044	0.0894567	0.0920367	0.0909042	0.08946	0.0920367	1.39807	1.39807	3.50045	
13.8732	5	59	13.8262	5	59	13.4074	5	59	0.204255	0	10	0.0699788	0.0689533	0.0705867	0.0699779	0.0689533	0.0705867	0.0978704	0.0966333	0.09923	0.097869	0.0966333	0.09923	1.39857	1.39857	3.50086	
13.9659	5	62	13.9151	5	60	13.4908	5	57	0.214339	0	9	0.0749758	0.0742467	0.0759267	0.0749762	0.0742533	0.0759267	0.104828	0.10393	0.10622	0.104827	0.10393	0.10622	1.39816	1.39813	3.49685	
14.1204	5	67	14.0639	5	66	13.6505	5	66	0.232019	0	9	0.0799906	0.0789733	0.0807267	0.0799908	0.0789733	0.0807333	0.111872	0.110353	0.113467	0.111873	0.110353	0.113473	1.39856	1.39857	3.50066	
14.2515	5	78	14.1913	5	78	13.7747	5	76	0.244919	0	9	0.0850135	0.0842767	0.0858167	0.0850146	0.08428	0.0858167	0.118961	0.117283	0.120357	0.11896	0.117287	0.12036	1.39932	1.39929	3.50127	
14.3858	5	78	14.3207	5	78	13.9066	5	76	0.256609	0	9	0.0900252	0.08872	0.09131	0.0900267	0.0887333	0.0913067	0.126018	0.12428	0.127663	0.12602	0.124303	0.127653	1.3998	1.39981	3.49769	
14.5448	5	90	14.4758	5	90	14.0566	5	90	0.265687	0	9	0.09501	0.0938	0.0956733	0.0950115	0.0938033	0.0956767	0.133004	0.1315	0.134527	0.133006	0.131503	0.134537	1.39989	1.39989	3.50159	
14.7421	5	92	14.6668	5	92	14.2549	5	90	0.278201	0	9	0.100001	0.09879	0.100887	0.100001	0.0987933	0.100877	0.140029	0.138223	0.141207	0.140031	0.138227	0.141187	1.40028	1.40029	3.50322	
14.9114	5	92	14.8313	5	92	14.4124	5	92	0.289075	0	10	0.105056	0.10414	0.105907	0.105056	0.104137	0.105913	0.147119	0.145687	0.147987	0.14712	0.14567	0.147987	1.40038	1.40039	3.50076	
15.152	5	116	15.0638	5	111	14.6543	5	111	0.300873	0	10	0.110075	0.109	0.11149	0.110076	0.109	0.11149	0.154144	0.151933	0.156837	0.154146	0.151933	0.156837	1.40035	1.40036	3.50213	
15.37	5	124	15.2723	5	117	14.8554	5	117	0.308687	0	9	0.115058	0.113953	0.116037	0.115057	0.113957	0.116037	0.161113	0.159887	0.162477	0.16111	0.15989	0.16248	1.40028	1.40027	3.50041	
15.6677	5	119	15.5572	5	115	15.1407	5	115	0.319148	0	9	0.120091	0.119157	0.120777	0.120091	0.11916	0.120767	0.168126	0.16692	0.16935	0.16813	0.166923	0.169347	1.39999	1.40002	3.50155	
15.9828	5	166	15.8588	5	166	15.4388	5	166	0.329321	0	10	0.125086	0.12351	0.125997	0.125085	0.123507	0.126007	0.175188	0.172997	0.17643	0.175187	0.173	0.176427	1.40055	1.40055	3.50137	
16.3965	5	181	16.2401	5	153	15.8121	5	153	0.336643	0	9	0.130036	0.128257	0.131087	0.130036	0.128263	0.131087	0.182078	0.17889	0.183863	0.182078	0.178897	0.183863	1.40022	1.40021	3.50064	
16.7515	5	156	16.5736	5	156	16.1324	5	156	0.341396	0	9	0.135046	0.134083	0.136067	0.135047	0.134093	0.136067	0.189078	0.18764	0.191007	0.18908	0.187653	0.191017	1.40009	1.4001	3.49986	
17.3137	5	199	17.0765	5	175	16.6142	5	171	0.348801	0	8	0.140089	0.138983	0.14096	0.140087	0.13898	0.140957	0.196112	0.194473	0.19762	0.196108	0.19447	0.197623	1.39991	1.39991	3.50454	
18.0045	5	214	17.6477	5	170	17.1781	5	170	0.355622	0	9	0.1451	0.14339	0.147267	0.145104	0.14339	0.147273	0.203211	0.200897	0.206647	0.203216	0.200903	0.206647	1.40048	1.40049	3.50462	
18.8856	5	243	18.3344	5	199	17.8313	5	199	0.360753	0	9	0.150073	0.149067	0.1507	0.150075	0.14907	0.1507	0.210125	0.20778	0.21153	0.210127	0.207777	0.211567	1.40015	1.40015	3.50223	
20.2439	5	321	19.139	5	195	18.5756	5	195	0.366041	0	9	0.155095	0.153943	0.156273	0.155094	0.153953	0.15628	0.217207	0.215617	0.219133	0.217208	0.21562	0.219133	1.40048	1.40049	3.49749	
22.6411	5	539	20.3134	5	239	19.6248	5	239	0.369003	0	9	0.160124	0.159383	0.161	0.160122	0.159383	0.161	0.224199	0.222103	0.225893	0.224195	0.222103	0.22589	1.40016	1.40015	3.49991	
28.1007	5	665	21.7623	5	232	20.9486	5	232	0.371693	0	9	0.165072	0.164112	0.16645	0.165071	0.164112	0.166456	0.231	0.229342	0.232526	0.230998	0.22934	0.232528	1.39939	1.39939	3.50069	
100.418	5	2484	23.8756	5	252	22.8093	5	252	0.374004	0	9	0.170018	0.16922	0.170976	0.170018	0.16922	0.170971	0.237901	0.236397	0.238784	0.237899	0.236394	0.23878	1.39927	1.39926	3.50053	
5232.15	5	63779	24.9675	5	278	23.2702	5	278	0.378254	0	8	0.173709	0.163927	0.175763	0.17371	0.163926	0.175761	0.243067	0.229127	0.245827	0.243066	0.229129	0.245821	1.39928	1.39927	3.51125	
