12.9823	5	30	12.9796	5	30	12.594	5	28	0.0126661	0	4	0.00503313	0.00481667	0.0053	0.00503292	0.00481667	0.00529667	0.00702396	0.00664333	0.00738667	0.00702375	0.00664333	0.00738333	1.39555	1.39556	3.51728	
12.9802	5	32	12.975	5	32	12.5649	5	30	0.0278761	0	4	0.0100071	0.00976667	0.0102033	0.0100067	0.00976667	0.0102	0.0140571	0.0137033	0.0146067	0.0140571	0.0137033	0.0146067	1.40471	1.40477	3.50112	
13.0356	5	33	13.0264	5	32	12.6115	5	30	0.0415874	0	4	0.0149985	0.0146433	0.01559	0.0149981	0.0146433	0.0155867	0.020969	0.02011	0.02179	0.0209685	0.02011	0.0217867	1.39807	1.39808	3.50816	
13.0781	5	32	13.066	5	32	12.665	5	30	0.0547778	0	5	0.019986	0.01963	0.02062	0.0199858	0.01963	0.0206133	0.0279098	0.0271567	0.0287067	0.0279096	0.0271533	0.0287	1.39646	1.39647	3.51112	
13.0823	5	34	13.0669	5	32	12.6539	5	32	0.0657261	0	4	0.0249837	0.02455	0.02546	0.024984	0.02455	0.02546	0.0348933	0.03407	0.0356633	0.0348944	0.03407	0.0356567	1.39664	1.39667	3.50147	
13.1188	5	37	13.1003	5	37	12.6995	5	35	0.0794221	0	4	0.0300242	0.0295933	0.0305333	0.0300244	0.0295933	0.0305333	0.0420208	0.0412267	0.0426967	0.042021	0.04123	0.0426967	1.39957	1.39956	3.49912	
13.1771	5	39	13.1558	5	38	12.7307	5	37	0.0931098	0	5	0.0350258	0.0346233	0.0354233	0.035025	0.03462	0.0354233	0.0490913	0.0485067	0.0500533	0.0490904	0.0485067	0.0500533	1.40157	1.40158	3.50412	
13.2146	5	36	13.1883	5	36	12.7819	5	34	0.10601	0	6	0.0400277	0.03942	0.04066	0.0400275	0.03942	0.04066	0.0560956	0.0551067	0.0572533	0.0560954	0.05511	0.0572533	1.40142	1.40142	3.50284	
13.2405	5	40	13.2116	5	39	12.8041	5	37	0.119474	0	6	0.0450169	0.04459	0.0456267	0.0450169	0.04459	0.0456267	0.0630827	0.06235	0.06402	0.0630831	0.0623467	0.06402	1.40131	1.40132	3.49818	
13.2888	5	40	13.256	5	37	12.8456	5	36	0.131921	0	6	0.0499998	0.0495067	0.0511467	0.0499992	0.0495033	0.0511433	0.0700285	0.06904	0.0715333	0.0700283	0.0690367	0.07153	1.40058	1.40059	3.50079	
13.3069	5	40	13.2712	5	36	12.8563	5	35	0.141428	0	6	0.0550015	0.05399	0.0555733	0.0550013	0.05399	0.0555733	0.0769794	0.0751367	0.07807	0.0769792	0.0751367	0.07807	1.39959	1.39959	3.49619	
13.3598	5	41	13.3199	5	40	12.914	5	38	0.154265	0	6	0.0599671	0.05917	0.0605967	0.0599675	0.0591733	0.0605967	0.0839254	0.0822833	0.0849267	0.0839254	0.0822867	0.0849267	1.39952	1.39952	3.49786	
13.4095	5	45	13.3658	5	43	12.9554	5	39	0.165038	0	7	0.0650215	0.06447	0.0656633	0.065021	0.0644733	0.0656667	0.0909044	0.08931	0.0920233	0.0909042	0.0893133	0.0920233	1.39807	1.39807	3.50053	
13.4491	5	55	13.4021	5	46	12.9824	5	44	0.175911	0	6	0.0699788	0.06893	0.0706	0.0699779	0.06893	0.0706	0.0978704	0.0965833	0.0992267	0.0978694	0.0965833	0.0992267	1.39857	1.39858	3.50046	
13.4802	5	43	13.4297	5	43	13.0048	5	43	0.185115	0	6	0.0749758	0.0742233	0.0759833	0.074976	0.0742267	0.0759833	0.104828	0.104033	0.10635	0.104827	0.104033	0.10635	1.39816	1.39814	3.49678	
13.5495	5	44	13.4936	5	41	13.0812	5	40	0.19843	0	7	0.0799906	0.07894	0.0808033	0.0799908	0.07894	0.08081	0.111872	0.11024	0.11367	0.111873	0.11024	0.113677	1.39856	1.39857	3.50041	
13.5963	5	46	13.5373	5	44	13.1176	5	44	0.209376	0	6	0.0850135	0.0843167	0.0858533	0.0850144	0.08432	0.0858533	0.118961	0.117263	0.120347	0.118959	0.117267	0.12035	1.39932	1.39928	3.50053	
13.6455	5	50	13.582	5	48	13.1618	5	46	0.220501	0	6	0.0900252	0.0886833	0.0913	0.0900265	0.0886967	0.0912967	0.126018	0.124137	0.127647	0.126019	0.124157	0.12764	1.3998	1.3998	3.49798	
13.7026	5	50	13.6353	5	50	13.2123	5	46	0.228954	0	7	0.09501	0.0938533	0.09575	0.0950117	0.0938567	0.0957433	0.133004	0.131313	0.134533	0.133006	0.131317	0.134543	1.39989	1.39989	3.50099	
13.7741	5	48	13.702	5	47	13.2873	5	47	0.239414	0	7	0.100001	0.09889	0.100767	0.100003	0.0988933	0.100763	0.140029	0.13823	0.141107	0.140033	0.138233	0.141097	1.40028	1.40029	3.50296	
13.8263	5	52	13.7497	5	52	13.3266	5	51	0.248565	0	7	0.105056	0.104173	0.105607	0.105056	0.10417	0.10561	0.147119	0.14592	0.148007	0.147119	0.145903	0.148003	1.40038	1.40038	3.50118	
13.901	5	51	13.819	5	51	13.4038	5	49	0.260493	0	7	0.110075	0.109057	0.111343	0.110076	0.109057	0.111343	0.154144	0.151977	0.15661	0.154145	0.151977	0.15661	1.40035	1.40035	3.50196	
13.959	5	53	13.8731	5	51	13.4504	5	51	0.268282	0	8	0.115058	0.113857	0.11614	0.115057	0.11386	0.11614	0.161113	0.15983	0.162437	0.161111	0.159823	0.162427	1.40028	1.40027	3.50114	
14.0313	5	53	13.9382	5	50	13.5194	5	50	0.276949	0	8	0.120091	0.11903	0.120717	0.120092	0.119033	0.12072	0.168126	0.166197	0.169417	0.168131	0.1662	0.16942	1.39999	1.40002	3.5004	
14.1286	5	81	14.0286	5	77	13.6079	5	74	0.285676	0	8	0.125086	0.122957	0.125917	0.125086	0.122953	0.125923	0.175188	0.171857	0.176647	0.175189	0.17186	0.176643	1.40055	1.40055	3.5016	
14.2121	5	68	14.1066	5	67	13.6854	5	67	0.293509	0	8	0.130036	0.128653	0.131093	0.130035	0.12866	0.131083	0.182078	0.17982	0.183867	0.182076	0.179823	0.183843	1.40022	1.40021	3.49973	
14.3102	5	69	14.1997	5	65	13.7764	5	65	0.301273	0	7	0.135046	0.134063	0.13645	0.135047	0.13406	0.136457	0.189078	0.187537	0.19153	0.18908	0.187527	0.191543	1.40009	1.40011	3.50222	
14.4208	5	61	14.302	5	59	13.8684	5	59	0.306784	0	9	0.140089	0.13922	0.14109	0.140088	0.13922	0.141087	0.196112	0.194813	0.197703	0.196109	0.194813	0.197707	1.39991	1.39991	3.50447	
14.5393	5	75	14.4106	5	73	13.9853	5	73	0.314325	0	9	0.1451	0.144007	0.146923	0.1451	0.144003	0.14692	0.203211	0.201387	0.206583	0.203212	0.201383	0.206587	1.40048	1.4005	3.50322	
14.6935	5	85	14.5534	5	83	14.124	5	83	0.32076	0	8	0.150073	0.14883	0.151313	0.150072	0.148833	0.15132	0.210125	0.208373	0.212943	0.210124	0.208367	0.212943	1.40015	1.40015	3.50294	
14.8414	5	77	14.6867	5	76	14.2593	5	76	0.328258	0	8	0.155095	0.154343	0.156027	0.155094	0.154333	0.15603	0.217207	0.215047	0.219687	0.217208	0.215037	0.219683	1.40048	1.4005	3.50112	
15.0183	5	86	14.8399	5	79	14.3943	5	79	0.331611	0	8	0.160132	0.159167	0.161093	0.16013	0.15917	0.161083	0.22421	0.222257	0.22615	0.224209	0.222257	0.22615	1.40016	1.40017	3.49916	
15.2332	5	89	15.034	5	80	14.5938	5	80	0.338424	0	8	0.165184	0.163917	0.166437	0.165183	0.163913	0.166443	0.231276	0.229017	0.23404	0.231277	0.22901	0.234037	1.40011	1.40013	3.49989	
15.4907	5	105	15.2482	5	83	14.7985	5	83	0.343661	0	8	0.17018	0.1691	0.171393	0.170181	0.169097	0.17139	0.238258	0.236783	0.240847	0.238259	0.236773	0.240837	1.40003	1.40003	3.49958	
15.8212	5	133	15.5234	5	92	15.0561	5	92	0.348694	0	8	0.175217	0.17375	0.177163	0.175219	0.17376	0.17716	0.245302	0.24287	0.247523	0.245305	0.242897	0.24752	1.39998	1.39999	3.49858	
16.2836	5	169	15.8924	5	97	15.4119	5	97	0.352177	0	8	0.18028	0.178387	0.1812	0.180278	0.17839	0.181197	0.252303	0.249533	0.253793	0.252299	0.249543	0.25379	1.3995	1.3995	3.50054	
16.9412	5	194	16.328	5	105	15.8212	5	105	0.355766	0	8	0.185281	0.18418	0.1864	0.185281	0.184173	0.186397	0.259244	0.25756	0.2618	0.259246	0.257583	0.261797	1.3992	1.3992	3.49866	
18.029	5	188	16.9498	5	113	16.4094	5	113	0.360188	0	8	0.190259	0.188497	0.191637	0.190259	0.188497	0.191633	0.26617	0.263957	0.26847	0.26617	0.263957	0.268467	1.39899	1.39899	3.50139	
19.4548	5	276	17.5801	5	106	16.9881	5	106	0.362177	0	8	0.195212	0.19387	0.1958	0.195214	0.193867	0.195793	0.273104	0.270477	0.274133	0.273107	0.270467	0.274127	1.39901	1.39901	3.50075	
24.5266	5	512	18.7802	5	115	18.0873	5	115	0.364356	0	8	0.200065	0.198834	0.201664	0.200066	0.198826	0.20167	0.279896	0.277534	0.281924	0.279898	0.27755	0.281934	1.39903	1.39903	3.50135	
40.6503	5	1048	20.2334	5	118	19.4038	5	118	0.36691	0	8	0.205052	0.20391	0.206	0.205052	0.203908	0.205996	0.286877	0.28469	0.289008	0.286877	0.284684	0.289004	1.39904	1.39904	3.4996	
2549.34	5	35093	21.738	5	120	20.6803	5	120	0.370171	0	8	0.209117	0.203291	0.2109	0.209117	0.203287	0.210903	0.29258	0.284649	0.294981	0.292581	0.284647	0.294973	1.39912	1.39913	3.50046	
