7.42537	1	36	7.42537	1	36	6.62806	1	36	0	0	0	0.00499391	0.00471	0.00536	0.00499391	0.00471	0.00536	0.00895208	0.00824333	0.00963	0.00895208	0.00824333	0.00963	1.7926	1.7926	7.62421	
7.43977	1	48	7.43977	1	48	6.65033	1	48	0	0	0	0.0100062	0.00962333	0.01048	0.0100061	0.00962333	0.01048	0.0180378	0.0172933	0.0192367	0.0180377	0.0172933	0.0192367	1.80265	1.80267	7.62227	
7.46743	1	69	7.46743	1	69	6.67264	1	65	0	0	0	0.0150311	0.0145233	0.0156967	0.015031	0.0145233	0.0156967	0.02704	0.0259333	0.0284833	0.0270397	0.0259333	0.0284833	1.79893	1.79893	7.64507	
7.48606	1	69	7.48606	1	69	6.68531	1	65	0	0	0	0.020063	0.0194867	0.0205667	0.0200629	0.0194867	0.0205667	0.0360579	0.0347767	0.0372567	0.0360585	0.0347767	0.0372567	1.79723	1.79728	7.65788	
7.50983	1	69	7.50983	1	69	6.71188	1	65	0	0	0	0.0250671	0.02449	0.0257333	0.0250667	0.0244867	0.0257367	0.0451318	0.0439833	0.0464533	0.0451315	0.0439833	0.0464567	1.80044	1.80045	7.66954	
7.53389	1	70	7.53389	1	70	6.74125	1	66	0	0	0	0.0300682	0.02949	0.0307167	0.0300679	0.02949	0.0307133	0.0541228	0.0526633	0.0563	0.0541219	0.0526633	0.0563	1.8	1.79999	7.6865	
7.54925	1	73	7.54925	1	73	6.7512	1	69	0	0	0	0.0350706	0.0342367	0.0362133	0.0350701	0.03423	0.0362133	0.0631154	0.0612733	0.06533	0.0631146	0.0612733	0.06533	1.79966	1.79967	7.69247	
7.58008	1	69	7.58008	1	69	6.7856	1	65	0	0	0	0.0400941	0.0389867	0.0411167	0.0400937	0.0389867	0.04112	0.072177	0.0700667	0.0745967	0.0721761	0.0700667	0.0746	1.80019	1.80019	7.71348	
7.62139	1	75	7.62139	1	75	6.82182	1	71	0	0	0	0.0450691	0.04441	0.0457233	0.0450683	0.04441	0.0457233	0.0810798	0.07946	0.0826367	0.0810779	0.0794633	0.08265	1.79901	1.799	7.74748	
7.6479	1	74	7.6479	1	74	6.85721	1	70	0	0	0	0.050078	0.04917	0.05091	0.0500779	0.0491667	0.05091	0.090079	0.0880267	0.09225	0.0900787	0.0880167	0.0922467	1.79877	1.79877	7.76365	
7.68758	1	78	7.68757	1	78	6.8924	1	74	0	0	0	0.055088	0.0541533	0.0558567	0.0550877	0.05415	0.0558533	0.0990448	0.0965533	0.101737	0.099044	0.09655	0.101733	1.79794	1.79793	7.79334	
7.72757	1	80	7.72757	1	80	6.92952	1	76	0	0	0	0.0600776	0.0585933	0.0612533	0.0600773	0.05859	0.0612533	0.108018	0.105313	0.110653	0.108017	0.105297	0.110653	1.79797	1.79796	7.8219	
7.77446	1	76	7.77445	1	76	6.97782	1	72	0	0	0	0.0651088	0.0641933	0.06608	0.0651082	0.06419	0.0660733	0.117103	0.115033	0.120723	0.117102	0.115037	0.120737	1.79857	1.79858	7.85716	
7.81307	1	83	7.81304	1	83	7.02481	1	79	0	0	0	0.0700993	0.0692433	0.0712167	0.070099	0.0692467	0.0712133	0.126046	0.123663	0.128517	0.126046	0.123673	0.128527	1.79811	1.79812	7.88345	
7.87265	1	84	7.87261	1	84	7.08605	1	80	0	0	0	0.0750704	0.0737167	0.0760867	0.0750704	0.07372	0.07609	0.134952	0.131797	0.13759	0.134952	0.1318	0.13759	1.79767	1.79767	7.92979	
7.92978	1	79	7.92973	1	79	7.1334	1	75	0	0	0	0.0800622	0.0788433	0.08149	0.0800622	0.07884	0.08149	0.143966	0.141463	0.14713	0.143967	0.141477	0.14713	1.79817	1.79819	7.97264	
7.98532	1	96	7.98525	1	96	7.20072	1	96	0	0	0	0.0850492	0.0838967	0.0865433	0.0850486	0.0838967	0.0865467	0.152894	0.149913	0.155517	0.152893	0.1499	0.155517	1.79771	1.79771	8.01414	
8.05989	1	95	8.0598	1	95	7.27293	1	91	0	0	0	0.0900403	0.0881367	0.0912167	0.0900398	0.0881367	0.0912167	0.161919	0.158543	0.16451	0.161919	0.158537	0.16451	1.7983	1.79831	8.06994	
8.13187	1	105	8.13171	1	105	7.34507	1	101	0	0	0	0.0950421	0.09396	0.0965867	0.0950417	0.0939533	0.09659	0.170904	0.16843	0.17513	0.170902	0.168453	0.175127	1.79819	1.79818	8.12493	
8.22275	1	116	8.22253	1	116	7.44223	1	112	0	0	0	0.100014	0.0985767	0.101243	0.100014	0.09858	0.101243	0.179775	0.176603	0.18299	0.179776	0.176607	0.18299	1.7975	1.79752	8.19588	
8.31838	1	105	8.3181	1	105	7.54773	1	101	0	0	0	0.105002	0.103807	0.106227	0.105002	0.103813	0.106237	0.188774	0.18556	0.191903	0.188773	0.185563	0.191883	1.79782	1.79781	8.26859	
8.41461	1	108	8.41418	1	108	7.6392	1	104	0	0	0	0.110025	0.108787	0.111333	0.110024	0.108787	0.11133	0.197877	0.1946	0.20158	0.197876	0.194613	0.201577	1.79847	1.79848	8.34046	
8.53178	1	127	8.5312	1	127	7.76213	1	123	0	0	0	0.115005	0.113727	0.116963	0.115005	0.113727	0.11697	0.206856	0.20342	0.21087	0.206857	0.20342	0.210877	1.79868	1.79869	8.42935	
8.66288	1	122	8.66209	1	122	7.90008	1	118	0	0	0	0.119998	0.118613	0.121213	0.119997	0.118613	0.121217	0.215819	0.211733	0.21892	0.21582	0.211743	0.218927	1.79853	1.79854	8.5284	
8.80792	1	115	8.80678	1	115	8.05104	1	111	0	0	0	0.124993	0.12335	0.12636	0.124994	0.123347	0.12636	0.224817	0.22087	0.228107	0.224818	0.220867	0.228123	1.79863	1.79864	8.6391	
8.96219	1	126	8.96059	1	126	8.20799	1	122	0	0	0	0.129989	0.128747	0.13121	0.129989	0.12874	0.13121	0.233857	0.230573	0.237133	0.233859	0.23057	0.237153	1.79906	1.79907	8.7568	
9.16356	1	139	9.1613	1	139	8.40722	1	135	0	0	0	0.134996	0.133797	0.136793	0.134996	0.1338	0.136793	0.242939	0.23918	0.246713	0.242939	0.239173	0.246713	1.7996	1.7996	8.90779	
9.37105	1	133	9.36792	1	133	8.63424	1	129	0	0	0	0.139994	0.1387	0.142043	0.139994	0.138687	0.142037	0.251935	0.248517	0.255967	0.251936	0.248543	0.25596	1.79962	1.79962	9.06347	
9.64341	1	135	9.63859	1	135	8.91466	1	131	0	0	0	0.14498	0.1435	0.146687	0.144979	0.1435	0.146697	0.260957	0.257767	0.264273	0.260957	0.257773	0.264283	1.79996	1.79996	9.26779	
9.9128	1	139	9.90592	1	139	9.18659	1	135	0	0	0	0.149981	0.14896	0.151417	0.149981	0.148957	0.1514	0.270074	0.265633	0.274083	0.270074	0.265643	0.274087	1.80072	1.80072	9.46715	
10.2976	1	176	10.2872	1	176	9.58544	1	172	0	0	0	0.154962	0.153983	0.15644	0.154963	0.153973	0.15644	0.279055	0.27535	0.282653	0.279056	0.275343	0.282667	1.80079	1.80079	9.75104	
10.7353	1	142	10.7194	1	141	10.0256	1	141	0	0	0	0.159973	0.15789	0.16147	0.159973	0.157887	0.16147	0.288068	0.28388	0.291447	0.288067	0.283873	0.291443	1.80072	1.80072	10.0709	
11.3016	1	153	11.2753	1	153	10.5947	1	149	0	0	0	0.164998	0.16387	0.166513	0.164997	0.163867	0.166507	0.297156	0.29383	0.300683	0.297156	0.293853	0.30069	1.80097	1.80097	10.4785	
12.1938	1	181	12.1445	1	180	11.4949	1	176	0	0	0	0.170008	0.168587	0.171523	0.170008	0.16858	0.171517	0.306168	0.30249	0.30979	0.306171	0.30249	0.309797	1.80091	1.80092	11.1097	
13.3183	1	167	13.2239	1	167	12.5964	1	167	0	0	0	0.175015	0.17378	0.176443	0.175015	0.173777	0.17644	0.315161	0.309647	0.319467	0.315162	0.30966	0.319487	1.80077	1.80077	11.8644	
15.337	1	211	15.0797	1	200	14.4735	1	196	0	0	0	0.180034	0.178163	0.18141	0.180036	0.178167	0.181413	0.324183	0.32065	0.327567	0.324183	0.32065	0.327563	1.80068	1.80066	13.0715	
20.2401	1	491	18.7991	1	262	18.1985	1	262	0	0	0	0.185041	0.1837	0.186537	0.185048	0.18371	0.18655	0.333238	0.329753	0.336673	0.33325	0.329763	0.336773	1.80089	1.80089	15.0974	
71.977	1	4486	25.1471	1	421	24.5213	1	417	0	0	0	0.189981	0.188949	0.191183	0.189983	0.188949	0.191183	0.342069	0.339494	0.344971	0.342073	0.339509	0.344966	1.80054	1.80054	17.4877	
9436.8	1	240210	28.9727	1	520	28.7759	1	520	0	0	0	0.194989	0.19407	0.196037	0.192576	0.156406	0.19603	0.351094	0.348617	0.354034	0.346762	0.281423	0.35402	1.80058	1.80065	18.2538	
