14.9115	6	66	14.9114	6	66	14.1248	6	62	0	0	0	0.00499391	0.00471	0.00536	0.00499391	0.00471	0.00536	0.00895208	0.00824333	0.00963	0.00895224	0.00824333	0.00963	1.7926	1.79263	15.0883	
15.166	6	62	15.1657	6	62	14.3547	6	58	0	0	0	0.0100062	0.00962333	0.01048	0.010006	0.00962333	0.01048	0.0180378	0.0172933	0.0192367	0.0180374	0.0172933	0.0192367	1.80265	1.80265	15.2979	
15.392	6	79	15.3912	6	79	14.5969	6	75	0	0	0	0.0150311	0.0145233	0.0156967	0.0150309	0.0145233	0.0156967	0.02704	0.0259333	0.0284833	0.0270393	0.0259333	0.0284833	1.79893	1.79891	15.4934	
15.6212	6	80	15.6196	6	80	14.8283	6	76	0	0	0	0.020063	0.0194867	0.0205667	0.0200629	0.01949	0.0205667	0.0360579	0.0347767	0.0372567	0.0360579	0.0347767	0.0372567	1.79723	1.79724	15.6803	
15.8872	6	84	15.8845	6	84	15.0964	6	84	0	0	0	0.0250671	0.02449	0.0257333	0.0250665	0.0244867	0.0257333	0.0451318	0.0439833	0.0464533	0.0451307	0.0439833	0.04644	1.80044	1.80044	15.9007	
16.177	6	92	16.1726	6	92	15.3892	6	88	0	0	0	0.0300682	0.02949	0.0307167	0.0300679	0.0294933	0.03071	0.0541228	0.0526633	0.0563	0.0541218	0.0526667	0.0563	1.8	1.79999	16.1403	
16.505	6	94	16.4983	6	94	15.7074	6	90	0	0	0	0.0350706	0.0342367	0.0362133	0.0350699	0.0342333	0.03621	0.0631154	0.0612733	0.06533	0.0631146	0.0612733	0.0653267	1.79966	1.79968	16.4102	
16.861	6	94	16.8514	6	94	16.0674	6	91	0	0	0	0.0400941	0.0389867	0.0411167	0.0400935	0.0389867	0.0411133	0.072177	0.0700667	0.0745967	0.0721766	0.0700667	0.0745933	1.80019	1.80021	16.7023	
17.2141	6	131	17.2004	6	131	16.4162	6	127	0	0	0	0.0450691	0.04441	0.0457233	0.0450678	0.0444133	0.0457233	0.0810798	0.07946	0.0826367	0.081077	0.0794633	0.08265	1.79901	1.799	16.9881	
17.6322	6	98	17.6125	6	98	16.8478	6	94	0	0	0	0.050078	0.04917	0.05091	0.0500774	0.04916	0.05091	0.090079	0.0880267	0.09225	0.0900777	0.08803	0.0922467	1.79877	1.79877	17.3194	
18.0784	6	98	18.052	6	98	17.2761	6	94	0	0	0	0.055088	0.0541533	0.0558567	0.055087	0.05414	0.05585	0.0990448	0.0965533	0.101737	0.0990422	0.09654	0.10173	1.79794	1.79792	17.6726	
18.5959	6	96	18.5586	6	96	17.8104	6	94	0	0	0	0.0600776	0.0585933	0.0612533	0.0600766	0.0585867	0.06126	0.108018	0.105313	0.110653	0.108016	0.10528	0.11066	1.79797	1.79797	18.0738	
19.1559	6	133	19.105	6	133	18.3535	6	133	0	0	0	0.0651088	0.0641933	0.06608	0.0651084	0.0641933	0.0660767	0.117103	0.115033	0.120723	0.117102	0.11506	0.120737	1.79857	1.79858	18.4957	
19.7724	6	131	19.7009	6	131	18.9506	6	131	0	0	0	0.0700993	0.0692433	0.0712167	0.0700992	0.06925	0.0712133	0.126046	0.123663	0.128517	0.126047	0.123677	0.128533	1.79811	1.79813	18.9504	
20.4455	6	130	20.3463	6	130	19.596	6	130	0	0	0	0.0750704	0.0737167	0.0760867	0.0750705	0.0737133	0.07609	0.134952	0.131797	0.13759	0.134951	0.131793	0.13759	1.79767	1.79766	19.4275	
21.2893	6	137	21.1444	6	137	20.4234	6	133	0	0	0	0.0800622	0.0788433	0.08149	0.0800618	0.0788367	0.08149	0.143966	0.141463	0.14713	0.143965	0.141463	0.147103	1.79817	1.79817	19.9937	
22.246	6	140	22.0341	6	140	21.3122	6	140	0	0	0	0.0850492	0.0838967	0.0865433	0.0850494	0.0838933	0.0865433	0.152894	0.149913	0.155517	0.152894	0.149903	0.155517	1.79771	1.79771	20.6112	
23.3357	6	153	23.02	6	153	22.326	6	153	0	0	0	0.0900403	0.0881367	0.0912167	0.0900408	0.08814	0.09122	0.161919	0.158543	0.16451	0.16192	0.158553	0.164523	1.7983	1.7983	21.2352	
24.7432	6	157	24.2384	6	157	23.5498	6	153	0	0	0	0.0950421	0.09396	0.0965867	0.095043	0.0939533	0.0965867	0.170904	0.16843	0.17513	0.170903	0.168453	0.175127	1.79819	1.79817	21.9456	
26.5014	6	168	25.6608	6	164	24.9659	6	164	0	0	0	0.100014	0.0985767	0.101243	0.100013	0.0985833	0.10124	0.179775	0.176603	0.18299	0.179775	0.176617	0.18299	1.7975	1.79751	22.6889	
29.0931	6	253	27.537	6	192	26.834	6	192	0	0	0	0.105002	0.103807	0.106227	0.105005	0.10381	0.10623	0.188774	0.18556	0.191903	0.188778	0.185573	0.191877	1.79782	1.7978	23.4756	
33.3944	6	417	30.0342	6	255	29.3462	6	251	0	0	0	0.110025	0.108787	0.111333	0.110027	0.108787	0.111347	0.197877	0.1946	0.20158	0.197879	0.194613	0.201543	1.79847	1.79846	24.2333	
45.0329	6	960	33.9884	6	292	33.306	6	292	0	0	0	0.115005	0.113727	0.116963	0.11501	0.113737	0.117007	0.206856	0.20342	0.21087	0.206865	0.20343	0.210967	1.79868	1.79867	24.9772	
8107.02	6	218332	40.178	6	433	39.7285	6	433	0	0	0	0.119992	0.119394	0.120696	0.118673	0.09776	0.120693	0.21597	0.213527	0.218351	0.213593	0.175914	0.218351	1.79987	1.79985	25.6746	
