11.1919	3	56	11.1919	3	56	10.3975	3	52	0	0	0	0.00499391	0.00471	0.00536	0.00499396	0.00471	0.00536	0.00895208	0.00824333	0.00963	0.00895219	0.00824333	0.00963	1.7926	1.7926	11.3838	
11.3112	3	58	11.3112	3	58	10.5072	3	56	0	0	0	0.0100062	0.00962333	0.01048	0.010006	0.00962333	0.01048	0.0180378	0.0172933	0.0192367	0.0180373	0.0172933	0.0192367	1.80265	1.80265	11.4769	
11.3705	3	74	11.3703	3	74	10.5813	3	70	0	0	0	0.0150311	0.0145233	0.0156967	0.0150311	0.0145233	0.0156967	0.02704	0.0259333	0.0284833	0.0270398	0.0259333	0.0284833	1.79893	1.79892	11.5219	
11.4804	3	77	11.4801	3	77	10.6774	3	73	0	0	0	0.020063	0.0194867	0.0205667	0.0200628	0.0194867	0.0205667	0.0360579	0.0347767	0.0372567	0.0360581	0.0347767	0.0372567	1.79723	1.79726	11.6137	
11.5719	3	74	11.5714	3	74	10.7749	3	70	0	0	0	0.0250671	0.02449	0.0257333	0.0250666	0.0244867	0.0257367	0.0451318	0.0439833	0.0464533	0.0451317	0.0439833	0.0464567	1.80044	1.80047	11.6843	
11.7104	3	104	11.7097	3	104	10.9441	3	100	0	0	0	0.0300682	0.02949	0.0307167	0.0300677	0.02949	0.0307133	0.0541228	0.0526633	0.0563	0.0541215	0.0526633	0.0563	1.8	1.79999	11.8011	
11.8058	3	76	11.8047	3	76	11.026	3	72	0	0	0	0.0350706	0.0342367	0.0362133	0.0350697	0.03423	0.0362133	0.0631154	0.0612733	0.06533	0.0631136	0.0612733	0.0653267	1.79966	1.79966	11.8751	
11.9267	3	86	11.9251	3	82	11.1343	3	78	0	0	0	0.0400941	0.0389867	0.0411167	0.0400935	0.0389867	0.04112	0.072177	0.0700667	0.0745967	0.0721761	0.0700667	0.0746	1.80019	1.80019	11.9723	
12.0566	3	111	12.0543	3	111	11.2602	3	107	0	0	0	0.0450691	0.04441	0.0457233	0.0450679	0.0444167	0.0457233	0.0810798	0.07946	0.0826367	0.0810774	0.0794633	0.08265	1.79901	1.799	12.0764	
12.2116	3	109	12.2083	3	109	11.4205	3	105	0	0	0	0.050078	0.04917	0.05091	0.0500782	0.04916	0.05091	0.090079	0.0880267	0.09225	0.0900786	0.0880167	0.0922467	1.79877	1.79876	12.205	
12.3551	3	113	12.3508	3	113	11.558	3	109	0	0	0	0.055088	0.0541533	0.0558567	0.0550873	0.05415	0.0558533	0.0990448	0.0965533	0.101737	0.0990432	0.09655	0.101733	1.79794	1.79793	12.3168	
12.5513	3	108	12.5455	3	108	11.7597	3	105	0	0	0	0.0600776	0.0585933	0.0612533	0.0600769	0.05859	0.06125	0.108018	0.105313	0.110653	0.108016	0.105297	0.11065	1.79797	1.79797	12.4798	
12.7774	3	108	12.7697	3	108	11.9838	3	104	0	0	0	0.0651088	0.0641933	0.06608	0.0651082	0.06419	0.0660767	0.117103	0.115033	0.120723	0.117102	0.115037	0.120733	1.79857	1.79858	12.6628	
12.9792	3	111	12.9692	3	111	12.2062	3	107	0	0	0	0.0700993	0.0692433	0.0712167	0.0700989	0.0692467	0.0712133	0.126046	0.123663	0.128517	0.126046	0.123673	0.128537	1.79811	1.79812	12.8274	
13.2138	3	111	13.2008	3	111	12.4415	3	107	0	0	0	0.0750704	0.0737167	0.0760867	0.0750704	0.0737167	0.0760833	0.134952	0.131797	0.13759	0.134952	0.131797	0.137593	1.79767	1.79767	13.015	
13.4775	3	116	13.4602	3	116	12.6758	3	112	0	0	0	0.0800622	0.0788433	0.08149	0.0800621	0.07884	0.0814867	0.143966	0.141463	0.14713	0.143966	0.14146	0.147113	1.79817	1.79818	13.2217	
13.7814	3	118	13.7584	3	118	12.9963	3	115	0	0	0	0.0850492	0.0838967	0.0865433	0.0850496	0.0839	0.08655	0.152894	0.149913	0.155517	0.152894	0.149877	0.155517	1.79771	1.79771	13.4606	
14.1397	3	116	14.1102	3	116	13.3663	3	112	0	0	0	0.0900403	0.0881367	0.0912167	0.0900399	0.0881367	0.09122	0.161919	0.158543	0.16451	0.161919	0.158537	0.16451	1.7983	1.79831	13.7401	
14.5357	3	128	14.4967	3	128	13.7568	3	124	0	0	0	0.0950421	0.09396	0.0965867	0.0950412	0.0939533	0.0965867	0.170904	0.16843	0.17513	0.170901	0.168453	0.175127	1.79819	1.79818	14.0477	
15.031	3	141	14.9779	3	141	14.259	3	141	0	0	0	0.100014	0.0985767	0.101243	0.100013	0.0985833	0.10124	0.179775	0.176603	0.18299	0.179777	0.17661	0.182983	1.7975	1.79752	14.4283	
15.5465	3	153	15.4748	3	153	14.7496	3	149	0	0	0	0.105002	0.103807	0.106227	0.105002	0.103803	0.106223	0.188774	0.18556	0.191903	0.188774	0.185557	0.191897	1.79782	1.79781	14.8109	
16.2498	3	161	16.1492	3	161	15.44	3	157	0	0	0	0.110025	0.108787	0.111333	0.110025	0.10879	0.111333	0.197877	0.1946	0.20158	0.197878	0.194617	0.201577	1.79847	1.79848	15.3257	
17.0407	3	153	16.8943	3	150	16.1884	3	146	0	0	0	0.115005	0.113727	0.116963	0.115005	0.11373	0.116973	0.206856	0.20342	0.21087	0.206856	0.203423	0.210893	1.79868	1.79867	15.881	
18.053	3	171	17.8308	3	171	17.149	3	167	0	0	0	0.119998	0.118613	0.121213	0.119998	0.118603	0.121193	0.215819	0.211733	0.21892	0.215821	0.211723	0.218937	1.79853	1.79854	16.5473	
19.2961	3	170	18.9436	3	168	18.2765	3	166	0	0	0	0.124993	0.12335	0.12636	0.124994	0.12335	0.126363	0.224817	0.22087	0.228107	0.224818	0.22087	0.22811	1.79863	1.79863	17.3101	
21.054	3	194	20.4324	3	194	19.787	3	194	0	0	0	0.129989	0.128747	0.13121	0.12999	0.12875	0.131203	0.233857	0.230573	0.237133	0.233862	0.23057	0.237147	1.79906	1.79907	18.2522	
23.424	3	267	22.1829	3	219	21.5305	3	219	0	0	0	0.134996	0.133797	0.136793	0.134999	0.133803	0.136797	0.242939	0.23918	0.246713	0.242943	0.239173	0.24672	1.7996	1.79959	19.2373	
27.657	3	488	24.3499	3	216	23.7256	3	216	0	0	0	0.139994	0.1387	0.142043	0.139996	0.13869	0.142043	0.251935	0.248517	0.255967	0.251939	0.24855	0.255947	1.79962	1.79961	20.2549	
273.285	3	10589	26.7824	3	277	26.1503	3	273	0	0	0	0.144978	0.1439	0.145666	0.144927	0.143726	0.145661	0.260901	0.258686	0.262636	0.260809	0.258696	0.262649	1.79959	1.79959	21.1157	
