8.57258	1	44	8.56261	1	44	7.74776	1	44	0	0	0	0.00499391	0.00471	0.00536	0.00499396	0	0.0405033	0.00895208	0.00824333	0.00963	0.00895208	0	0.07301	1.7926	1.79258	8.76083	
8.6521	1	47	8.63265	1	47	7.83258	1	44	0	0	0	0.0100062	0.00962333	0.01048	0.0100061	0	0.0807033	0.0180378	0.0172933	0.0192367	0.0180377	0	0.14581	1.80265	1.80266	8.81232	
8.77346	1	60	8.7417	1	60	7.9529	1	60	0	0	0	0.0150311	0.0145233	0.0156967	0.0150309	0	0.12143	0.02704	0.0259333	0.0284833	0.0270398	0	0.219003	1.79893	1.79895	8.91688	
8.91519	1	64	8.8696	1	64	8.06515	1	60	0	0	0	0.020063	0.0194867	0.0205667	0.020063	0	0.162193	0.0360579	0.0347767	0.0372567	0.036058	0	0.291167	1.79723	1.79724	9.03622	
9.11234	1	74	9.05389	1	74	8.25178	1	72	0	0	0	0.0250671	0.02449	0.0257333	0.0250667	0	0.201877	0.0451318	0.0439833	0.0464533	0.0451309	0	0.364073	1.80044	1.80043	9.20767	
9.30308	1	85	9.22923	1	85	8.42669	1	85	0	0	0	0.0300682	0.02949	0.0307167	0.0300681	0	0.24256	0.0541228	0.0526633	0.0563	0.0541223	0	0.437233	1.8	1.79999	9.37238	
9.54263	1	91	9.45024	1	91	8.64893	1	91	0	0	0	0.0350706	0.0342367	0.0362133	0.0350699	0	0.282	0.0631154	0.0612733	0.06533	0.063114	0	0.5094	1.79966	1.79966	9.58273	
9.81125	1	97	9.69743	1	97	8.9041	1	97	0	0	0	0.0400941	0.0389867	0.0411167	0.0400932	0	0.32267	0.072177	0.0700667	0.0745967	0.0721767	0	0.5828	1.80019	1.80022	9.81668	
10.1224	1	97	9.98551	1	97	9.19323	1	93	0	0	0	0.0450691	0.04441	0.0457233	0.0450687	0	0.36245	0.0810798	0.07946	0.0826367	0.0810785	0	0.65377	1.79901	1.799	10.0904	
10.4686	1	93	10.3036	1	93	9.50846	1	93	0	0	0	0.050078	0.04917	0.05091	0.0500771	0	0.4025	0.090079	0.0880267	0.09225	0.0900774	0	0.726193	1.79877	1.79877	10.3923	
10.8481	1	121	10.6515	1	121	9.85994	1	121	0	0	0	0.055088	0.0541533	0.0558567	0.0550861	0	0.443127	0.0990448	0.0965533	0.101737	0.0990411	0	0.797193	1.79794	1.79793	10.7247	
11.2919	1	110	11.0559	1	105	10.255	1	103	0	0	0	0.0600776	0.0585933	0.0612533	0.0600759	0	0.48331	0.108018	0.105313	0.110653	0.108015	0	0.869483	1.79797	1.79797	11.1073	
11.7908	1	102	11.5114	1	102	10.7086	1	102	0	0	0	0.0651088	0.0641933	0.06608	0.0651107	0	0.52346	0.117103	0.115033	0.120723	0.117106	0	0.940057	1.79857	1.79857	11.542	
12.3421	1	137	12.0013	1	136	11.2046	1	132	0	0	0	0.0700993	0.0692433	0.0712167	0.0695099	0	0.557467	0.126046	0.123663	0.128517	0.125	0	1	1.79811	1.79831	12.0065	
12.9924	1	124	12.5808	1	124	11.7873	1	120	0	0	0	0.0750704	0.0737167	0.0760867	0.0695119	0	0.557403	0.134952	0.131797	0.13759	0.125	0	1	1.79767	1.79825	12.5558	
13.7239	1	143	13.219	1	143	12.4246	1	143	0	0	0	0.0800622	0.0788433	0.08149	0.0695129	0	0.557407	0.143966	0.141463	0.14713	0.125	0	1	1.79817	1.79823	13.1565	
14.5781	1	152	13.9491	1	152	13.1582	1	152	0	0	0	0.0850492	0.0838967	0.0865433	0.0695124	0	0.557387	0.152894	0.149913	0.155517	0.125	0	1	1.79771	1.79824	13.8454	
15.5883	1	130	14.7951	1	128	13.9898	1	135	0	0	0	0.0900403	0.0881367	0.0912167	0.0695121	0	0.55738	0.161919	0.158543	0.16451	0.125	0	1	1.7983	1.79825	14.6352	
16.8161	1	157	15.7735	1	155	14.9863	1	153	0	0	0	0.0950421	0.09396	0.0965867	0.0695122	0	0.5574	0.170904	0.16843	0.17513	0.125	0	1	1.79819	1.79825	15.5487	
18.2907	1	182	16.8911	1	154	16.11	1	162	0	0	0	0.100014	0.0985767	0.101243	0.0695132	0	0.557407	0.179775	0.176603	0.18299	0.125	0	1	1.7975	1.79822	16.5827	
20.1865	1	220	18.1947	1	180	17.458	1	180	0	0	0	0.105002	0.103807	0.106227	0.0695128	0	0.55739	0.188774	0.18556	0.191903	0.125	0	1	1.79782	1.79823	17.7707	
22.9806	1	285	19.8318	1	172	19.1006	1	178	0	0	0	0.110025	0.108787	0.111333	0.0695116	0	0.5574	0.197877	0.1946	0.20158	0.125	0	1	1.79847	1.79826	19.2416	
28.1396	1	584	21.8811	1	195	21.1539	1	195	0	0	0	0.115005	0.113727	0.116963	0.0695125	0	0.55737	0.206856	0.20342	0.21087	0.125	0	1	1.79868	1.79824	21.032	
138.86	1	6842	24.5332	1	226	23.8296	1	222	0	0	0	0.119998	0.118613	0.121213	0.0695152	0	0.557387	0.215819	0.211733	0.21892	0.125	0	1	1.79853	1.79817	23.2594	
9307.61	1	368243	26.8244	1	256	26.1521	1	277	0	0	0	0.124993	0.12335	0.12636	0.0695217	0	0.557307	0.224817	0.22087	0.228107	0.125	0	1	1.79863	1.798	25.0561	
