10.9098	2	35	10.862	2	26	10.0634	2	22	0	0	0	0.00499391	0.00470667	0.00535333	0.00499406	0.00470333	0.00535333	0.00895807	0.00850667	0.00958333	0.00895844	0.00850667	0.00958333	1.7938	1.79382	11.0311	
11.0068	2	42	10.9022	2	25	10.0977	2	22	0	0	0	0.0100062	0.00965667	0.0103967	0.010006	0.00965667	0.0104	0.0180478	0.0173033	0.0191	0.0180479	0.0173033	0.0191	1.80365	1.8037	11.0138	
11.0926	2	40	10.9239	2	28	10.1105	2	25	0	0	0	0.0150311	0.0144367	0.01558	0.0150309	0.0144367	0.01558	0.0270341	0.0255567	0.0287267	0.0270337	0.0255567	0.02872	1.79854	1.79854	10.9911	
11.2024	2	50	10.9498	2	27	10.1615	2	27	0	0	0	0.020063	0.0192133	0.02056	0.0200631	0.01921	0.0205567	0.0360442	0.0342933	0.03701	0.0360448	0.03429	0.0370133	1.79655	1.79658	10.9673	
11.3403	2	58	10.9929	2	30	10.1849	2	28	0	0	0	0.0250671	0.0243567	0.0257033	0.0250668	0.02436	0.0257	0.0451293	0.04357	0.04708	0.0451287	0.0435767	0.04708	1.80034	1.80034	10.9463	
11.5057	2	78	11.0336	2	35	10.2325	2	31	0	0	0	0.0300682	0.0294533	0.0308833	0.030068	0.0294533	0.03088	0.0541306	0.0524133	0.05635	0.0541301	0.0524133	0.0563467	1.80026	1.80026	10.9212	
11.7017	2	90	11.087	2	34	10.2933	2	30	0	0	0	0.0350706	0.0342667	0.0356333	0.0350701	0.03427	0.0356367	0.0631274	0.0605667	0.0646867	0.0631261	0.06057	0.06469	1.80001	1.8	10.8954	
11.985	2	136	11.1573	2	33	10.3577	2	31	0	0	0	0.0400941	0.0392067	0.0408067	0.0400931	0.0392067	0.0408067	0.0721909	0.06963	0.0743333	0.07219	0.0696233	0.0743333	1.80054	1.80056	10.8728	
12.3216	2	173	11.2368	2	34	10.4428	2	30	0	0	0	0.0450691	0.04437	0.0457367	0.0450683	0.04437	0.0457367	0.0810618	0.0796533	0.08337	0.0810599	0.0796533	0.08337	1.79861	1.7986	10.849	
12.8219	2	186	11.3333	2	37	10.5399	2	33	0	0	0	0.050078	0.0492133	0.0508633	0.0500778	0.0492133	0.05086	0.0900839	0.08822	0.0926	0.0900836	0.0882067	0.0926067	1.79887	1.79887	10.8254	
13.5139	2	380	11.4594	2	40	10.6735	2	38	0	0	0	0.055088	0.05381	0.05593	0.0550874	0.05381	0.05593	0.099037	0.0964233	0.102157	0.0990366	0.0964233	0.10217	1.7978	1.79781	10.7981	
14.6701	2	334	11.6145	2	39	10.8275	2	36	0	0	0	0.0600776	0.0591367	0.0612233	0.0600771	0.05914	0.0612233	0.108008	0.105257	0.110557	0.108007	0.10526	0.11056	1.79781	1.7978	10.7731	
16.7373	2	602	11.7831	2	41	10.9951	2	37	0	0	0	0.0651088	0.0639433	0.0663033	0.0651084	0.0639433	0.0663033	0.117116	0.115003	0.12039	0.117114	0.115003	0.12039	1.79877	1.79876	10.7441	
21.4686	2	978	12.0003	2	42	11.2191	2	42	0	0	0	0.0700993	0.06909	0.0710867	0.0700974	0.06909	0.07109	0.12604	0.12349	0.128027	0.126037	0.123537	0.12805	1.79802	1.79802	10.7145	
40.559	2	2150	12.192	2	42	11.4009	2	40	0	0	0	0.0750047	0.074184	0.075658	0.0749999	0.074182	0.075662	0.134849	0.133116	0.13705	0.134839	0.133162	0.137054	1.79787	1.79786	10.6888	
3680.12	2	109077	12.3427	2	49	11.5271	2	49	0	0	0	0.0800144	0.0791714	0.0806286	0.0796141	0.0726471	0.0808614	0.143954	0.142089	0.145639	0.143234	0.130184	0.145633	1.7991	1.7991	10.6645	
