10.444	1	31	10.4394	1	31	9.63316	1	27	0	0	0	0.00499391	0.00470667	0.00535333	0.00499401	0	0.0100933	0.00895807	0.00850667	0.00958333	0.00895828	0	0.0185467	1.7938	1.79381	10.6359	
10.4529	1	33	10.4418	1	33	9.64217	1	31	0	0	0	0.0100062	0.00965667	0.0103967	0.0100061	0	0.0202167	0.0180478	0.0173033	0.0191	0.0180479	0	0.0363967	1.80365	1.80368	10.6168	
10.4607	1	34	10.4446	1	34	9.62754	1	31	0	0	0	0.0150311	0.0144367	0.01558	0.0150311	0	0.0301567	0.0270341	0.0255567	0.0287267	0.0270339	0	0.0553	1.79854	1.79853	10.6136	
10.4445	1	34	10.4214	1	34	9.61409	1	31	0	0	0	0.020063	0.0192133	0.02056	0.0200629	0	0.04057	0.0360442	0.0342933	0.03701	0.0360447	0	0.0729167	1.79655	1.79658	10.5824	
10.4638	1	37	10.434	1	35	9.62457	1	31	0	0	0	0.0250671	0.0243567	0.0257033	0.025067	0	0.05097	0.0451293	0.04357	0.04708	0.0451293	0	0.0925033	1.80034	1.80035	10.5786	
10.4731	1	48	10.4343	1	34	9.64201	1	33	0	0	0	0.0300682	0.0294533	0.0308833	0.0300681	0	0.0606267	0.0541306	0.0524133	0.05635	0.0541302	0	0.10949	1.80026	1.80025	10.5669	
10.4773	1	42	10.4307	1	37	9.64666	1	34	0	0	0	0.0350706	0.0342667	0.0356333	0.0350703	0	0.0709233	0.0631274	0.0605667	0.0646867	0.063127	0	0.127287	1.80001	1.80001	10.5503	
10.4842	1	52	10.4279	1	37	9.63389	1	37	0	0	0	0.0400941	0.0392067	0.0408067	0.0400934	0	0.08123	0.0721909	0.06963	0.0743333	0.0721901	0	0.146963	1.80054	1.80055	10.5354	
10.4953	1	56	10.4261	1	37	9.62989	1	34	0	0	0	0.0450691	0.04437	0.0457367	0.0450686	0	0.0907967	0.0810618	0.0796533	0.08337	0.0810603	0	0.16409	1.79861	1.7986	10.5231	
10.5047	1	70	10.4257	1	46	9.64206	1	42	0	0	0	0.050078	0.0492133	0.0508633	0.0500773	0	0.101007	0.0900839	0.08822	0.0926	0.0900829	0	0.18269	1.79887	1.79888	10.5066	
10.5219	1	60	10.4291	1	37	9.64144	1	37	0	0	0	0.055088	0.05381	0.05593	0.0550871	0	0.110517	0.099037	0.0964233	0.102157	0.0990361	0	0.198823	1.7978	1.79781	10.4984	
10.5336	1	85	10.4261	1	39	9.63539	1	35	0	0	0	0.0600776	0.0591367	0.0612233	0.0600773	0	0.121447	0.108008	0.105257	0.110557	0.108008	0	0.219137	1.79781	1.79781	10.4824	
10.5527	1	85	10.4254	1	38	9.63863	1	38	0	0	0	0.0651088	0.0639433	0.0663033	0.0651081	0	0.13092	0.117116	0.115003	0.12039	0.117115	0	0.23671	1.79877	1.79878	10.4646	
10.5666	1	90	10.4238	1	40	9.63873	1	38	0	0	0	0.0700993	0.06909	0.0710867	0.0700989	0	0.140907	0.12604	0.12349	0.128027	0.126039	0	0.252493	1.79802	1.79802	10.4489	
10.5991	1	78	10.4304	1	43	9.64664	1	39	0	0	0	0.0750704	0.0737533	0.0761233	0.0750701	0	0.150787	0.134951	0.131883	0.138263	0.13495	0	0.271593	1.79766	1.79765	10.4385	
10.6177	1	128	10.4265	1	43	9.64444	1	39	0	0	0	0.0800622	0.0788467	0.08103	0.0800617	0	0.160777	0.143965	0.14126	0.147247	0.143963	0	0.291657	1.79816	1.79815	10.4189	
10.6551	1	103	10.4286	1	40	9.6381	1	39	0	0	0	0.0850491	0.08395	0.08618	0.0850494	0	0.170403	0.152908	0.149993	0.157033	0.152907	0	0.307617	1.79788	1.79786	10.4044	
10.7037	1	181	10.4314	1	42	9.64484	1	41	0	0	0	0.0900403	0.0884633	0.0911533	0.0900404	0	0.181337	0.16192	0.158507	0.16582	0.161919	0	0.326887	1.7983	1.79829	10.3878	
10.7486	1	142	10.4389	1	44	9.65315	1	41	0	0	0	0.0950421	0.0937233	0.0968	0.0950416	0	0.190933	0.170927	0.16837	0.174373	0.170926	0	0.34298	1.79843	1.79843	10.377	
10.8202	1	203	10.438	1	43	9.66029	1	41	0	0	0	0.100013	0.0985333	0.100963	0.100014	0	0.20094	0.17977	0.175713	0.182563	0.179771	0	0.36232	1.79746	1.79747	10.3578	
10.9039	1	207	10.4364	1	54	9.6595	1	54	0	0	0	0.105002	0.103497	0.10623	0.105003	0	0.211673	0.188772	0.18511	0.191487	0.188773	0	0.380807	1.7978	1.79779	10.339	
11.0426	1	255	10.4501	1	59	9.67215	1	55	0	0	0	0.110025	0.108803	0.110933	0.110027	0	0.220957	0.197865	0.193943	0.200563	0.197869	0	0.397047	1.79837	1.79837	10.3257	
11.1876	1	325	10.4576	1	45	9.67631	1	45	0	0	0	0.115005	0.113697	0.116357	0.115006	0	0.230957	0.206852	0.203757	0.2091	0.206852	0	0.415357	1.79864	1.79862	10.3115	
11.5182	1	394	10.465	1	46	9.68881	1	43	0	0	0	0.119998	0.118283	0.122007	0.119999	0	0.240777	0.215831	0.212617	0.219593	0.215833	0	0.433163	1.79862	1.79863	10.2955	
12.1231	1	523	10.4786	1	45	9.69349	1	42	0	0	0	0.124993	0.123113	0.12644	0.124993	0	0.251303	0.224807	0.220247	0.228537	0.224808	0	0.452757	1.79855	1.79856	10.2787	
14.2495	1	1468	10.4873	1	49	9.70903	1	49	0	0	0	0.12993	0.128867	0.131605	0.12993	0	0.26066	0.233931	0.231203	0.23676	0.23393	0	0.468168	1.80043	1.80042	10.2642	
245.314	1	18523	10.493	1	54	9.71637	1	53	0	0	0	0.134978	0.134191	0.135999	0.134948	0	0.270964	0.242902	0.240586	0.245516	0.242847	0	0.486951	1.79957	1.79957	10.2448	
