21.219	5	56	21.2163	5	56	20.8143	5	56	0.0339685	0	4	0.00499391	0.00467667	0.00542	0.00499385	0.00467667	0.00542	0.00697302	0.00645	0.00752667	0.00697292	0.00645	0.00752667	1.39631	1.3963	6.24788	
21.315	5	57	21.3086	5	57	20.8897	5	55	0.0687903	0	4	0.0100062	0.00967667	0.0104433	0.010006	0.00967667	0.0104433	0.014022	0.01365	0.0149067	0.0140218	0.01365	0.0149067	1.40133	1.40134	6.24965	
21.4124	5	58	21.4032	5	58	21.0007	5	57	0.100042	0	6	0.0150311	0.0145533	0.01544	0.0150309	0.01455	0.01544	0.0210356	0.0203867	0.0217467	0.0210354	0.0203833	0.0217467	1.39947	1.39947	6.2553	
21.4846	5	63	21.4722	5	62	21.0491	5	60	0.1317	0	6	0.020063	0.0194333	0.0205867	0.0200626	0.0194333	0.0205933	0.0280604	0.0270267	0.0289667	0.0280597	0.02703	0.0289667	1.39861	1.39861	6.25064	
21.5802	5	68	21.5643	5	68	21.1565	5	66	0.160997	0	7	0.0250671	0.0244467	0.02561	0.0250669	0.0244467	0.0256067	0.0350995	0.0341933	0.0359733	0.0350991	0.0342	0.0359733	1.40022	1.40022	6.25167	
21.7016	5	73	21.6829	5	70	21.2701	5	68	0.188545	0	6	0.0300682	0.02923	0.0307	0.0300676	0.0292333	0.0307033	0.0420955	0.04075	0.0432967	0.0420941	0.04076	0.0432867	1.4	1.39998	6.26044	
21.7594	5	66	21.7372	5	65	21.3149	5	65	0.213306	0	8	0.0350706	0.0343533	0.0359967	0.0350701	0.03435	0.03599	0.049093	0.0478067	0.0504267	0.0490927	0.0478133	0.05042	1.39983	1.39984	6.24549	
21.8623	5	74	21.8365	5	74	21.4178	5	72	0.23826	0	7	0.0400941	0.03927	0.04098	0.0400932	0.03927	0.0409767	0.0561356	0.05498	0.0572133	0.0561347	0.0549733	0.0572133	1.4001	1.40011	6.24039	
21.9953	5	78	21.966	5	78	21.5476	5	78	0.258899	0	7	0.0450691	0.0441833	0.04604	0.0450681	0.04419	0.0460433	0.0630745	0.0612133	0.06476	0.0630732	0.06121	0.06477	1.39951	1.39951	6.24211	
22.1632	5	79	22.1311	5	79	21.7278	5	79	0.279197	0	7	0.050078	0.04926	0.0509233	0.050077	0.04926	0.0509167	0.0700785	0.0687533	0.07205	0.070078	0.0687533	0.0720367	1.39939	1.3994	6.24916	
22.3426	5	87	22.3061	5	86	21.882	5	86	0.297846	0	7	0.055088	0.05404	0.0560233	0.0550868	0.0540333	0.0560233	0.0770665	0.0752867	0.0792233	0.0770647	0.07528	0.0792233	1.39897	1.39897	6.24899	
22.5596	5	93	22.5194	5	93	22.1088	5	91	0.315615	0	7	0.0600776	0.0592333	0.06118	0.0600777	0.05922	0.0611833	0.0840478	0.0824567	0.0854633	0.0840472	0.08246	0.0854567	1.39899	1.39897	6.24748	
22.8413	5	105	22.7974	5	105	22.388	5	105	0.330882	0	7	0.0651088	0.0637367	0.06637	0.0651085	0.0637367	0.0663733	0.0911061	0.0885167	0.0932433	0.0911056	0.0885167	0.0932533	1.39929	1.39929	6.24862	
23.2275	5	183	23.178	5	183	22.7531	5	183	0.342934	0	7	0.0700993	0.06932	0.0712667	0.0700984	0.06931	0.0712667	0.0980728	0.09642	0.100567	0.098072	0.09642	0.100567	1.39906	1.39906	6.24713	
23.8987	5	203	23.8401	5	203	23.4226	5	203	0.354827	0	7	0.0750704	0.0738133	0.0763133	0.0750701	0.0738167	0.0763133	0.105011	0.102667	0.107347	0.105011	0.10267	0.107347	1.39884	1.39883	6.25168	
25.04	5	308	24.9321	5	262	24.511	5	262	0.365273	0	8	0.0800622	0.0791033	0.0814067	0.080063	0.0791067	0.0814067	0.112014	0.110573	0.113753	0.112015	0.110573	0.113753	1.39909	1.39909	6.2491	
29.9204	5	900	28.0231	5	373	27.498	5	368	0.372624	0	9	0.0850505	0.08406	0.0860967	0.0850515	0.08406	0.0860933	0.118974	0.117367	0.12069	0.118974	0.117377	0.120703	1.39886	1.39885	6.24892	
4187.69	5	127466	33.9939	5	498	32.1367	5	498	0.380019	0	8	0.0895009	0.08007	0.0908029	0.0895006	0.0800657	0.0908057	0.125284	0.111789	0.127263	0.125284	0.111786	0.127264	1.39981	1.39981	6.26682	
