21.2936	5	54	21.2909	5	54	20.8873	5	52	0.0677597	0	5	0.00499391	0.00467667	0.00542	0.00499401	0	0.0405067	0.00697302	0.00645	0.00752667	0.00697328	0	0.05676	1.39631	1.39633	6.2506	
21.4314	5	55	21.425	5	55	21.0129	5	53	0.133713	0	6	0.0100062	0.00967667	0.0104433	0.010006	0	0.0807	0.014022	0.01365	0.0149067	0.0140217	0	0.113253	1.40133	1.40133	6.24306	
21.5953	5	61	21.586	5	61	21.1876	5	59	0.190895	0	7	0.0150311	0.0145533	0.01544	0.0150309	0	0.12143	0.0210356	0.0203867	0.0217467	0.0210353	0	0.170217	1.39947	1.39947	6.24706	
21.7717	5	64	21.7593	5	64	21.3512	5	62	0.243647	0	7	0.020063	0.0194367	0.0205867	0.0200625	0	0.16218	0.0280604	0.0270267	0.0289667	0.0280595	0	0.226653	1.39861	1.39861	6.25197	
21.9664	5	63	21.9504	5	63	21.5514	5	61	0.290414	0	7	0.0250671	0.02444	0.02561	0.0250664	0	0.20186	0.0350995	0.0342033	0.0359867	0.0350986	0	0.282863	1.40022	1.40023	6.25779	
22.1464	5	63	22.1277	5	63	21.7121	5	63	0.332687	0	7	0.0300682	0.0292233	0.0307033	0.0300677	0	0.24255	0.0420955	0.04075	0.0432867	0.0420948	0	0.339877	1.4	1.4	6.25125	
22.3681	5	66	22.3459	5	64	21.9512	5	63	0.368151	0	8	0.0350706	0.0343433	0.03598	0.0350701	0	0.281987	0.049093	0.0478133	0.05041	0.0490925	0	0.395687	1.39983	1.39984	6.2506	
22.6679	5	76	22.6419	5	76	22.2476	5	76	0.399307	0	8	0.0400941	0.03925	0.0409967	0.0400931	0	0.322677	0.0561356	0.0549233	0.0572133	0.0561345	0	0.45241	1.4001	1.4001	6.256	
22.9612	5	82	22.9318	5	82	22.5521	5	81	0.422313	0	8	0.0450691	0.0441233	0.0460433	0.045068	0	0.36245	0.0630745	0.06129	0.0647033	0.0630728	0	0.50765	1.39951	1.3995	6.24779	
23.3873	5	93	23.3552	5	92	22.9686	5	92	0.441607	0	8	0.050078	0.04932	0.05095	0.0500765	0	0.402493	0.0700785	0.06882	0.0721433	0.0700767	0	0.564103	1.39939	1.39939	6.25197	
23.9097	5	95	23.8735	5	94	23.4831	5	92	0.454802	0	9	0.055088	0.05401	0.0560233	0.0550866	0	0.443107	0.0770665	0.0753433	0.07927	0.0770642	0	0.620137	1.39897	1.39897	6.25006	
24.6416	5	124	24.6017	5	124	24.2255	5	124	0.462102	0	8	0.0600776	0.0592733	0.06124	0.060077	0	0.48332	0.0840478	0.0824333	0.0853733	0.0840464	0	0.67596	1.39899	1.39898	6.24914	
25.7189	5	205	25.6753	5	205	25.3074	5	205	0.465607	0	8	0.0651088	0.0638767	0.0664433	0.0651078	0	0.523463	0.0911061	0.0887433	0.0934633	0.0911043	0	0.731753	1.39929	1.39929	6.24935	
27.6078	5	287	27.557	5	287	27.1882	5	287	0.462922	0	8	0.0700993	0.06893	0.0708867	0.0700985	0	0.563053	0.0980728	0.09605	0.100053	0.0980723	0	0.787507	1.39906	1.39906	6.25057	
32.2802	5	1237	31.9881	5	1237	31.5956	5	1237	0.456077	0	9	0.0750704	0.07366	0.0764833	0.075072	0	0.603057	0.105011	0.102373	0.107567	0.105013	0	0.842943	1.39884	1.39883	6.24536	
7111.35	5	147256	75.2171	5	3821	71.8011	5	3816	0.448192	0	10	0.0792516	0.0692386	0.0807571	0.079253	0	0.635556	0.110912	0.0967814	0.113027	0.110914	0	0.88921	1.3995	1.39949	6.25672	
