17.5257	5	39	17.5229	5	39	17.1272	5	39	0.0246863	0	5	0.00499391	0.00467667	0.00542	0.00499391	0.00467667	0.00542	0.00697302	0.00645	0.00752667	0.00697302	0.00645	0.00752667	1.39631	1.39631	5.01304	
17.6081	5	45	17.6017	5	43	17.2026	5	41	0.0510722	0	9	0.0100062	0.00967667	0.0104433	0.010006	0.00967667	0.0104433	0.014022	0.01365	0.0149067	0.0140217	0.01365	0.0149067	1.40133	1.40133	5.00448	
17.7028	5	43	17.6935	5	42	17.2928	5	41	0.0767815	0	9	0.0150311	0.0145533	0.01544	0.0150308	0.01455	0.01544	0.0210356	0.0203867	0.0217467	0.0210351	0.0203833	0.0217467	1.39947	1.39947	5.00117	
17.8198	5	46	17.8074	5	46	17.3877	5	45	0.101779	0	11	0.020063	0.0194333	0.0205867	0.0200624	0.0194333	0.0205933	0.0280604	0.0270267	0.0289667	0.0280597	0.02703	0.0289667	1.39861	1.39862	5.00258	
17.9593	5	56	17.9434	5	56	17.5312	5	54	0.130705	0	10	0.0250671	0.02444	0.02561	0.0250666	0.02444	0.0256067	0.0350995	0.0342033	0.0359833	0.0350986	0.0342067	0.0359833	1.40022	1.40021	5.00359	
18.0903	5	60	18.0717	5	60	17.6589	5	58	0.153708	0	10	0.0300682	0.02921	0.03069	0.0300677	0.0292133	0.0306933	0.0420955	0.04073	0.0432767	0.0420946	0.04074	0.0432667	1.4	1.4	5.00091	
18.2613	5	60	18.2391	5	60	17.8125	5	60	0.178531	0	11	0.0350706	0.0343567	0.0359933	0.0350697	0.0343467	0.0359933	0.049093	0.04784	0.05039	0.0490917	0.0478467	0.0503833	1.39983	1.39983	5.00319	
18.44	5	67	18.4141	5	67	17.9932	5	67	0.204458	0	11	0.0400941	0.0392433	0.04098	0.0400931	0.0392367	0.0409767	0.0561356	0.05491	0.05725	0.0561345	0.0549033	0.05725	1.4001	1.4001	4.99994	
18.6791	5	70	18.6497	5	69	18.2311	5	69	0.228444	0	11	0.0450691	0.0441467	0.0460367	0.0450684	0.0441233	0.04604	0.0630745	0.0612633	0.0647367	0.063073	0.06126	0.0647467	1.39951	1.39949	5.00379	
18.9242	5	82	18.892	5	82	18.4777	5	82	0.251045	0	11	0.050078	0.0493333	0.0509867	0.0500768	0.0493333	0.05098	0.0700785	0.06882	0.0721667	0.070077	0.06882	0.0721533	1.39939	1.39939	4.99975	
19.242	5	88	19.2056	5	88	18.7994	5	88	0.27388	0	11	0.055088	0.05415	0.0559467	0.0550866	0.05415	0.0559433	0.0770665	0.0754567	0.0791533	0.0770641	0.0754567	0.0791567	1.39897	1.39896	5.00179	
19.634	5	101	19.594	5	101	19.1829	5	99	0.294378	0	12	0.0600776	0.0592533	0.0610467	0.0600766	0.0592567	0.0610467	0.0840478	0.0824	0.0854367	0.0840459	0.0824167	0.08543	1.39899	1.39898	5.00254	
20.126	5	114	20.0822	5	114	19.6748	5	112	0.315272	0	11	0.0651088	0.0639267	0.0664367	0.0651084	0.0639267	0.0664367	0.0911061	0.0886933	0.0933367	0.0911055	0.0886933	0.09335	1.39929	1.39929	5.00157	
20.792	5	160	20.7431	5	160	20.3353	5	160	0.336776	0	12	0.0700993	0.0693833	0.0713867	0.0700983	0.0693833	0.0713867	0.0980728	0.0965867	0.10084	0.0980721	0.0965733	0.10084	1.39906	1.39907	4.99965	
21.6582	5	205	21.6031	5	205	21.199	5	203	0.354654	0	11	0.0750704	0.07391	0.07633	0.0750696	0.0739133	0.0763267	0.105011	0.10284	0.107127	0.10501	0.102843	0.10712	1.39884	1.39884	5.00115	
22.8406	5	182	22.7755	5	182	22.3652	5	182	0.372286	0	12	0.0800622	0.07883	0.0814	0.0800612	0.0788267	0.0813967	0.112014	0.109977	0.113713	0.112013	0.109973	0.113713	1.39909	1.39909	5	
24.5709	5	267	24.4841	5	267	24.0845	5	265	0.390352	0	11	0.0850491	0.0842067	0.08628	0.0850502	0.0842033	0.08628	0.118972	0.1174	0.120913	0.118973	0.117397	0.120897	1.39886	1.39885	5.00116	
26.8343	5	330	26.6837	5	316	26.2525	5	316	0.405514	0	11	0.0900403	0.08845	0.09126	0.0900393	0.08845	0.0912567	0.12598	0.123023	0.127947	0.125979	0.123023	0.127943	1.39915	1.39916	4.99854	
30.3206	5	429	29.9278	5	411	29.4383	5	411	0.417388	0	11	0.0950424	0.09398	0.0969367	0.0950428	0.0939833	0.0969367	0.132973	0.13107	0.13559	0.132973	0.131053	0.13559	1.39909	1.39908	4.99983	
35.525	5	881	33.9628	5	587	33.3014	5	587	0.42686	0	11	0.100014	0.09883	0.101267	0.100014	0.0988333	0.101263	0.139894	0.13843	0.14178	0.139895	0.13844	0.141767	1.39875	1.39875	4.99757	
59.0564	5	3105	40.5667	5	697	39.4438	5	697	0.436534	0	11	0.104984	0.103932	0.106014	0.104984	0.103936	0.106022	0.146933	0.1453	0.148654	0.146933	0.145312	0.148662	1.39957	1.39957	4.99958	
10864.9	5	369462	48.6121	5	833	45.3697	5	833	0.443771	0	10	0.10867	0.0800386	0.110886	0.108668	0.0800371	0.110886	0.152147	0.112266	0.155071	0.152146	0.112269	0.155074	1.40009	1.40009	5.00157	
