28.0212	23	46	28.0184	23	46	27.6063	23	46	0.0396942	0	9	0.00499391	0.00467667	0.00542	0.0049938	0.00467667	0.00542	0.00697302	0.00645	0.00752667	0.00697297	0.00645	0.00752667	1.39631	1.39632	8.49242	
28.2092	23	53	28.2028	23	51	27.7888	23	49	0.0846502	0	11	0.0100062	0.00967667	0.0104433	0.010006	0.00967667	0.0104433	0.014022	0.01365	0.0149067	0.0140218	0.01365	0.01491	1.40133	1.40134	8.49647	
28.3843	23	57	28.3751	23	55	27.9546	23	53	0.125659	0	13	0.0150311	0.0145533	0.0154367	0.0150307	0.01455	0.0154367	0.0210356	0.0203833	0.0217367	0.0210349	0.0203833	0.0217367	1.39947	1.39947	8.49719	
28.5849	23	58	28.5725	23	58	28.1525	23	56	0.166782	0	12	0.020063	0.0194367	0.02059	0.0200619	0.0194367	0.0205967	0.0280604	0.0270267	0.0289667	0.0280593	0.02703	0.0289667	1.39861	1.39863	8.49792	
28.8081	23	62	28.7921	23	62	28.3628	23	60	0.210298	0	13	0.0250671	0.0244433	0.02561	0.0250664	0.0244433	0.0256067	0.0350995	0.0341833	0.03599	0.0350987	0.0341967	0.03599	1.40022	1.40023	8.49776	
29.0609	23	65	29.0422	23	65	28.6151	23	65	0.246038	0	13	0.0300682	0.02922	0.03068	0.0300677	0.02922	0.0306833	0.0420955	0.0407333	0.04329	0.0420945	0.04074	0.0432833	1.4	1.39999	8.49947	
29.3426	23	66	29.3203	23	65	28.8989	23	65	0.28274	0	13	0.0350706	0.0343433	0.0359967	0.0350695	0.0343333	0.0359967	0.049093	0.0477967	0.0504133	0.0490912	0.0478033	0.0504067	1.39983	1.39982	8.49915	
29.6721	23	81	29.6462	23	80	29.2229	23	80	0.318093	0	13	0.0400941	0.03922	0.0409767	0.0400932	0.0392133	0.0409733	0.0561356	0.0548667	0.05719	0.0561344	0.05486	0.0571833	1.4001	1.4001	8.49881	
30.0465	23	104	30.0171	23	104	29.5996	23	104	0.348123	0	14	0.0450691	0.04414	0.0460733	0.0450674	0.0441167	0.0460767	0.0630745	0.0612133	0.0647733	0.0630719	0.06121	0.0647833	1.39951	1.3995	8.49712	
30.5113	23	92	30.4791	23	92	30.0621	23	92	0.377016	0	13	0.050078	0.0493367	0.051	0.0500766	0.0493367	0.051	0.0700785	0.06881	0.0722333	0.0700768	0.06881	0.07223	1.39939	1.39939	8.49851	
31.0992	23	117	31.0626	23	117	30.6505	23	117	0.403534	0	14	0.055088	0.0541467	0.0560167	0.0550862	0.0541433	0.0560133	0.0770665	0.0754267	0.07919	0.0770638	0.0754233	0.0791867	1.39897	1.39897	8.4991	
31.8071	23	134	31.7665	23	134	31.3544	23	134	0.427056	0	14	0.0600776	0.0592433	0.0610667	0.0600768	0.0592333	0.0610733	0.0840478	0.0824567	0.08536	0.0840467	0.0824667	0.0853533	1.39899	1.39899	8.4993	
32.7806	23	159	32.736	23	159	32.3352	23	157	0.448593	0	13	0.0651088	0.06382	0.0663	0.0651078	0.0638233	0.0663033	0.0911061	0.0886067	0.0930867	0.091105	0.08861	0.0931033	1.39929	1.3993	8.49828	
34.1208	23	215	34.0695	23	215	33.6718	23	215	0.46711	0	14	0.0700993	0.0691067	0.07114	0.0700989	0.0690967	0.0711433	0.0980728	0.09624	0.10056	0.0980727	0.0962367	0.100563	1.39906	1.39906	8.50139	
35.9884	23	443	35.9203	23	430	35.5312	23	428	0.482281	0	13	0.0750704	0.0737767	0.0762967	0.0750702	0.0737733	0.0762933	0.105011	0.102577	0.106597	0.105011	0.102573	0.10659	1.39884	1.39884	8.49939	
39.1419	23	422	38.9997	23	422	38.5912	23	422	0.496112	0	14	0.0800622	0.0784767	0.08179	0.0800628	0.0784667	0.0817867	0.112014	0.109723	0.114363	0.112015	0.109707	0.11436	1.39909	1.39909	8.49873	
46.2639	23	1702	44.429	23	811	43.9056	23	811	0.505567	0	13	0.0850492	0.0838533	0.08641	0.0850523	0.0838433	0.08641	0.118972	0.116527	0.121083	0.118976	0.116527	0.121093	1.39886	1.39886	8.5	
5003.95	23	459237	54.4045	23	1888	52.319	23	1888	0.515358	0	15	0.0895153	0.0606529	0.09066	0.0895169	0.0606529	0.0906629	0.125302	0.0849014	0.127023	0.125305	0.0848986	0.127023	1.39979	1.39979	8.49719	
