12.7151	2	56	12.7151	2	56	11.9002	2	53	0	0	0	0.00499391	0.00471	0.00536	0.00499396	0.00471	0.00536	0.00895208	0.00824333	0.00963	0.00895224	0.00824333	0.00963	1.7926	1.79261	12.9048	
12.7945	2	57	12.7945	2	57	11.9758	2	55	0	0	0	0.0100062	0.00962333	0.01048	0.010006	0.00962333	0.01048	0.0180378	0.0172933	0.0192367	0.0180377	0.0172933	0.0192367	1.80265	1.80269	12.9577	
12.8798	2	78	12.8796	2	78	12.0914	2	74	0	0	0	0.0150311	0.0145233	0.0156967	0.015031	0.0145233	0.0157	0.02704	0.0259333	0.0284833	0.0270398	0.0259333	0.02848	1.79893	1.79893	13.0256	
12.9922	2	76	12.9917	2	76	12.1953	2	72	0	0	0	0.020063	0.0194867	0.0205667	0.0200628	0.0194867	0.0205667	0.0360579	0.0347767	0.0372567	0.0360581	0.0347767	0.0372533	1.79723	1.79727	13.1162	
13.1098	2	76	13.1089	2	76	12.3197	2	72	0	0	0	0.0250671	0.02449	0.0257333	0.0250666	0.0244867	0.0257333	0.0451318	0.0439833	0.0464533	0.045131	0.0439833	0.0464433	1.80044	1.80045	13.2088	
13.2472	2	108	13.2456	2	108	12.4899	2	104	0	0	0	0.0300682	0.02949	0.0307167	0.0300678	0.0294933	0.0307067	0.0541228	0.0526633	0.0563	0.0541221	0.0526667	0.0562967	1.8	1.8	13.3204	
13.391	2	76	13.3888	2	76	12.595	2	72	0	0	0	0.0350706	0.0342367	0.0362133	0.0350697	0.03423	0.0362133	0.0631154	0.0612733	0.06533	0.0631134	0.0612733	0.06533	1.79966	1.79966	13.4394	
13.5636	2	106	13.5598	2	106	12.7809	2	102	0	0	0	0.0400941	0.0389867	0.0411167	0.0400934	0.0389867	0.0411167	0.072177	0.0700667	0.0745967	0.0721763	0.0700667	0.0745967	1.80019	1.8002	13.579	
13.7251	2	105	13.7204	2	105	12.9241	2	101	0	0	0	0.0450691	0.04441	0.0457233	0.0450681	0.0444167	0.0457233	0.0810798	0.07946	0.0826367	0.0810781	0.0794633	0.0826533	1.79901	1.79901	13.7091	
13.9337	2	116	13.9264	2	116	13.1417	2	112	0	0	0	0.050078	0.04917	0.05091	0.0500778	0.0491633	0.05091	0.090079	0.0880267	0.09225	0.0900774	0.0880167	0.0922467	1.79877	1.79875	13.8819	
14.1226	2	108	14.1128	2	108	13.3235	2	104	0	0	0	0.055088	0.0541533	0.0558567	0.0550871	0.05415	0.0558533	0.0990448	0.0965533	0.101737	0.0990429	0.09655	0.101733	1.79794	1.79793	14.0304	
14.3931	2	108	14.3791	2	108	13.5876	2	104	0	0	0	0.0600776	0.0585933	0.0612533	0.0600772	0.0585867	0.0612533	0.108018	0.105313	0.110653	0.108017	0.105293	0.110653	1.79797	1.79797	14.2532	
14.7032	2	111	14.6836	2	111	13.8946	2	107	0	0	0	0.0651088	0.0641933	0.06608	0.0651082	0.0641933	0.0660767	0.117103	0.115033	0.120723	0.117102	0.115047	0.120737	1.79857	1.79857	14.5077	
14.9848	2	125	14.9583	2	125	14.1918	2	121	0	0	0	0.0700993	0.0692433	0.0712167	0.0700995	0.0692467	0.0712133	0.126046	0.123663	0.128517	0.126047	0.123673	0.12853	1.79811	1.79811	14.7274	
15.3152	2	117	15.2792	2	117	14.5258	2	113	0	0	0	0.0750704	0.0737167	0.0760867	0.0750697	0.07372	0.0760833	0.134952	0.131797	0.13759	0.134951	0.1318	0.13759	1.79767	1.79768	14.9866	
15.7092	2	117	15.659	2	117	14.8952	2	117	0	0	0	0.0800622	0.0788433	0.08149	0.0800612	0.07884	0.08149	0.143966	0.141463	0.14713	0.143965	0.14146	0.14713	1.79817	1.79819	15.2891	
16.1457	2	119	16.0775	2	119	15.319	2	115	0	0	0	0.0850492	0.0838967	0.0865433	0.0850489	0.08389	0.0865533	0.152894	0.149913	0.155517	0.152891	0.149877	0.15552	1.79771	1.79769	15.6226	
16.6119	2	127	16.5195	2	127	15.7739	2	123	0	0	0	0.0900403	0.0881367	0.0912167	0.0900396	0.0881367	0.09122	0.161919	0.158543	0.16451	0.161919	0.158547	0.16451	1.7983	1.79831	15.9604	
17.1297	2	115	17.0021	2	115	16.2641	2	115	0	0	0	0.0950421	0.09396	0.0965867	0.0950416	0.0939533	0.09658	0.170904	0.16843	0.17513	0.170901	0.168457	0.175123	1.79819	1.79817	16.3239	
17.7337	2	135	17.5548	2	135	16.8329	2	131	0	0	0	0.100014	0.0985767	0.101243	0.100013	0.0985767	0.101233	0.179775	0.176603	0.18299	0.179775	0.176577	0.182967	1.7975	1.79752	16.7329	
18.4074	2	135	18.154	2	133	17.4472	2	129	0	0	0	0.105002	0.103807	0.106227	0.105002	0.103807	0.106227	0.188774	0.18556	0.191903	0.188773	0.18556	0.19189	1.79782	1.7978	17.1585	
19.1949	2	220	18.8359	2	220	18.1468	2	220	0	0	0	0.110025	0.108787	0.111333	0.110025	0.10879	0.111337	0.197877	0.1946	0.20158	0.197879	0.194617	0.201563	1.79847	1.79848	17.6146	
20.0719	2	183	19.5451	2	180	18.8439	2	180	0	0	0	0.115005	0.113727	0.116963	0.115005	0.113727	0.116987	0.206856	0.20342	0.21087	0.206857	0.20342	0.210907	1.79868	1.79868	18.0747	
21.1005	2	183	20.3246	2	172	19.6269	2	172	0	0	0	0.119998	0.118613	0.121213	0.119999	0.11861	0.121217	0.215819	0.211733	0.21892	0.215822	0.211757	0.21892	1.79853	1.79853	18.5221	
22.3714	2	207	21.164	2	183	20.5005	2	183	0	0	0	0.124993	0.12335	0.12636	0.124994	0.123343	0.126363	0.224817	0.22087	0.228107	0.224819	0.220863	0.22813	1.79863	1.79865	18.9559	
24.1412	2	393	22.1202	2	194	21.4684	2	194	0	0	0	0.129989	0.128747	0.13121	0.129988	0.128747	0.131203	0.233857	0.230573	0.237133	0.233858	0.230567	0.237107	1.79906	1.79907	19.3889	
26.3857	2	402	22.9163	2	220	22.2521	2	216	0	0	0	0.134996	0.133797	0.136793	0.134997	0.13381	0.136803	0.242939	0.23918	0.246713	0.242941	0.239157	0.246723	1.7996	1.7996	19.6549	
31.9635	2	873	23.4743	2	252	22.8409	2	248	0	0	0	0.139994	0.1387	0.142043	0.139992	0.138673	0.14205	0.251935	0.248517	0.255967	0.25193	0.248533	0.255963	1.79962	1.7996	19.6771	
694.876	2	46101	23.0985	2	299	22.4604	2	295	0	0	0	0.144978	0.1439	0.145666	0.14489	0.14051	0.145786	0.260901	0.258686	0.262636	0.26074	0.252447	0.262646	1.79959	1.79957	19.1868	
