27.5722	6	78	27.562	6	78	27.1488	6	78	0.0142674	0	2	0.00499391	0.00468333	0.00544333	0.00499385	0.00468333	0.00544333	0.00697302	0.00645	0.00757667	0.00697297	0.00645	0.00757667	1.39631	1.39631	6.24317	
27.8372	6	78	27.8139	6	78	27.4081	6	78	0.0313242	0	2	0.0100062	0.00967333	0.01041	0.010006	0.00967667	0.01041	0.014022	0.0136367	0.0148333	0.0140219	0.0136367	0.0148367	1.40133	1.40135	6.2439	
27.5722	6	78	27.562	6	78	27.1488	6	78	0.0142674	0	2	0.00499391	0.00468333	0.00544333	0.00499385	0.00468333	0.00544333	0.00697302	0.00645	0.00757667	0.00697297	0.00645	0.00757667	1.39631	1.39631	6.24317	
28.1734	6	94	28.1378	6	94	27.6917	6	94	0.046913	0	2	0.0150312	0.0145967	0.0155	0.0150308	0.0145933	0.0155	0.0210357	0.02018	0.02182	0.0210354	0.02018	0.02182	1.39947	1.39948	6.24522	
27.8372	6	78	27.8139	6	78	27.4081	6	78	0.0313242	0	2	0.0100062	0.00967333	0.01041	0.010006	0.00967667	0.01041	0.014022	0.0136367	0.0148333	0.0140219	0.0136367	0.0148367	1.40133	1.40135	6.2439	
28.1734	6	94	28.1378	6	94	27.6917	6	94	0.046913	0	2	0.0150312	0.0145967	0.0155	0.0150308	0.0145933	0.0155	0.0210357	0.02018	0.02182	0.0210354	0.02018	0.02182	1.39947	1.39948	6.24522	
28.6106	6	107	28.5585	6	107	28.1245	6	107	0.063607	0	2	0.020063	0.01934	0.0205367	0.0200626	0.01934	0.02054	0.0280604	0.0269567	0.0290567	0.0280596	0.02696	0.0290567	1.39862	1.39861	6.24587	
28.6106	6	107	28.5585	6	107	28.1245	6	107	0.063607	0	2	0.020063	0.01934	0.0205367	0.0200626	0.01934	0.02054	0.0280604	0.0269567	0.0290567	0.0280596	0.02696	0.0290567	1.39862	1.39861	6.24587	
29.2584	6	160	29.1818	6	160	28.7323	6	160	0.0785744	0	2	0.025067	0.0244767	0.0257067	0.0250667	0.0244833	0.0257033	0.0350994	0.0341533	0.03604	0.0350991	0.03415	0.0360367	1.40022	1.40023	6.24557	
29.2584	6	160	29.1818	6	160	28.7323	6	160	0.0785744	0	2	0.025067	0.0244767	0.0257067	0.0250667	0.0244833	0.0257033	0.0350994	0.0341533	0.03604	0.0350991	0.03415	0.0360367	1.40022	1.40023	6.24557	
30.2562	6	289	30.1451	6	244	29.7034	6	244	0.0919352	0	2	0.0300682	0.0293433	0.0306367	0.0300673	0.0293367	0.0306367	0.0420955	0.04109	0.04298	0.042094	0.0410833	0.0429667	1.4	1.39999	6.24673	
30.2562	6	289	30.1451	6	244	29.7034	6	244	0.0919352	0	2	0.0300682	0.0293433	0.0306367	0.0300673	0.0293367	0.0306367	0.0420955	0.04109	0.04298	0.042094	0.0410833	0.0429667	1.4	1.39999	6.24673	
32.1862	6	301	31.9574	6	263	31.4733	6	261	0.107096	0	2	0.0350706	0.0340533	0.0356467	0.0350698	0.0340433	0.03565	0.049093	0.0478367	0.0499867	0.0490918	0.0478267	0.0499833	1.39983	1.39983	6.2404	
32.1862	6	301	31.9574	6	263	31.4733	6	261	0.107096	0	2	0.0350706	0.0340533	0.0356467	0.0350698	0.0340433	0.03565	0.049093	0.0478367	0.0499867	0.0490918	0.0478267	0.0499833	1.39983	1.39983	6.2404	
37.0842	6	782	35.8261	6	421	35.1642	6	421	0.119338	0	2	0.0400944	0.0393533	0.04089	0.0400941	0.0393533	0.0408933	0.056136	0.0550333	0.05745	0.0561359	0.0550267	0.0574633	1.4001	1.4001	6.24447	
37.0842	6	782	35.8261	6	421	35.1642	6	421	0.119338	0	2	0.0400944	0.0393533	0.04089	0.0400941	0.0393533	0.0408933	0.056136	0.0550333	0.05745	0.0561359	0.0550267	0.0574633	1.4001	1.4001	6.24447	
4406.52	6	110304	47.0472	6	599	44.7166	6	599	0.128748	0	2	0.0447642	0.0405071	0.0457571	0.044764	0.0405057	0.0457557	0.0626283	0.0564786	0.06415	0.0626283	0.0564814	0.0641514	1.39907	1.39908	6.26199	
4406.52	6	110304	47.0472	6	599	44.7166	6	599	0.128748	0	2	0.0447642	0.0405071	0.0457571	0.044764	0.0405057	0.0457557	0.0626283	0.0564786	0.06415	0.0626283	0.0564814	0.0641514	1.39907	1.39908	6.26199	
