8.55424	1	28	8.54569	1	27	7.73085	1	26	0	0	0	0.00499391	0.00471	0.00536	0.00499396	0	0.0405033	0.00895208	0.00824333	0.00963	0.00895208	0	0.07301	1.7926	1.79258	8.74229	
8.58766	1	39	8.5708	1	39	7.77538	1	35	0	0	0	0.0100062	0.00962333	0.01048	0.0100061	0	0.0807033	0.0180378	0.0172933	0.0192367	0.0180377	0	0.14581	1.80265	1.80266	8.74452	
8.63462	1	40	8.60753	1	40	7.82027	1	36	0	0	0	0.0150311	0.0145233	0.0156967	0.0150309	0	0.12143	0.02704	0.0259333	0.0284833	0.0270398	0	0.219003	1.79893	1.79895	8.76922	
8.68208	1	48	8.64307	1	48	7.84258	1	44	0	0	0	0.020063	0.0194867	0.0205667	0.0200629	0	0.162187	0.0360579	0.0347767	0.0372567	0.036058	0	0.29117	1.79723	1.79725	8.78601	
8.75271	1	45	8.70346	1	45	7.91279	1	43	0	0	0	0.0250671	0.02449	0.0257333	0.0250667	0	0.201877	0.0451318	0.0439833	0.0464533	0.0451309	0	0.364073	1.80044	1.80043	8.81874	
8.79525	1	48	8.73408	1	48	7.93999	1	44	0	0	0	0.0300682	0.02949	0.0307167	0.0300681	0	0.24256	0.0541228	0.0526633	0.0563	0.0541223	0	0.437233	1.8	1.79999	8.82131	
8.859	1	51	8.7854	1	51	7.99986	1	47	0	0	0	0.0350706	0.0342367	0.0362133	0.0350699	0	0.282	0.0631154	0.0612733	0.06533	0.0631142	0	0.5094	1.79966	1.79967	8.84035	
8.92593	1	50	8.8374	1	50	8.05958	1	46	0	0	0	0.0400941	0.0389867	0.0411167	0.0400931	0	0.32267	0.072177	0.0700667	0.0745967	0.0721767	0	0.582803	1.80019	1.80023	8.85183	
9.01369	1	54	8.90868	1	54	8.14234	1	50	0	0	0	0.0450691	0.04441	0.0457233	0.0450685	0	0.362447	0.0810798	0.07946	0.0826367	0.0810782	0	0.653763	1.79901	1.799	8.87667	
9.10105	1	52	8.97845	1	50	8.21861	1	46	0	0	0	0.050078	0.04917	0.05091	0.0500771	0	0.4025	0.090079	0.0880267	0.09225	0.0900777	0	0.726193	1.79877	1.79878	8.89385	
9.1976	1	52	9.05641	1	52	8.31164	1	48	0	0	0	0.055088	0.0541533	0.0558567	0.0550863	0	0.443123	0.0990448	0.0965533	0.101737	0.0990413	0	0.7972	1.79794	1.79793	8.91509	
9.31946	1	62	9.15576	1	54	8.42139	1	52	0	0	0	0.0600776	0.0585933	0.0612533	0.0600761	0	0.48331	0.108018	0.105313	0.110653	0.108014	0	0.869483	1.79797	1.79796	8.94122	
9.45403	1	58	9.26881	1	58	8.54369	1	54	0	0	0	0.0651088	0.0641933	0.06608	0.0651108	0	0.523457	0.117103	0.115033	0.120723	0.117106	0	0.940057	1.79857	1.79857	8.97763	
9.60286	1	59	9.389	1	58	8.69194	1	54	0	0	0	0.0700993	0.0692433	0.0712167	0.0695095	0	0.557457	0.126046	0.123663	0.128517	0.125	0	1	1.79811	1.79831	9.00562	
9.77987	1	76	9.53658	1	76	8.86286	1	72	0	0	0	0.0750704	0.0737167	0.0760867	0.0695113	0	0.5574	0.134952	0.131797	0.13759	0.125	0	1	1.79767	1.79827	9.04964	
9.99955	1	82	9.7178	1	74	9.08433	1	70	0	0	0	0.0800622	0.0788433	0.08149	0.0695127	0	0.557387	0.143966	0.141463	0.14713	0.125	0	1	1.79817	1.79823	9.10379	
10.2443	1	82	9.92112	1	82	9.32865	1	78	0	0	0	0.0850492	0.0838967	0.0865433	0.0695126	0	0.557387	0.152894	0.149913	0.155517	0.125	0	1	1.79771	1.79824	9.1664	
10.5503	1	86	10.1759	1	86	9.63231	1	84	0	0	0	0.0900403	0.0881367	0.0912167	0.0695126	0	0.557397	0.161919	0.158543	0.16451	0.125	0	1	1.7983	1.79824	9.24488	
10.9282	1	91	10.4931	1	80	10.012	1	111	0	0	0	0.0950421	0.09396	0.0965867	0.0695126	0	0.55738	0.170904	0.16843	0.17513	0.125	0	1	1.79819	1.79824	9.34713	
11.4108	1	120	10.8884	1	106	10.4945	1	122	0	0	0	0.100014	0.0985767	0.101243	0.0695123	0	0.557373	0.179775	0.176603	0.18299	0.125	0	1	1.7975	1.79824	9.48959	
12.0094	1	130	11.368	1	103	11.086	1	115	0	0	0	0.105002	0.103807	0.106227	0.0695127	0	0.557393	0.188774	0.18556	0.191903	0.125	0	1	1.79782	1.79823	9.6582	
12.8595	1	193	12.05	1	115	11.8786	1	118	0	0	0	0.110025	0.108787	0.111333	0.0695117	0	0.557373	0.197877	0.1946	0.20158	0.125	0	1	1.79847	1.79826	9.9291	
14.1496	1	384	13.0102	1	146	12.9877	1	142	0	0	0	0.115005	0.113727	0.116963	0.0695129	0	0.55738	0.206856	0.20342	0.21087	0.125	0	1	1.79868	1.79823	10.3386	
16.2991	1	408	14.4439	1	156	14.6089	1	157	0	0	0	0.119998	0.118613	0.121213	0.0695118	0	0.557383	0.215819	0.211733	0.21892	0.125	0	1	1.79853	1.79826	10.9927	
21.3597	1	968	16.9538	1	171	17.2738	1	171	0	0	0	0.124993	0.12335	0.12636	0.0695122	0	0.557397	0.224817	0.22087	0.228107	0.125	0	1	1.79863	1.79824	12.2369	
57.2526	1	3415	22.2952	1	235	22.7458	1	254	0	0	0	0.129989	0.128747	0.13121	0.0695102	0	0.557407	0.233857	0.230573	0.237133	0.125	0	1	1.79906	1.7983	15.1488	
15533.7	1	547191	27.8156	1	408	28.1481	1	408	0	0	0	0.134996	0.133797	0.136793	0.0695377	0	0.55729	0.242939	0.23918	0.246713	0.125	0	1	1.7996	1.79759	18.3899	
