8.96814	3	30	8.96343	3	30	8.15353	3	28	0	0	0	0.00499391	0.00471	0.00536	0.00499401	0.00471	0.00536	0.00895208	0.00824333	0.00963	0.00895229	0.00824333	0.00963	1.7926	1.79261	9.16085	
9.05898	3	33	9.04849	3	33	8.23078	3	29	0	0	0	0.0100062	0.00962333	0.01048	0.0100061	0.00962333	0.01048	0.0180378	0.0172933	0.0192367	0.0180377	0.0172933	0.0192367	1.80265	1.80267	9.22443	
9.12317	3	34	9.10793	3	34	8.31271	3	30	0	0	0	0.0150311	0.0145233	0.0156967	0.015031	0.0145233	0.0156967	0.02704	0.0259333	0.0284833	0.0270397	0.0259333	0.0284833	1.79893	1.79893	9.27685	
9.18962	3	33	9.1673	3	33	8.36843	3	30	0	0	0	0.020063	0.0194867	0.0205667	0.0200629	0.0194867	0.0205667	0.0360579	0.0347767	0.0372567	0.0360583	0.0347767	0.0372567	1.79723	1.79726	9.32689	
9.26239	3	34	9.2345	3	34	8.436	3	30	0	0	0	0.0250671	0.02449	0.0257333	0.0250669	0.0244867	0.0257367	0.0451318	0.0439833	0.0464533	0.0451318	0.0439833	0.0464567	1.80044	1.80046	9.38034	
9.33724	3	37	9.30276	3	37	8.51669	3	37	0	0	0	0.0300682	0.02949	0.0307167	0.0300678	0.0294933	0.0307067	0.0541228	0.0526633	0.0563	0.0541219	0.0526667	0.0563	1.8	1.79999	9.43704	
9.39073	3	39	9.34913	3	39	8.55466	3	35	0	0	0	0.0350706	0.0342367	0.0362133	0.03507	0.0342333	0.0362133	0.0631154	0.0612733	0.06533	0.0631146	0.0612733	0.06533	1.79966	1.79968	9.47267	
9.46045	3	44	9.41242	3	44	8.61223	3	44	0	0	0	0.0400941	0.0389867	0.0411167	0.0400938	0.0389867	0.04112	0.072177	0.0700667	0.0745967	0.0721765	0.0700667	0.0746	1.80019	1.80019	9.52488	
9.52439	3	49	9.46682	3	49	8.66632	3	45	0	0	0	0.0450691	0.04441	0.0457233	0.0450683	0.0444133	0.0457233	0.0810798	0.07946	0.0826367	0.0810781	0.0794633	0.08265	1.79901	1.79901	9.56728	
9.59423	3	52	9.52926	3	52	8.73404	3	48	0	0	0	0.050078	0.04917	0.05091	0.0500777	0.04916	0.05091	0.090079	0.0880267	0.09225	0.090078	0.0880167	0.0922467	1.79877	1.79876	9.61853	
9.65669	3	46	9.58155	3	46	8.78029	3	42	0	0	0	0.055088	0.0541533	0.0558567	0.0550874	0.05415	0.0558533	0.0990448	0.0965533	0.101737	0.0990435	0.09655	0.101733	1.79794	1.79793	9.66126	
9.73393	3	44	9.64981	3	44	8.84996	3	40	0	0	0	0.0600776	0.0585933	0.0612533	0.0600772	0.05859	0.06125	0.108018	0.105313	0.110653	0.108017	0.105297	0.11065	1.79797	1.79796	9.71353	
9.81595	3	47	9.72013	3	47	8.92144	3	46	0	0	0	0.0651088	0.0641933	0.06608	0.0651086	0.0641933	0.0660767	0.117103	0.115033	0.120723	0.117103	0.115043	0.120737	1.79857	1.79858	9.77231	
9.87496	3	48	9.76836	3	48	8.97701	3	47	0	0	0	0.0700993	0.0692433	0.0712167	0.070099	0.0692467	0.07121	0.126046	0.123663	0.128517	0.126046	0.123673	0.128537	1.79811	1.79812	9.80879	
9.9368	3	47	9.81553	3	47	9.01844	3	46	0	0	0	0.0750704	0.0737167	0.0760867	0.0750706	0.0737167	0.0760867	0.134952	0.131797	0.13759	0.134952	0.131797	0.13759	1.79767	1.79767	9.84523	
10.0056	3	56	9.8719	3	56	9.07435	3	56	0	0	0	0.0800622	0.0788433	0.08149	0.0800623	0.07884	0.08149	0.143966	0.141463	0.14713	0.143967	0.14147	0.14713	1.79817	1.79818	9.8878	
10.0777	3	51	9.93011	3	51	9.13135	3	51	0	0	0	0.0850492	0.0838967	0.0865433	0.085049	0.0838967	0.0865467	0.152894	0.149913	0.155517	0.152893	0.149897	0.155517	1.79771	1.7977	9.935	
10.1523	3	48	9.98759	3	48	9.19407	3	48	0	0	0	0.0900403	0.0881367	0.0912167	0.0900405	0.0881367	0.0912167	0.161919	0.158543	0.16451	0.16192	0.158537	0.164513	1.7983	1.7983	9.97452	
10.2133	3	64	10.0329	3	51	9.23623	3	51	0	0	0	0.0950421	0.09396	0.0965867	0.0950424	0.0939533	0.0965867	0.170904	0.16843	0.17513	0.170904	0.168453	0.175127	1.79819	1.79818	10.0059	
10.2895	3	55	10.0894	3	55	9.29445	3	55	0	0	0	0.100014	0.0985767	0.101243	0.100014	0.0985867	0.10124	0.179775	0.176603	0.18299	0.179777	0.176613	0.182987	1.7975	1.79751	10.0511	
10.3621	3	57	10.139	3	57	9.33896	3	57	0	0	0	0.105002	0.103807	0.106227	0.105002	0.10381	0.106237	0.188774	0.18556	0.191903	0.188775	0.185557	0.191893	1.79782	1.79782	10.0833	
10.4366	3	67	10.1931	3	62	9.39631	3	58	0	0	0	0.110025	0.108787	0.111333	0.110026	0.108787	0.111333	0.197877	0.1946	0.20158	0.197879	0.194613	0.201577	1.79847	1.79848	10.1248	
10.5217	3	66	10.2512	3	55	9.45155	3	53	0	0	0	0.115005	0.113727	0.116963	0.115005	0.113727	0.116977	0.206856	0.20342	0.21087	0.206857	0.20342	0.210897	1.79868	1.79868	10.1644	
10.5899	3	71	10.2923	3	71	9.49239	3	67	0	0	0	0.119998	0.118613	0.121213	0.119998	0.118613	0.12121	0.215819	0.211733	0.21892	0.215821	0.211747	0.21893	1.79853	1.79854	10.1914	
10.676	3	73	10.3498	3	67	9.55415	3	67	0	0	0	0.124993	0.12335	0.12636	0.124993	0.123347	0.12636	0.224817	0.22087	0.228107	0.224818	0.220867	0.22812	1.79863	1.79864	10.2305	
10.7651	3	71	10.404	3	62	9.60352	3	62	0	0	0	0.129989	0.128747	0.13121	0.129989	0.128743	0.131207	0.233857	0.230573	0.237133	0.233859	0.23057	0.23716	1.79906	1.79907	10.2678	
10.8448	3	62	10.4474	3	58	9.64581	3	58	0	0	0	0.134996	0.133797	0.136793	0.134995	0.133797	0.136793	0.242939	0.23918	0.246713	0.242939	0.239177	0.246713	1.7996	1.79961	10.2928	
10.9363	3	83	10.5	3	82	9.70438	3	78	0	0	0	0.139994	0.1387	0.142043	0.139993	0.13869	0.142037	0.251935	0.248517	0.255967	0.251934	0.248527	0.255963	1.79962	1.79962	10.3277	
11.0348	3	76	10.5487	3	76	9.7477	3	76	0	0	0	0.14498	0.1435	0.146687	0.14498	0.1435	0.14669	0.260957	0.257767	0.264273	0.260957	0.257767	0.264277	1.79996	1.79995	10.3577	
11.1382	3	85	10.5985	3	60	9.80293	3	56	0	0	0	0.149981	0.14896	0.151417	0.149982	0.148957	0.15141	0.270074	0.265633	0.274083	0.270077	0.26565	0.274073	1.80072	1.80073	10.3882	
11.2538	3	87	10.6516	3	67	9.85519	3	67	0	0	0	0.154962	0.153983	0.15644	0.154963	0.153983	0.156443	0.279055	0.27535	0.282653	0.279056	0.275347	0.28267	1.80079	1.80079	10.415	
11.3599	3	109	10.693	3	89	9.89325	3	89	0	0	0	0.159973	0.15789	0.16147	0.159974	0.157887	0.16147	0.288068	0.28388	0.291447	0.288068	0.283873	0.291447	1.80072	1.80072	10.4389	
11.4876	3	98	10.7444	3	79	9.9458	3	79	0	0	0	0.164998	0.16387	0.166513	0.164998	0.163867	0.166507	0.297156	0.29383	0.300683	0.297158	0.293863	0.300687	1.80097	1.80097	10.4666	
11.6267	3	112	10.7928	3	75	9.99858	3	75	0	0	0	0.170008	0.168587	0.171523	0.170007	0.168577	0.171523	0.306168	0.30249	0.30979	0.30617	0.302487	0.309793	1.80091	1.80092	10.4954	
11.7817	3	103	10.8343	3	71	10.0361	3	70	0	0	0	0.175015	0.17378	0.176443	0.175016	0.17378	0.176433	0.315161	0.309647	0.319467	0.315162	0.309687	0.319483	1.80077	1.80076	10.5152	
11.9434	3	115	10.8829	3	83	10.0912	3	83	0	0	0	0.180034	0.178163	0.18141	0.180036	0.178163	0.18141	0.324183	0.32065	0.327567	0.324184	0.320653	0.32758	1.80068	1.80067	10.5375	
12.136	3	153	10.931	3	82	10.1327	3	78	0	0	0	0.185041	0.1837	0.186537	0.185044	0.183713	0.186543	0.333238	0.329753	0.336673	0.333244	0.329793	0.33673	1.80089	1.80089	10.562	
12.3808	3	163	10.9787	3	84	10.1826	3	84	0	0	0	0.190052	0.188987	0.191353	0.190054	0.188993	0.191353	0.342298	0.3384	0.345987	0.342301	0.338407	0.345967	1.80108	1.80108	10.5805	
12.6229	3	178	11.023	3	76	10.2238	3	76	0	0	0	0.195077	0.19343	0.196657	0.195077	0.193433	0.19667	0.351373	0.34831	0.3549	0.351372	0.348333	0.354897	1.8012	1.8012	10.601	
12.9532	3	239	11.0722	3	76	10.273	3	76	0	0	0	0.200077	0.198647	0.202083	0.200077	0.198637	0.202093	0.360248	0.356233	0.365297	0.36025	0.356237	0.365307	1.80055	1.80056	10.6213	
13.3762	3	220	11.1167	3	79	10.3197	3	79	0	0	0	0.20508	0.20363	0.206777	0.205079	0.203637	0.206773	0.369223	0.36587	0.372783	0.36922	0.365867	0.37279	1.80038	1.80038	10.6418	
13.9929	3	286	11.1608	3	80	10.359	3	76	0	0	0	0.210069	0.208173	0.2115	0.210069	0.20817	0.211497	0.378256	0.37335	0.38255	0.378256	0.373333	0.382507	1.80062	1.80063	10.6552	
14.9312	3	359	11.2172	3	86	10.4213	3	86	0	0	0	0.215034	0.213277	0.21678	0.215036	0.213273	0.216783	0.387101	0.38325	0.39125	0.387104	0.38324	0.391247	1.80019	1.80018	10.6762	
16.3297	3	507	11.2603	3	84	10.4593	3	80	0	0	0	0.220028	0.217783	0.221743	0.220027	0.217777	0.221733	0.396088	0.390813	0.39951	0.396087	0.390807	0.399497	1.80017	1.80017	10.6901	
22.9167	3	1335	11.3122	3	88	10.5103	3	88	0	0	0	0.224987	0.223094	0.22651	0.224989	0.223096	0.22651	0.405075	0.401404	0.408558	0.40508	0.401406	0.408558	1.80044	1.80044	10.7049	
532.397	3	27565	11.3525	3	90	10.5536	3	90	0	0	0	0.229947	0.228989	0.231441	0.229802	0.224323	0.231437	0.413981	0.411366	0.4172	0.413716	0.40434	0.417181	1.80033	1.80032	10.7179	
