8.32206	1	31	8.31249	1	31	7.52569	1	30	0	0	0	0.00499391	0.00471	0.00536	0.00499396	0.00470333	0.00528333	0.00895208	0.00824333	0.00963	0.00895245	0.00825	0.00979	1.7926	1.79266	8.51087	
8.34754	1	44	8.32721	1	44	7.52711	1	40	0	0	0	0.0100062	0.00962333	0.01048	0.0100061	0.00947333	0.0105233	0.0180378	0.0172933	0.0192367	0.0180377	0.01706	0.0190833	1.80265	1.80267	8.50652	
8.40567	1	51	8.37609	1	51	7.57572	1	47	0	0	0	0.0150311	0.0145233	0.0156967	0.015031	0.0144667	0.0156933	0.02704	0.0259333	0.0284833	0.0270399	0.02496	0.0285367	1.79893	1.79895	8.55083	
8.43343	1	43	8.39118	1	43	7.59912	1	43	0	0	0	0.020063	0.0194867	0.0205667	0.020063	0.0194767	0.0207	0.0360579	0.0347767	0.0372567	0.0360582	0.0339367	0.0374867	1.79723	1.79725	8.55928	
8.48734	1	48	8.43089	1	48	7.63006	1	44	0	0	0	0.0250671	0.02449	0.0257333	0.0250667	0.0244167	0.02571	0.0451318	0.0439833	0.0464533	0.0451312	0.0435967	0.04701	1.80044	1.80045	8.58606	
8.53443	1	47	8.46626	1	47	7.6705	1	47	0	0	0	0.0300682	0.02949	0.0307167	0.0300683	0.0293267	0.03087	0.0541228	0.0526633	0.0563	0.0541226	0.0526167	0.0564733	1.8	1.79999	8.6123	
8.58232	1	51	8.49843	1	51	7.70285	1	47	0	0	0	0.0350706	0.0342367	0.0362133	0.0350702	0.03431	0.0358933	0.0631154	0.0612733	0.06533	0.0631146	0.0615967	0.0648633	1.79966	1.79967	8.63482	
8.62108	1	53	8.52206	1	49	7.71885	1	46	0	0	0	0.0400941	0.0389867	0.0411167	0.0400934	0.0393067	0.0407833	0.072177	0.0700667	0.0745967	0.0721759	0.0700933	0.0740367	1.80019	1.80019	8.64886	
8.68599	1	51	8.5675	1	51	7.77078	1	48	0	0	0	0.0450691	0.04441	0.0457233	0.0450685	0.0441233	0.04579	0.0810798	0.07946	0.0826367	0.0810788	0.0792533	0.0831967	1.79901	1.79901	8.6834	
8.73217	1	54	8.59552	1	52	7.7915	1	48	0	0	0	0.050078	0.04917	0.05091	0.0500772	0.0487267	0.0508767	0.090079	0.0880267	0.09225	0.0900781	0.0871933	0.0923833	1.79877	1.79879	8.70165	
8.77914	1	50	8.62369	1	50	7.82666	1	49	0	0	0	0.055088	0.0541533	0.0558567	0.0550871	0.0537733	0.0558967	0.0990448	0.0965533	0.101737	0.0990429	0.0960333	0.101443	1.79794	1.79793	8.71907	
8.84177	1	52	8.66332	1	51	7.86629	1	48	0	0	0	0.0600776	0.0585933	0.0612533	0.0600774	0.0590967	0.0612433	0.108018	0.105313	0.110653	0.108016	0.105353	0.110423	1.79797	1.79795	8.74689	
8.91106	1	62	8.70801	1	62	7.91431	1	62	0	0	0	0.0651088	0.0641933	0.06608	0.0651082	0.0640133	0.0660567	0.117103	0.115033	0.120723	0.117101	0.114093	0.119353	1.79857	1.79857	8.77872	
8.97633	1	59	8.75013	1	59	7.957	1	55	0	0	0	0.0700993	0.0692433	0.0712167	0.0700988	0.06898	0.0712367	0.126046	0.123663	0.128517	0.126046	0.123237	0.128347	1.79811	1.79812	8.81001	
9.03503	1	59	8.7784	1	59	7.98182	1	57	0	0	0	0.0750704	0.0737167	0.0760867	0.0750698	0.07403	0.0762267	0.134952	0.131797	0.13759	0.134951	0.132293	0.13744	1.79767	1.79767	8.82627	
9.11261	1	62	8.82396	1	58	8.02828	1	54	0	0	0	0.0800622	0.0788433	0.08149	0.0800624	0.0789067	0.08127	0.143966	0.141463	0.14713	0.143967	0.141003	0.146377	1.79817	1.79818	8.8572	
9.18627	1	66	8.86464	1	66	8.06444	1	66	0	0	0	0.0850492	0.0838967	0.0865433	0.0850496	0.08406	0.08615	0.152894	0.149913	0.155517	0.152893	0.150287	0.155307	1.79771	1.79769	8.88457	
9.27394	1	97	8.91281	1	97	8.11408	1	97	0	0	0	0.0900403	0.0881367	0.0912167	0.0900408	0.0889333	0.0910133	0.161919	0.158543	0.16451	0.16192	0.159533	0.164217	1.7983	1.7983	8.9178	
9.36519	1	74	8.96247	1	60	8.15761	1	60	0	0	0	0.0950421	0.09396	0.0965867	0.0950417	0.0938233	0.09619	0.170904	0.16843	0.17513	0.170902	0.167647	0.17354	1.79819	1.79818	8.95241	
9.44553	1	67	8.99994	1	67	8.20205	1	67	0	0	0	0.100014	0.0985767	0.101243	0.100014	0.09878	0.10123	0.179775	0.176603	0.18299	0.179775	0.175907	0.182417	1.7975	1.79751	8.97672	
9.54604	1	84	9.04946	1	78	8.24838	1	78	0	0	0	0.105002	0.103807	0.106227	0.105002	0.10361	0.106097	0.188774	0.18556	0.191903	0.188774	0.185313	0.191207	1.79782	1.79781	9.00792	
9.656	1	74	9.10339	1	72	8.30744	1	71	0	0	0	0.110025	0.108787	0.111333	0.110025	0.109007	0.11106	0.197877	0.1946	0.20158	0.197878	0.194673	0.2004	1.79847	1.79848	9.04557	
9.77138	1	75	9.14681	1	74	8.35118	1	74	0	0	0	0.115005	0.113727	0.116963	0.115005	0.113767	0.115997	0.206856	0.20342	0.21087	0.206858	0.202647	0.209093	1.79868	1.79868	9.06957	
9.88824	1	73	9.19716	1	72	8.40894	1	72	0	0	0	0.119998	0.118613	0.121213	0.119998	0.118713	0.121087	0.215819	0.211733	0.21892	0.21582	0.212357	0.218507	1.79853	1.79853	9.10244	
10.0245	1	86	9.25632	1	73	8.45746	1	73	0	0	0	0.124993	0.12335	0.12636	0.124993	0.12362	0.126163	0.224817	0.22087	0.228107	0.224817	0.221	0.2277	1.79863	1.79864	9.1404	
10.155	1	85	9.30751	1	84	8.50809	1	80	0	0	0	0.129989	0.128747	0.13121	0.129989	0.128333	0.131407	0.233857	0.230573	0.237133	0.233858	0.230013	0.236783	1.79906	1.79906	9.17148	
10.3167	1	84	9.3637	1	78	8.56292	1	74	0	0	0	0.134996	0.133797	0.136793	0.134996	0.133163	0.136407	0.242939	0.23918	0.246713	0.242939	0.238577	0.24574	1.7996	1.7996	9.20577	
10.4836	1	91	9.42342	1	81	8.62502	1	78	0	0	0	0.139994	0.1387	0.142043	0.139993	0.138507	0.14127	0.251935	0.248517	0.255967	0.251932	0.2472	0.255123	1.79962	1.79961	9.24222	
10.6572	1	98	9.47601	1	78	8.67873	1	78	0	0	0	0.14498	0.1435	0.146687	0.14498	0.143503	0.146263	0.260957	0.257767	0.264273	0.260957	0.255497	0.264327	1.79996	1.79996	9.27114	
10.8852	1	122	9.54673	1	73	8.74894	1	73	0	0	0	0.149981	0.14896	0.151417	0.149982	0.148433	0.151693	0.270074	0.265633	0.274083	0.270076	0.264883	0.273943	1.80072	1.80072	9.31613	
11.1022	1	124	9.60584	1	81	8.80633	1	81	0	0	0	0.154962	0.153983	0.15644	0.154962	0.15345	0.156753	0.279055	0.27535	0.282653	0.279057	0.27298	0.282677	1.80079	1.80081	9.34806	
11.3548	1	102	9.67521	1	88	8.87104	1	88	0	0	0	0.159973	0.15789	0.16147	0.159974	0.15847	0.161857	0.288068	0.28388	0.291447	0.288069	0.28283	0.29241	1.80072	1.80073	9.38953	
11.644	1	121	9.74081	1	115	8.94251	1	115	0	0	0	0.164998	0.16387	0.166513	0.164997	0.163283	0.166883	0.297156	0.29383	0.300683	0.297156	0.292293	0.301617	1.80097	1.80097	9.42504	
11.9572	1	135	9.81098	1	84	9.0128	1	84	0	0	0	0.170008	0.168587	0.171523	0.170009	0.168317	0.17159	0.306168	0.30249	0.30979	0.306171	0.302123	0.310367	1.80091	1.80092	9.46514	
12.3098	1	118	9.86951	1	83	9.06492	1	82	0	0	0	0.175015	0.17378	0.176443	0.175016	0.173323	0.176313	0.315161	0.309647	0.319467	0.315163	0.310637	0.31889	1.80077	1.80076	9.49352	
12.7683	1	124	9.94835	1	112	9.15112	1	108	0	0	0	0.180034	0.178163	0.18141	0.180035	0.178347	0.181383	0.324183	0.32065	0.327567	0.324182	0.319867	0.32889	1.80068	1.80066	9.53615	
13.2321	1	172	10.0258	1	86	9.22076	1	86	0	0	0	0.185041	0.1837	0.186537	0.185045	0.183423	0.1868	0.333238	0.329753	0.336673	0.333246	0.32853	0.338413	1.80089	1.80089	9.57648	
13.8209	1	166	10.1085	1	90	9.30874	1	90	0	0	0	0.190052	0.188987	0.191353	0.190054	0.18858	0.19178	0.342298	0.3384	0.345987	0.342304	0.338323	0.347433	1.80108	1.80109	9.61684	
14.5923	1	191	10.1933	1	92	9.38893	1	92	0	0	0	0.195077	0.19343	0.196657	0.195078	0.193573	0.196867	0.351373	0.34831	0.3549	0.351373	0.347387	0.357233	1.8012	1.80119	9.65947	
15.5021	1	203	10.276	1	91	9.48032	1	91	0	0	0	0.200077	0.198647	0.202083	0.200078	0.198147	0.202047	0.360248	0.356233	0.365297	0.360252	0.355667	0.366547	1.80055	1.80056	9.69686	
16.519	1	209	10.3691	1	106	9.57036	1	106	0	0	0	0.20508	0.20363	0.206777	0.205077	0.203073	0.20713	0.369223	0.36587	0.372783	0.369216	0.364583	0.37601	1.80038	1.80038	9.74298	
18.0545	1	236	10.4776	1	107	9.68007	1	107	0	0	0	0.210069	0.208173	0.2115	0.210067	0.208117	0.21234	0.378256	0.37335	0.38255	0.378251	0.37395	0.38594	1.80062	1.80062	9.78932	
20.0181	1	377	10.5784	1	101	9.78611	1	97	0	0	0	0.215034	0.213277	0.21678	0.215034	0.213497	0.217177	0.387101	0.38325	0.39125	0.387102	0.383433	0.394237	1.80019	1.80019	9.83237	
22.8823	1	472	10.6759	1	148	9.88155	1	148	0	0	0	0.220028	0.217783	0.221743	0.220032	0.21826	0.222363	0.396088	0.390813	0.39951	0.396098	0.39215	0.404137	1.80017	1.80019	9.87252	
27.2208	1	659	10.7829	1	101	9.98227	1	100	0	0	0	0.225021	0.222313	0.226663	0.225023	0.22323	0.2273	0.405055	0.399957	0.409987	0.405056	0.400927	0.41318	1.80008	1.80006	9.918	
37.1876	1	894	10.9065	1	119	10.1092	1	119	0	0	0	0.229999	0.227912	0.231788	0.230007	0.228353	0.232325	0.414178	0.411035	0.418478	0.414192	0.410297	0.421745	1.80078	1.80078	9.95829	
135.777	1	3607	11.0257	1	131	10.2296	1	131	0	0	0	0.234953	0.233864	0.23607	0.234953	0.233911	0.236629	0.423004	0.42004	0.425981	0.423005	0.419197	0.427287	1.80038	1.80038	10.0001	
3091.74	1	50116	11.1117	1	136	10.298	1	136	0	0	0	0.239966	0.238811	0.240996	0.238838	0.237516	0.240426	0.432004	0.429507	0.434551	0.430002	0.425503	0.434461	1.80027	1.80039	10.0329	
