7.23163	1	57	7.23163	1	57	6.43573	1	53	0	0	0	0.00499391	0.00471	0.00536	0.00499391	0	0.00966333	0.00895208	0.00824333	0.00963	0.00895208	0	0.01729	1.7926	1.7926	7.43075	
7.23755	1	57	7.23755	1	57	6.45481	1	53	0	0	0	0.0100062	0.00962333	0.01048	0.0100061	0	0.0201567	0.0180378	0.0172933	0.0192367	0.0180377	0	0.0352633	1.80265	1.80267	7.42057	
7.26591	1	69	7.26591	1	69	6.46814	1	65	0	0	0	0.0150311	0.0145233	0.0156967	0.015031	0	0.0300267	0.02704	0.0259333	0.0284833	0.0270397	0	0.0548533	1.79893	1.79893	7.44421	
7.28938	1	69	7.28938	1	69	6.48785	1	65	0	0	0	0.020063	0.0194867	0.0205667	0.0200628	0	0.04034	0.0360579	0.0347767	0.0372567	0.0360582	0	0.0726333	1.79723	1.79727	7.46254	
7.30764	1	69	7.30764	1	69	6.51213	1	65	0	0	0	0.0250671	0.02449	0.0257333	0.0250667	0	0.05032	0.0451318	0.0439833	0.0464533	0.0451314	0	0.0910667	1.80044	1.80046	7.46828	
7.3358	1	70	7.3358	1	70	6.54593	1	66	0	0	0	0.0300682	0.02949	0.0307167	0.0300679	0	0.0602933	0.0541228	0.0526633	0.0563	0.0541218	0	0.109253	1.8	1.79999	7.48946	
7.34897	1	73	7.34897	1	73	6.55242	1	69	0	0	0	0.0350706	0.0342367	0.0362133	0.0350701	0	0.0698333	0.0631154	0.0612733	0.06533	0.0631146	0	0.1253	1.79966	1.79967	7.49429	
7.37834	1	69	7.37834	1	69	6.58643	1	65	0	0	0	0.0400941	0.0389867	0.0411167	0.0400936	0	0.0806167	0.072177	0.0700667	0.0745967	0.072176	0	0.145843	1.80019	1.80019	7.51328	
7.41613	1	75	7.41612	1	75	6.62204	1	71	0	0	0	0.0450691	0.04441	0.0457233	0.0450683	0	0.0904233	0.0810798	0.07946	0.0826367	0.0810779	0	0.16169	1.79901	1.799	7.5436	
7.44174	1	74	7.44172	1	74	6.65302	1	70	0	0	0	0.050078	0.04917	0.05091	0.050078	0	0.10042	0.090079	0.0880267	0.09225	0.0900788	0	0.181193	1.79877	1.79877	7.55893	
7.4772	1	78	7.47718	1	78	6.68929	1	74	0	0	0	0.055088	0.0541533	0.0558567	0.0550876	0	0.109717	0.0990448	0.0965533	0.101737	0.0990436	0	0.196557	1.79794	1.79793	7.58466	
7.51613	1	80	7.5161	1	80	6.72632	1	76	0	0	0	0.0600776	0.0585933	0.0612533	0.0600773	0	0.12111	0.108018	0.105313	0.110653	0.108017	0	0.217657	1.79797	1.79796	7.61243	
7.55748	1	77	7.55743	1	77	6.76952	1	73	0	0	0	0.0651088	0.0641933	0.06608	0.0651081	0	0.130903	0.117103	0.115033	0.120723	0.117102	0	0.233943	1.79857	1.79858	7.64196	
7.59145	1	83	7.59137	1	83	6.81127	1	79	0	0	0	0.0700993	0.0692433	0.0712167	0.0700991	0	0.13929	0.126046	0.123663	0.128517	0.126046	0	0.249397	1.79811	1.79812	7.66399	
7.64799	1	84	7.64787	1	84	6.87181	1	80	0	0	0	0.0750704	0.0737167	0.0760867	0.0750705	0	0.150937	0.134952	0.131797	0.13759	0.134952	0	0.271483	1.79767	1.79767	7.70652	
7.69408	1	77	7.69392	1	77	6.90746	1	73	0	0	0	0.0800622	0.0788433	0.08149	0.0800623	0	0.159767	0.143966	0.141463	0.14713	0.143967	0	0.287087	1.79817	1.79819	7.73936	
7.74446	1	111	7.74428	1	111	6.9698	1	107	0	0	0	0.0850492	0.0838967	0.0865433	0.0850485	0	0.169493	0.152894	0.149913	0.155517	0.152893	0	0.302313	1.79771	1.79771	7.77468	
7.80569	1	112	7.80547	1	112	7.0286	1	108	0	0	0	0.0900403	0.0881367	0.0912167	0.0900399	0	0.180917	0.161919	0.158543	0.16451	0.16192	0	0.326057	1.7983	1.79831	7.81817	
7.87065	1	116	7.87029	1	116	7.09466	1	112	0	0	0	0.0950421	0.09396	0.0965867	0.0950416	0	0.190883	0.170904	0.16843	0.17513	0.170902	0	0.343497	1.79819	1.79818	7.86592	
7.95442	1	108	7.95396	1	108	7.18925	1	104	0	0	0	0.100014	0.0985767	0.101243	0.100014	0	0.199703	0.179775	0.176603	0.18299	0.179776	0	0.36059	1.7975	1.79752	7.93157	
8.03408	1	121	8.03342	1	121	7.27286	1	117	0	0	0	0.105002	0.103807	0.106227	0.105002	0	0.20868	0.188774	0.18556	0.191903	0.188773	0	0.37772	1.79782	1.79781	7.9885	
8.11477	1	113	8.11395	1	113	7.35224	1	109	0	0	0	0.110025	0.108787	0.111333	0.110024	0	0.21956	0.197877	0.1946	0.20158	0.197876	0	0.3936	1.79847	1.79848	8.04642	
8.2186	1	113	8.2176	1	113	7.46175	1	109	0	0	0	0.115005	0.113727	0.116963	0.115005	0	0.23073	0.206856	0.20342	0.21087	0.206858	0	0.41449	1.79868	1.79869	8.12211	
8.33135	1	124	8.33002	1	124	7.58215	1	120	0	0	0	0.119998	0.118613	0.121213	0.119998	0	0.239163	0.215819	0.211733	0.21892	0.21582	0	0.429937	1.79853	1.79854	8.20576	
8.45375	1	132	8.45204	1	132	7.71467	1	128	0	0	0	0.124993	0.12335	0.12636	0.124993	0	0.250897	0.224817	0.22087	0.228107	0.224818	0	0.451843	1.79863	1.79864	8.29442	
8.59287	1	126	8.59052	1	126	7.85569	1	122	0	0	0	0.129989	0.128747	0.13121	0.129989	0	0.259007	0.233857	0.230573	0.237133	0.233858	0	0.463453	1.79906	1.79907	8.40122	
8.76838	1	128	8.76539	1	128	8.03485	1	124	0	0	0	0.134996	0.133797	0.136793	0.134996	0	0.269577	0.242939	0.23918	0.246713	0.242939	0	0.48503	1.7996	1.7996	8.52789	
8.9452	1	124	8.94113	1	124	8.22399	1	120	0	0	0	0.139994	0.1387	0.142043	0.139994	0	0.278587	0.251935	0.248517	0.255967	0.251936	0	0.50052	1.79962	1.79962	8.65865	
9.17541	1	130	9.16978	1	130	8.46384	1	126	0	0	0	0.14498	0.1435	0.146687	0.144978	0	0.2884	0.260957	0.257767	0.264273	0.260955	0	0.520707	1.79996	1.79996	8.82537	
9.41122	1	128	9.40349	1	128	8.70234	1	124	0	0	0	0.149981	0.14896	0.151417	0.149981	0	0.298817	0.270074	0.265633	0.274083	0.270074	0	0.537043	1.80072	1.80072	8.99678	
9.73949	1	134	9.7286	1	134	9.04531	1	130	0	0	0	0.154962	0.153983	0.15644	0.154963	0	0.3111	0.279055	0.27535	0.282653	0.279056	0	0.560017	1.80079	1.80079	9.23319	
10.0865	1	137	10.0712	1	137	9.39968	1	137	0	0	0	0.159973	0.15789	0.16147	0.159974	0	0.320227	0.288068	0.28388	0.291447	0.288068	0	0.574533	1.80072	1.80072	9.48389	
10.5779	1	175	10.5541	1	175	9.89284	1	175	0	0	0	0.164998	0.16387	0.166513	0.164997	0	0.329053	0.297156	0.29383	0.300683	0.297155	0	0.59192	1.80097	1.80097	9.8368	
11.3135	1	181	11.2722	1	181	10.6509	1	177	0	0	0	0.170008	0.168587	0.171523	0.170008	0	0.340083	0.306168	0.30249	0.30979	0.306172	0	0.612327	1.80091	1.80092	10.3556	
12.242	1	190	12.1691	1	190	11.5649	1	186	0	0	0	0.175015	0.17378	0.176443	0.175016	0	0.348417	0.315161	0.309647	0.319467	0.315163	0	0.6245	1.80077	1.80077	10.9888	
13.9778	1	239	13.7775	1	229	13.1951	1	229	0	0	0	0.180034	0.178163	0.18141	0.180035	0	0.35864	0.324183	0.32065	0.327567	0.324183	0	0.64505	1.80068	1.80066	12.0583	
18.1842	1	557	17.1765	1	266	16.6078	1	266	0	0	0	0.185041	0.1837	0.186537	0.185047	0	0.370043	0.333238	0.329753	0.336673	0.333249	0	0.664507	1.80089	1.80089	14.0354	
1310.69	1	120331	25.035	1	510	24.6485	1	510	0	0	0	0.189981	0.188949	0.191183	0.189628	0	0.380584	0.342069	0.339494	0.344971	0.341442	0	0.685459	1.80054	1.80058	17.2165	
