9.29132	1	44	9.29129	1	44	8.48627	1	44	0	0	0	0.00499391	0.00471	0.00536	0.00499396	0	0.01008	0.00895208	0.00824333	0.00963	0.00895224	0	0.0181833	1.7926	1.79261	9.48465	
9.32964	1	57	9.32962	1	57	8.53114	1	53	0	0	0	0.0100062	0.00962333	0.01048	0.010006	0	0.0203367	0.0180378	0.0172933	0.0192367	0.0180377	0	0.0368	1.80265	1.80268	9.50129	
9.41846	1	59	9.41829	1	59	8.62194	1	55	0	0	0	0.0150311	0.0145233	0.0156967	0.0150311	0	0.03034	0.02704	0.0259333	0.0284833	0.0270399	0	0.0552867	1.79893	1.79892	9.57815	
9.50747	1	74	9.50712	1	74	8.7055	1	70	0	0	0	0.020063	0.0194867	0.0205667	0.0200629	0	0.0400267	0.0360579	0.0347767	0.0372567	0.036058	0	0.0722333	1.79723	1.79725	9.65172	
9.58904	1	76	9.5884	1	76	8.79693	1	72	0	0	0	0.0250671	0.02449	0.0257333	0.0250666	0	0.0505633	0.0451318	0.0439833	0.0464533	0.0451312	0	0.09103	1.80044	1.80045	9.71231	
9.6635	1	84	9.66255	1	84	8.87921	1	80	0	0	0	0.0300682	0.02949	0.0307167	0.0300681	0	0.0610233	0.0541228	0.0526633	0.0563	0.0541226	0	0.111143	1.8	1.8	9.7681	
9.74116	1	109	9.73976	1	109	8.95493	1	105	0	0	0	0.0350706	0.0342367	0.0362133	0.0350698	0	0.0704833	0.0631154	0.0612733	0.06533	0.0631145	0	0.127377	1.79966	1.79968	9.82667	
9.87525	1	80	9.87298	1	80	9.09604	1	76	0	0	0	0.0400941	0.0389867	0.0411167	0.0400935	0	0.0809233	0.072177	0.0700667	0.0745967	0.0721762	0	0.146197	1.80019	1.8002	9.93675	
9.99184	1	90	9.98891	1	90	9.20722	1	86	0	0	0	0.0450691	0.04441	0.0457233	0.0450684	0	0.0909133	0.0810798	0.07946	0.0826367	0.0810786	0	0.1633	1.79901	1.79901	10.0291	
10.1289	1	89	10.1245	1	89	9.35476	1	85	0	0	0	0.050078	0.04917	0.05091	0.0500778	0	0.101067	0.090079	0.0880267	0.09225	0.0900778	0	0.18272	1.79877	1.79876	10.1401	
10.2853	1	88	10.2795	1	88	9.50499	1	84	0	0	0	0.055088	0.0541533	0.0558567	0.0550873	0	0.110913	0.0990448	0.0965533	0.101737	0.0990433	0	0.199597	1.79794	1.79793	10.2657	
10.4418	1	106	10.4338	1	105	9.66804	1	101	0	0	0	0.0600776	0.0585933	0.0612533	0.0600776	0	0.120827	0.108018	0.105313	0.110653	0.108018	0	0.217277	1.79797	1.79797	10.3886	
10.6622	1	102	10.6513	1	102	9.88619	1	98	0	0	0	0.0651088	0.0641933	0.06608	0.0651085	0	0.131433	0.117103	0.115033	0.120723	0.117102	0	0.236313	1.79857	1.79856	10.5709	
10.857	1	100	10.8425	1	100	10.0883	1	96	0	0	0	0.0700993	0.0692433	0.0712167	0.0700988	0	0.140503	0.126046	0.123663	0.128517	0.126045	0	0.254543	1.79811	1.79811	10.7213	
11.0715	1	110	11.0522	1	110	10.3169	1	106	0	0	0	0.0750704	0.0737167	0.0760867	0.0750701	0	0.151127	0.134952	0.131797	0.13759	0.134952	0	0.272207	1.79767	1.79768	10.8913	
11.3439	1	113	11.3173	1	113	10.5985	1	109	0	0	0	0.0800622	0.0788433	0.08149	0.0800619	0	0.160697	0.143966	0.141463	0.14713	0.143967	0	0.289177	1.79817	1.79819	11.103	
11.6271	1	117	11.5919	1	117	10.8741	1	113	0	0	0	0.0850492	0.0838967	0.0865433	0.0850489	0	0.171813	0.152894	0.149913	0.155517	0.152891	0	0.308933	1.79771	1.79769	11.3218	
11.9089	1	116	11.863	1	116	11.1581	1	112	0	0	0	0.0900403	0.0881367	0.0912167	0.0900395	0	0.18094	0.161919	0.158543	0.16451	0.161919	0	0.325973	1.7983	1.79831	11.5303	
12.2693	1	148	12.2077	1	148	11.5142	1	144	0	0	0	0.0950421	0.09396	0.0965867	0.0950408	0	0.191767	0.170904	0.16843	0.17513	0.170902	0	0.34466	1.79819	1.79819	11.7994	
12.6541	1	122	12.5717	1	122	11.8878	1	118	0	0	0	0.100014	0.0985767	0.101243	0.100013	0	0.201133	0.179775	0.176603	0.18299	0.179775	0	0.363143	1.7975	1.79751	12.0846	
13.0634	1	130	12.9554	1	130	12.2815	1	126	0	0	0	0.105002	0.103807	0.106227	0.105002	0	0.211413	0.188774	0.18556	0.191903	0.188773	0	0.380627	1.79782	1.7978	12.372	
13.5306	1	144	13.3873	1	142	12.7261	1	138	0	0	0	0.110025	0.108787	0.111333	0.110025	0	0.22104	0.197877	0.1946	0.20158	0.197878	0	0.399603	1.79847	1.79848	12.6914	
14.0963	1	173	13.8982	1	173	13.2595	1	169	0	0	0	0.115005	0.113727	0.116963	0.115004	0	0.230467	0.206856	0.20342	0.21087	0.206857	0	0.414187	1.79868	1.79869	13.0654	
14.6983	1	159	14.4276	1	146	13.7979	1	142	0	0	0	0.119998	0.118613	0.121213	0.119998	0	0.240897	0.215819	0.211733	0.21892	0.215823	0	0.433997	1.79853	1.79856	13.4338	
15.3726	1	186	14.9975	1	185	14.3844	1	185	0	0	0	0.124993	0.12335	0.12636	0.124994	0	0.251147	0.224817	0.22087	0.228107	0.22482	0	0.452093	1.79863	1.79864	13.8208	
16.2583	1	222	15.7126	1	222	15.1165	1	222	0	0	0	0.129989	0.128747	0.13121	0.12999	0	0.26062	0.233857	0.230573	0.237133	0.233861	0	0.470177	1.79906	1.79907	14.2929	
17.2091	1	272	16.4249	1	272	15.8401	1	268	0	0	0	0.134996	0.133797	0.136793	0.134997	0	0.271277	0.242939	0.23918	0.246713	0.24294	0	0.49069	1.7996	1.79959	14.7297	
18.6538	1	227	17.3836	1	188	16.825	1	188	0	0	0	0.139994	0.1387	0.142043	0.139992	0	0.28026	0.251935	0.248517	0.255967	0.251933	0	0.50649	1.79962	1.79961	15.2958	
20.487	1	423	18.3759	1	254	17.8332	1	254	0	0	0	0.14498	0.1435	0.146687	0.144981	0	0.291023	0.260957	0.257767	0.264273	0.26096	0	0.52594	1.79996	1.79996	15.8031	
23.4046	1	468	19.331	1	253	18.7938	1	253	0	0	0	0.149981	0.14896	0.151417	0.149979	0	0.30112	0.270074	0.265633	0.274083	0.27007	0	0.545217	1.80072	1.80072	16.2285	
29.8511	1	1261	19.7133	1	279	19.181	1	279	0	0	0	0.154959	0.154052	0.156132	0.154964	0	0.310182	0.278845	0.276707	0.281023	0.278856	0	0.557742	1.79948	1.79949	16.2394	
685.51	1	48591	19.4191	1	375	18.8773	1	371	0	0	0	0.159958	0.159026	0.160974	0.159869	0	0.320701	0.287983	0.285641	0.290751	0.287819	0	0.579204	1.80037	1.80034	15.9064	
