11.856	6	31	11.8143	6	27	11.0136	6	26	0	0	0	0.00499391	0.00470667	0.00535333	0.00499401	0.00470333	0.00535333	0.00895807	0.00850667	0.00958333	0.00895839	0.00850667	0.00958333	1.7938	1.79383	11.9955	
11.9544	6	44	11.8613	6	29	11.0537	6	27	0	0	0	0.0100062	0.00965667	0.0103967	0.010006	0.00965667	0.0104	0.0180478	0.0173033	0.0191	0.0180479	0.0173033	0.0191	1.80365	1.8037	12.0088	
12.0448	6	38	11.8947	6	30	11.1012	6	26	0	0	0	0.0150311	0.0144367	0.01558	0.0150309	0.0144367	0.01558	0.0270341	0.0255567	0.0287267	0.0270336	0.0255567	0.0287133	1.79854	1.79854	12.0193	
12.1532	6	49	11.9372	6	30	11.136	6	28	0	0	0	0.020063	0.0192133	0.02056	0.0200628	0.01921	0.02056	0.0360442	0.0342933	0.03701	0.0360441	0.03429	0.03701	1.79655	1.79657	12.0329	
12.2729	6	47	11.9808	6	30	11.1824	6	30	0	0	0	0.0250671	0.0243567	0.0257033	0.0250668	0.0243633	0.0257033	0.0451293	0.04357	0.04708	0.0451286	0.04359	0.04708	1.80034	1.80034	12.0397	
12.4284	6	84	12.0326	6	32	11.2279	6	28	0	0	0	0.0300682	0.0294533	0.0308833	0.0300676	0.0294533	0.03088	0.0541306	0.0524133	0.05635	0.0541292	0.0524133	0.0563467	1.80026	1.80025	12.0546	
12.581	6	74	12.0695	6	32	11.2701	6	30	0	0	0	0.0350706	0.0342667	0.0356333	0.0350697	0.03427	0.0356367	0.0631274	0.0605667	0.0646867	0.0631254	0.06057	0.06469	1.80001	1.8	12.0542	
12.7838	6	111	12.115	6	33	11.3192	6	29	0	0	0	0.0400941	0.0392067	0.0408067	0.040093	0.0392067	0.0408067	0.0721909	0.06963	0.0743333	0.0721896	0.0696267	0.0743333	1.80054	1.80055	12.0534	
13.0334	6	150	12.1701	6	33	11.3694	6	30	0	0	0	0.0450691	0.04437	0.0457367	0.0450677	0.0443667	0.0457367	0.0810618	0.0796533	0.08337	0.0810598	0.0796533	0.08337	1.79861	1.79862	12.0598	
13.3529	6	169	12.2249	6	34	11.4261	6	33	0	0	0	0.050078	0.0492133	0.0508633	0.0500774	0.0492133	0.05086	0.0900839	0.08822	0.0926	0.0900835	0.08821	0.0926067	1.79887	1.79888	12.0583	
13.7722	6	224	12.288	6	34	11.4916	6	33	0	0	0	0.055088	0.05381	0.05593	0.0550867	0.05381	0.05592	0.099037	0.0964233	0.102157	0.0990347	0.0964233	0.102167	1.7978	1.7978	12.0579	
14.3872	6	368	12.3654	6	34	11.5627	6	32	0	0	0	0.0600776	0.0591367	0.0612233	0.0600767	0.0591367	0.0612233	0.108008	0.105257	0.110557	0.108007	0.105257	0.110543	1.79781	1.79781	12.0567	
15.5307	6	657	12.4576	6	36	11.6624	6	33	0	0	0	0.0651088	0.0639433	0.0663033	0.0651081	0.0639433	0.0663033	0.117116	0.115003	0.12039	0.117114	0.115003	0.12039	1.79877	1.79876	12.0534	
18.0131	6	849	12.5806	6	37	11.7795	6	34	0	0	0	0.0700993	0.06909	0.0710867	0.0701007	0.06909	0.07109	0.12604	0.12349	0.128027	0.126041	0.123523	0.12806	1.79802	1.798	12.0572	
36.0572	6	4003	12.7357	6	38	11.9399	6	36	0	0	0	0.0750159	0.0743357	0.0757243	0.0750156	0.0743386	0.0757214	0.134918	0.133741	0.136324	0.134917	0.13375	0.13631	1.79853	1.79852	12.0527	
10226	6	579995	12.88	6	43	12.0798	6	40	0	0	0	0.0800144	0.0791714	0.0806286	0.0792009	0.0506014	0.0806271	0.143954	0.142089	0.145639	0.142503	0.09135	0.145631	1.7991	1.79926	12.053	
