10.8181	1	34	10.8089	1	34	10.0127	1	30	0	0	0	0.00499391	0.00470667	0.00535333	0.00499406	0.00472333	0.00524667	0.00895807	0.00850667	0.00958333	0.00895854	0.00813	0.00964	1.7938	1.79384	11.0037	
10.8407	1	35	10.8172	1	35	9.99999	1	31	0	0	0	0.0100062	0.00965667	0.0103967	0.010006	0.00945667	0.01046	0.0180478	0.0173033	0.0191	0.0180478	0.0166833	0.01902	1.80365	1.80369	10.991	
10.8697	1	35	10.8331	1	35	10.04	1	31	0	0	0	0.0150311	0.0144367	0.01558	0.015031	0.0145333	0.0157333	0.0270341	0.0255567	0.0287267	0.0270339	0.0257867	0.02832	1.79854	1.79854	11.0003	
10.8774	1	35	10.828	1	35	10.0409	1	35	0	0	0	0.020063	0.0192133	0.02056	0.0200629	0.01946	0.0206567	0.0360442	0.0342933	0.03701	0.0360443	0.03447	0.0372167	1.79655	1.79657	10.9838	
10.9015	1	39	10.838	1	38	10.0454	1	35	0	0	0	0.0250671	0.0243567	0.0257033	0.0250669	0.0244433	0.0256967	0.0451293	0.04357	0.04708	0.0451292	0.0434933	0.0469567	1.80034	1.80035	10.9775	
10.9346	1	40	10.855	1	40	10.0475	1	36	0	0	0	0.0300682	0.0294533	0.0308833	0.0300681	0.0293233	0.0307833	0.0541306	0.0524133	0.05635	0.0541299	0.0521233	0.0558533	1.80026	1.80025	10.9801	
10.9575	1	40	10.8609	1	35	10.0646	1	34	0	0	0	0.0350706	0.0342667	0.0356333	0.0350699	0.03427	0.03586	0.0631274	0.0605667	0.0646867	0.0631258	0.0610033	0.0651233	1.80001	1.8	10.973	
10.9761	1	49	10.8611	1	49	10.0605	1	45	0	0	0	0.0400941	0.0392067	0.0408067	0.0400932	0.0393167	0.0408067	0.0721909	0.06963	0.0743333	0.0721899	0.0702367	0.0741767	1.80054	1.80055	10.9599	
11.0162	1	56	10.8787	1	41	10.0775	1	37	0	0	0	0.0450691	0.04437	0.0457367	0.0450683	0.04418	0.04582	0.0810618	0.0796533	0.08337	0.08106	0.0788367	0.0836733	1.79861	1.7986	10.9635	
11.0312	1	46	10.8715	1	46	10.0747	1	42	0	0	0	0.050078	0.0492133	0.0508633	0.0500774	0.0487167	0.0508033	0.0900839	0.08822	0.0926	0.090083	0.0870367	0.0924833	1.79887	1.79888	10.9415	
11.0701	1	57	10.8898	1	41	10.0879	1	37	0	0	0	0.055088	0.05381	0.05593	0.0550877	0.05374	0.0558933	0.099037	0.0964233	0.102157	0.099037	0.0958733	0.10191	1.7978	1.79781	10.9464	
11.0985	1	51	10.8908	1	39	10.0864	1	37	0	0	0	0.0600776	0.0591367	0.0612233	0.0600769	0.0589433	0.06136	0.108008	0.105257	0.110557	0.108007	0.10527	0.111	1.79781	1.79781	10.9311	
11.1407	1	57	10.9056	1	43	10.1083	1	39	0	0	0	0.0651088	0.0639433	0.0663033	0.0651084	0.06408	0.06601	0.117116	0.115003	0.12039	0.117115	0.114403	0.12033	1.79877	1.79876	10.9279	
11.1834	1	52	10.916	1	43	10.117	1	39	0	0	0	0.0700993	0.06909	0.0710867	0.0700992	0.0689233	0.07111	0.12604	0.12349	0.128027	0.126041	0.123163	0.129037	1.79802	1.79803	10.9212	
11.2232	1	52	10.9251	1	44	10.1237	1	44	0	0	0	0.0750704	0.0737533	0.0761233	0.0750697	0.07412	0.0762033	0.134951	0.131883	0.138263	0.13495	0.132267	0.13767	1.79766	1.79766	10.9144	
11.2679	1	61	10.9333	1	48	10.1331	1	46	0	0	0	0.0800622	0.0788467	0.08103	0.080062	0.0790033	0.08138	0.143965	0.14126	0.147247	0.143963	0.140457	0.147027	1.79816	1.79815	10.9043	
11.3274	1	62	10.9521	1	49	10.1484	1	45	0	0	0	0.0850491	0.08395	0.08618	0.085049	0.08404	0.0861667	0.152908	0.149993	0.157033	0.152906	0.149053	0.155487	1.79788	1.79786	10.9033	
11.3788	1	68	10.9589	1	55	10.1619	1	51	0	0	0	0.0900403	0.0884633	0.0911533	0.0900396	0.0889633	0.0911233	0.16192	0.158507	0.16582	0.161918	0.159343	0.16494	1.7983	1.79829	10.8892	
11.4385	1	64	10.9745	1	45	10.1723	1	41	0	0	0	0.0950421	0.0937233	0.0968	0.0950423	0.09377	0.0961033	0.170927	0.16837	0.174373	0.170927	0.168263	0.17404	1.79843	1.79843	10.8844	
11.5132	1	75	10.9932	1	53	10.1998	1	49	0	0	0	0.100013	0.0985333	0.100963	0.100013	0.0988667	0.101283	0.17977	0.175713	0.182563	0.17977	0.177203	0.183697	1.79746	1.79746	10.8803	
11.5747	1	73	11.003	1	56	10.2018	1	52	0	0	0	0.105002	0.103497	0.10623	0.105002	0.103797	0.106123	0.188772	0.18511	0.191487	0.188771	0.186543	0.191723	1.7978	1.79778	10.8691	
11.6682	1	74	11.0267	1	46	10.2287	1	42	0	0	0	0.110025	0.108803	0.110933	0.110025	0.10886	0.111093	0.197865	0.193943	0.200563	0.197867	0.19518	0.200667	1.79837	1.79838	10.8707	
11.7622	1	81	11.0446	1	53	10.2418	1	53	0	0	0	0.115005	0.113697	0.116357	0.115006	0.113763	0.116017	0.206852	0.203757	0.2091	0.206852	0.203857	0.209787	1.79864	1.79863	10.861	
11.8598	1	79	11.0641	1	51	10.2594	1	48	0	0	0	0.119998	0.118283	0.122007	0.119999	0.118793	0.12107	0.215831	0.212617	0.219593	0.215834	0.212973	0.21864	1.79862	1.79863	10.8565	
11.9655	1	109	11.0841	1	68	10.2726	1	64	0	0	0	0.124993	0.123113	0.12644	0.124994	0.123777	0.126093	0.224807	0.220247	0.228537	0.22481	0.221633	0.22837	1.79855	1.79856	10.8487	
12.0822	1	85	11.1063	1	53	10.2978	1	50	0	0	0	0.129989	0.12858	0.131213	0.129989	0.128393	0.131467	0.233868	0.23049	0.23632	0.233867	0.229853	0.237023	1.79914	1.79913	10.8429	
12.2347	1	93	11.13	1	63	10.3287	1	59	0	0	0	0.134996	0.133053	0.136197	0.134996	0.133043	0.13652	0.242952	0.23897	0.246583	0.242949	0.238563	0.246107	1.7997	1.79968	10.8351	
12.379	1	97	11.1586	1	57	10.3545	1	57	0	0	0	0.139994	0.138493	0.142013	0.139994	0.138473	0.141413	0.251952	0.2488	0.256253	0.251952	0.248317	0.25522	1.79974	1.79974	10.8337	
12.5669	1	114	11.1881	1	64	10.3858	1	60	0	0	0	0.144979	0.143773	0.146277	0.14498	0.143497	0.146333	0.260954	0.25741	0.263863	0.260953	0.25663	0.264307	1.79993	1.79993	10.8269	
12.7574	1	141	11.2135	1	65	10.408	1	61	0	0	0	0.149981	0.1487	0.151823	0.149981	0.14833	0.1517	0.270081	0.26642	0.273153	0.270083	0.26539	0.27345	1.80077	1.80077	10.818	
12.9683	1	132	11.2439	1	66	10.4372	1	66	0	0	0	0.154962	0.15343	0.15657	0.154961	0.153573	0.15687	0.279066	0.27367	0.282937	0.279063	0.27495	0.282557	1.80087	1.80085	10.8137	
13.1953	1	151	11.2695	1	61	10.4637	1	57	0	0	0	0.159974	0.158073	0.162527	0.159975	0.15853	0.16214	0.288056	0.282593	0.29182	0.288061	0.283523	0.292427	1.80065	1.80066	10.8027	
13.4839	1	138	11.305	1	62	10.497	1	62	0	0	0	0.164998	0.163683	0.166847	0.165	0.16324	0.166753	0.297144	0.293697	0.301447	0.297147	0.29168	0.301133	1.8009	1.80089	10.7979	
13.801	1	154	11.3417	1	70	10.5337	1	66	0	0	0	0.170007	0.16855	0.171683	0.170007	0.168243	0.171637	0.306169	0.301913	0.31111	0.306169	0.300297	0.310623	1.80092	1.80092	10.7916	
14.1727	1	187	11.3759	1	72	10.5729	1	68	0	0	0	0.175015	0.173623	0.17631	0.175016	0.173377	0.176523	0.315164	0.312147	0.320017	0.315165	0.310633	0.319097	1.80078	1.80078	10.7825	
14.6511	1	181	11.4211	1	69	10.6137	1	69	0	0	0	0.180035	0.178473	0.18132	0.180035	0.178133	0.181417	0.324209	0.320797	0.328063	0.324211	0.318547	0.32825	1.80081	1.80082	10.7815	
15.1378	1	211	11.4634	1	64	10.6574	1	64	0	0	0	0.185042	0.183443	0.187247	0.185042	0.183187	0.18688	0.333258	0.329457	0.33815	0.333258	0.328723	0.33696	1.80099	1.80099	10.7742	
15.8062	1	216	11.5119	1	93	10.708	1	89	0	0	0	0.190052	0.188477	0.191613	0.190053	0.188323	0.19166	0.34228	0.33753	0.345813	0.34228	0.336897	0.346007	1.80098	1.80097	10.7687	
16.4823	1	194	11.5615	1	83	10.7547	1	83	0	0	0	0.195078	0.193537	0.196577	0.195078	0.19354	0.19664	0.351371	0.346713	0.35519	0.351374	0.3456	0.355277	1.80119	1.8012	10.7627	
17.3772	1	207	11.6116	1	94	10.8002	1	90	0	0	0	0.200077	0.198617	0.201723	0.200076	0.19822	0.20199	0.360267	0.355607	0.36468	0.360264	0.354503	0.364197	1.80064	1.80063	10.7561	
18.4252	1	231	11.6632	1	81	10.8486	1	81	0	0	0	0.20508	0.20345	0.206583	0.205079	0.20312	0.20722	0.369221	0.364673	0.373783	0.369216	0.36424	0.372493	1.80038	1.80036	10.7499	
20.2119	1	330	11.7337	1	88	10.925	1	88	0	0	0	0.210069	0.20844	0.211993	0.210068	0.207983	0.212267	0.378249	0.374823	0.38371	0.378247	0.373103	0.382293	1.80059	1.8006	10.7422	
22.1252	1	401	11.7939	1	77	10.9847	1	74	0	0	0	0.215034	0.21343	0.216783	0.21504	0.213533	0.217377	0.38709	0.382543	0.391393	0.387103	0.382993	0.391193	1.80013	1.80014	10.7392	
25.3107	1	410	11.8793	1	86	11.0676	1	82	0	0	0	0.220027	0.218487	0.22128	0.220027	0.21851	0.222093	0.396096	0.39267	0.400627	0.396094	0.39217	0.400547	1.80021	1.8002	10.7357	
29.6456	1	498	11.9445	1	81	11.1405	1	80	0	0	0	0.225021	0.223383	0.227093	0.225015	0.22297	0.227137	0.405045	0.40109	0.409813	0.405035	0.40021	0.409657	1.80004	1.80004	10.7272	
38.0841	1	910	12.0215	1	95	11.209	1	95	0	0	0	0.230021	0.228197	0.232207	0.230035	0.228153	0.232247	0.413989	0.407767	0.419487	0.414019	0.408993	0.41894	1.79978	1.79981	10.7217	
89.0046	1	4347	12.1146	1	106	11.2987	1	102	0	0	0	0.234953	0.233811	0.236009	0.234952	0.233883	0.236559	0.423008	0.420133	0.426283	0.423007	0.419236	0.426637	1.8004	1.8004	10.7168	
1935.85	1	42690	12.1887	1	114	11.3744	1	114	0	0	0	0.239966	0.238744	0.240937	0.239258	0.238134	0.240893	0.431999	0.42876	0.435506	0.430729	0.42776	0.434477	1.80025	1.80027	10.7137	
