11.8574	6	31	11.8144	6	27	11.0136	6	26	0	0	0	0.00499391	0.00470667	0.00535333	0.00499401	0.00470333	0.00535333	0.00895807	0.00850667	0.00958333	0.00895839	0.00850667	0.00958333	1.7938	1.79383	11.9955	
11.9575	6	44	11.8614	6	29	11.0538	6	27	0	0	0	0.0100062	0.00965667	0.0103967	0.010006	0.00965667	0.0104	0.0180478	0.0173033	0.0191	0.0180479	0.0173033	0.0191	1.80365	1.8037	12.0088	
12.0501	6	38	11.8948	6	30	11.1012	6	26	0	0	0	0.0150311	0.0144367	0.01558	0.0150309	0.0144367	0.01558	0.0270341	0.0255567	0.0287267	0.0270336	0.0255567	0.0287133	1.79854	1.79854	12.0193	
12.1615	6	49	11.9374	6	30	11.1361	6	28	0	0	0	0.020063	0.0192133	0.02056	0.0200628	0.01921	0.02056	0.0360442	0.0342933	0.03701	0.0360441	0.03429	0.03701	1.79655	1.79657	12.033	
12.2839	6	47	11.9808	6	30	11.1823	6	30	0	0	0	0.0250671	0.0243567	0.0257033	0.0250667	0.02436	0.0257033	0.0451293	0.04357	0.04708	0.0451286	0.0435867	0.04708	1.80034	1.80034	12.0395	
12.445	6	84	12.0326	6	32	11.2278	6	28	0	0	0	0.0300682	0.0294533	0.0308833	0.0300676	0.0294533	0.03088	0.0541306	0.0524133	0.05635	0.0541292	0.0524133	0.0563467	1.80026	1.80025	12.0549	
12.6018	6	74	12.0697	6	33	11.2701	6	30	0	0	0	0.0350706	0.0342667	0.0356333	0.0350697	0.03427	0.0356367	0.0631274	0.0605667	0.0646867	0.0631254	0.06057	0.06469	1.80001	1.8	12.0543	
12.8103	6	111	12.1151	6	36	11.3192	6	36	0	0	0	0.0400941	0.0392067	0.0408067	0.040093	0.0392067	0.0408067	0.0721909	0.06963	0.0743333	0.0721896	0.0696267	0.0743333	1.80054	1.80055	12.0535	
13.0719	6	151	12.1708	6	38	11.3704	6	38	0	0	0	0.0450691	0.04437	0.0457367	0.0450677	0.0443667	0.0457367	0.0810618	0.0796533	0.08337	0.0810598	0.0796533	0.08337	1.79861	1.79862	12.0599	
13.401	6	169	12.2257	6	42	11.4267	6	42	0	0	0	0.050078	0.0492133	0.0508633	0.0500774	0.0492133	0.05086	0.0900839	0.08822	0.0926	0.0900835	0.08821	0.0926067	1.79887	1.79888	12.0587	
13.8389	6	224	12.2884	6	38	11.4916	6	38	0	0	0	0.055088	0.05381	0.05593	0.0550867	0.05381	0.05592	0.099037	0.0964233	0.102157	0.0990347	0.0964233	0.102163	1.7978	1.7978	12.0581	
14.4705	6	368	12.3668	6	48	11.5633	6	48	0	0	0	0.0600776	0.0591367	0.0612233	0.0600769	0.0591367	0.0612233	0.108008	0.105257	0.110557	0.108007	0.105257	0.110543	1.79781	1.79781	12.0571	
15.6346	6	657	12.458	6	50	11.6626	6	49	0	0	0	0.0651088	0.0639433	0.0663033	0.0651082	0.0639433	0.0663033	0.117116	0.115003	0.12039	0.117114	0.115003	0.12039	1.79877	1.79877	12.054	
18.1748	6	845	12.5818	6	53	11.7811	6	53	0	0	0	0.0700993	0.06909	0.0710867	0.0701006	0.06909	0.07109	0.12604	0.12349	0.128027	0.126041	0.123523	0.12806	1.79802	1.79801	12.0576	
36.3632	6	4093	12.7356	6	67	11.9396	6	63	0	0	0	0.0750159	0.0743357	0.0757243	0.0750155	0.0743386	0.0757214	0.134918	0.133741	0.136324	0.134917	0.13375	0.13631	1.79853	1.79853	12.0536	
10295.7	6	585596	12.8837	6	52	12.0813	6	52	0	0	0	0.0800144	0.0791714	0.0806286	0.0791989	0.0504043	0.0806257	0.143954	0.142089	0.145639	0.142499	0.0909529	0.145631	1.7991	1.79925	12.0541	
