10.4477	1	31	10.4403	1	31	9.63369	1	27	0	0	0	0.00499391	0.00470667	0.00535333	0.00499401	0	0.0100933	0.00895807	0.00850667	0.00958333	0.00895828	0	0.0185467	1.7938	1.79381	10.6368	
10.4626	1	33	10.4447	1	33	9.64367	1	31	0	0	0	0.0100062	0.00965667	0.0103967	0.0100061	0	0.0202167	0.0180478	0.0173033	0.0191	0.0180479	0	0.0363967	1.80365	1.80368	10.6197	
10.4735	1	34	10.4476	1	34	9.62942	1	31	0	0	0	0.0150311	0.0144367	0.01558	0.0150311	0	0.0301567	0.0270341	0.0255567	0.0287267	0.0270339	0	0.0553	1.79854	1.79853	10.6166	
10.4646	1	37	10.4271	1	34	9.61719	1	31	0	0	0	0.020063	0.0192133	0.02056	0.0200629	0	0.04057	0.0360442	0.0342933	0.03701	0.0360447	0	0.0729167	1.79655	1.79658	10.5879	
10.4882	1	38	10.4407	1	38	9.62834	1	38	0	0	0	0.0250671	0.0243567	0.0257033	0.025067	0	0.05097	0.0451293	0.04357	0.04708	0.0451293	0	0.0925033	1.80034	1.80035	10.5851	
10.5047	1	48	10.4421	1	34	9.64626	1	33	0	0	0	0.0300682	0.0294533	0.0308833	0.0300681	0	0.0606267	0.0541306	0.0524133	0.05635	0.0541302	0	0.10949	1.80026	1.80025	10.5746	
10.5183	1	46	10.4419	1	37	9.65328	1	34	0	0	0	0.0350706	0.0342667	0.0356333	0.0350703	0	0.0709233	0.0631274	0.0605667	0.0646867	0.063127	0	0.127287	1.80001	1.80001	10.5613	
10.5324	1	52	10.441	1	42	9.64244	1	38	0	0	0	0.0400941	0.0392067	0.0408067	0.0400934	0	0.08123	0.0721909	0.06963	0.0743333	0.0721901	0	0.146963	1.80054	1.80055	10.5483	
10.5522	1	56	10.4415	1	45	9.63973	1	45	0	0	0	0.0450691	0.04437	0.0457367	0.0450686	0	0.0907967	0.0810618	0.0796533	0.08337	0.0810603	0	0.16409	1.79861	1.7986	10.5388	
10.5721	1	70	10.4431	1	45	9.65193	1	42	0	0	0	0.050078	0.0492133	0.0508633	0.0500773	0	0.101007	0.0900839	0.08822	0.0926	0.0900829	0	0.18269	1.79887	1.79888	10.524	
10.6002	1	65	10.4499	1	48	9.65502	1	44	0	0	0	0.055088	0.05381	0.05593	0.0550872	0	0.110517	0.099037	0.0964233	0.102157	0.0990362	0	0.198823	1.7978	1.79781	10.5184	
10.6256	1	92	10.4501	1	55	9.65098	1	55	0	0	0	0.0600776	0.0591367	0.0612233	0.0600774	0	0.121447	0.108008	0.105257	0.110557	0.108008	0	0.219137	1.79781	1.79781	10.5056	
10.6564	1	95	10.4517	1	60	9.65553	1	56	0	0	0	0.0651088	0.0639433	0.0663033	0.0651081	0	0.13092	0.117116	0.115003	0.12039	0.117115	0	0.23671	1.79877	1.79878	10.4903	
10.6825	1	112	10.4495	1	48	9.65418	1	44	0	0	0	0.0700993	0.06909	0.0710867	0.070099	0	0.140907	0.12604	0.12349	0.128027	0.126039	0	0.252493	1.79802	1.79801	10.4741	
10.7324	1	91	10.4601	1	59	9.66573	1	59	0	0	0	0.0750704	0.0737533	0.0761233	0.0750703	0	0.150787	0.134951	0.131883	0.138263	0.13495	0	0.271593	1.79766	1.79765	10.4667	
10.7676	1	142	10.4581	1	63	9.66258	1	63	0	0	0	0.0800622	0.0788467	0.08103	0.0800616	0	0.160777	0.143965	0.14126	0.147247	0.143963	0	0.291657	1.79816	1.79815	10.4492	
10.8311	1	127	10.4616	1	61	9.65845	1	57	0	0	0	0.0850491	0.08395	0.08618	0.0850495	0	0.170403	0.152908	0.149993	0.157033	0.152907	0	0.307617	1.79788	1.79786	10.437	
10.9077	1	188	10.4711	1	66	9.67445	1	66	0	0	0	0.0900403	0.0884633	0.0911533	0.0900401	0	0.181337	0.16192	0.158507	0.16582	0.161919	0	0.326887	1.7983	1.7983	10.4251	
10.981	1	171	10.4792	1	64	9.67906	1	64	0	0	0	0.0950421	0.0937233	0.0968	0.0950416	0	0.190933	0.170927	0.16837	0.174373	0.170926	0	0.34298	1.79843	1.79843	10.416	
11.0893	1	185	10.485	1	68	9.68839	1	68	0	0	0	0.100013	0.0985333	0.100963	0.100014	0	0.20094	0.17977	0.175713	0.182563	0.179771	0	0.36232	1.79746	1.79746	10.4032	
11.2307	1	212	10.4853	1	75	9.69289	1	75	0	0	0	0.105002	0.103497	0.10623	0.105004	0	0.211673	0.188772	0.18511	0.191487	0.188774	0	0.380807	1.7978	1.79779	10.3823	
11.4789	1	365	10.4971	1	69	9.70131	1	69	0	0	0	0.110025	0.108803	0.110933	0.110026	0	0.220957	0.197865	0.193943	0.200563	0.197868	0	0.397047	1.79837	1.79837	10.3704	
11.7996	1	375	10.5093	1	66	9.71143	1	66	0	0	0	0.115005	0.113697	0.116357	0.115005	0	0.230957	0.206852	0.203757	0.2091	0.206851	0	0.415357	1.79864	1.79862	10.3608	
12.7011	1	602	10.5221	1	91	9.72606	1	91	0	0	0	0.119998	0.118283	0.122007	0.119998	0	0.240777	0.215831	0.212617	0.219593	0.215833	0	0.433163	1.79862	1.79863	10.3458	
16.3292	1	1421	10.5328	1	76	9.73074	1	76	0	0	0	0.124984	0.124201	0.125849	0.124986	0	0.250517	0.224925	0.222997	0.227071	0.224928	0	0.451619	1.79963	1.79963	10.333	
1167.07	1	110313	10.5393	1	77	9.73771	1	73	0	0	0	0.129974	0.129051	0.131577	0.129784	0	0.260813	0.233893	0.232011	0.236133	0.233556	0	0.468497	1.79954	1.79958	10.3146	
