9.97853	1	31	9.96891	1	31	9.17446	1	28	0	0	0	0.00499391	0.00470667	0.00535333	0.00499391	0	0.0102433	0.00895807	0.00850667	0.00958333	0.00895807	0	0.01824	1.7938	1.7938	10.1597	
9.97228	1	33	9.95201	1	33	9.14656	1	31	0	0	0	0.0100062	0.00965667	0.0103967	0.010006	0	0.0202333	0.0180478	0.0173033	0.0191	0.0180477	0	0.03651	1.80365	1.80369	10.1166	
9.97346	1	35	9.9419	1	32	9.12048	1	32	0	0	0	0.0150311	0.0144367	0.01558	0.015031	0	0.0305467	0.0270341	0.0255567	0.0287267	0.027034	0	0.0558133	1.79854	1.79854	10.0964	
9.98353	1	36	9.93864	1	35	9.14104	1	32	0	0	0	0.020063	0.0192133	0.02056	0.0200629	0	0.0403967	0.0360442	0.0342933	0.03701	0.0360443	0	0.07284	1.79655	1.79656	10.081	
10.0086	1	40	9.95047	1	36	9.14201	1	32	0	0	0	0.0250671	0.0243567	0.0257033	0.0250671	0	0.05071	0.0451293	0.04357	0.04708	0.0451297	0	0.0911267	1.80034	1.80035	10.0707	
10.0426	1	45	9.96895	1	44	9.16584	1	44	0	0	0	0.0300682	0.0294533	0.0308833	0.030068	0	0.0606033	0.0541306	0.0524133	0.05635	0.0541301	0	0.10922	1.80026	1.80025	10.0743	
10.0583	1	58	9.96629	1	53	9.16393	1	53	0	0	0	0.0350706	0.0342667	0.0356333	0.0350702	0	0.0706067	0.0631274	0.0605667	0.0646867	0.0631264	0	0.128127	1.80001	1.8	10.0548	
10.0935	1	87	9.98134	1	50	9.17793	1	50	0	0	0	0.0400941	0.0392067	0.0408067	0.0400935	0	0.08089	0.0721909	0.06963	0.0743333	0.0721903	0	0.147157	1.80054	1.80055	10.0507	
10.1257	1	73	9.98863	1	50	9.18675	1	50	0	0	0	0.0450691	0.04437	0.0457367	0.0450684	0	0.0906	0.0810618	0.0796533	0.08337	0.0810601	0	0.163357	1.79861	1.7986	10.0425	
10.1568	1	61	9.99638	1	56	9.1947	1	52	0	0	0	0.050078	0.0492133	0.0508633	0.0500777	0	0.10155	0.0900839	0.08822	0.0926	0.0900836	0	0.1827	1.79887	1.79888	10.0313	
10.1841	1	78	9.99608	1	57	9.1993	1	57	0	0	0	0.055088	0.05381	0.05593	0.0550877	0	0.110733	0.099037	0.0964233	0.102157	0.0990374	0	0.19893	1.7978	1.79781	10.0127	
10.2424	1	90	10.0214	1	59	9.22621	1	59	0	0	0	0.0600776	0.0591367	0.0612233	0.0600775	0	0.121313	0.108008	0.105257	0.110557	0.108008	0	0.218837	1.79781	1.79781	10.0194	
10.2824	1	87	10.0203	1	63	9.2264	1	63	0	0	0	0.0651088	0.0639433	0.0663033	0.0651088	0	0.131673	0.117116	0.115003	0.12039	0.117116	0	0.237903	1.79877	1.79877	9.99495	
10.3531	1	121	10.0448	1	58	9.25144	1	56	0	0	0	0.0700993	0.06909	0.0710867	0.0700996	0	0.140423	0.12604	0.12349	0.128027	0.12604	0	0.25268	1.79802	1.79802	10.0002	
10.4225	1	124	10.064	1	61	9.26271	1	57	0	0	0	0.0750704	0.0737533	0.0761233	0.0750701	0	0.150133	0.134951	0.131883	0.138263	0.13495	0	0.270947	1.79766	1.79765	9.99701	
10.4833	1	124	10.0693	1	64	9.26872	1	64	0	0	0	0.0800622	0.0788467	0.08103	0.0800618	0	0.161283	0.143965	0.14126	0.147247	0.143963	0	0.29067	1.79816	1.79815	9.98056	
10.5903	1	144	10.0906	1	64	9.28332	1	63	0	0	0	0.0850491	0.08395	0.08618	0.085049	0	0.170487	0.152908	0.149993	0.157033	0.152906	0	0.307457	1.79788	1.79786	9.97577	
10.7191	1	190	10.1093	1	62	9.30869	1	62	0	0	0	0.0900403	0.0884633	0.0911533	0.0900397	0	0.181357	0.16192	0.158507	0.16582	0.161918	0	0.328023	1.7983	1.79829	9.96707	
10.859	1	244	10.1303	1	73	9.33114	1	73	0	0	0	0.0950421	0.0937233	0.0968	0.0950424	0	0.19021	0.170927	0.16837	0.174373	0.170927	0	0.3427	1.79843	1.79843	9.9622	
11.0599	1	266	10.1484	1	71	9.35775	1	69	0	0	0	0.100013	0.0985333	0.100963	0.100014	0	0.200653	0.17977	0.175713	0.182563	0.179771	0	0.36169	1.79746	1.79746	9.95623	
11.3439	1	436	10.1735	1	70	9.37829	1	70	0	0	0	0.105002	0.103497	0.10623	0.105003	0	0.210953	0.188772	0.18511	0.191487	0.188773	0	0.381597	1.7978	1.79779	9.94832	
11.9354	1	542	10.2007	1	74	9.40273	1	74	0	0	0	0.110025	0.108803	0.110933	0.110026	0	0.220873	0.197865	0.193943	0.200563	0.197867	0	0.396957	1.79837	1.79837	9.9407	
13.2155	1	872	10.2271	1	82	9.42966	1	82	0	0	0	0.115005	0.113697	0.116357	0.115003	0	0.230597	0.206852	0.203757	0.2091	0.206847	0	0.4143	1.79864	1.79862	9.93503	
70.383	1	6996	10.2568	1	88	9.45653	1	88	0	0	0	0.119992	0.119041	0.120987	0.119992	0	0.24064	0.215974	0.214026	0.217827	0.215973	0	0.433736	1.7999	1.7999	9.92612	
1858.46	1	183279	10.2876	1	83	9.48305	1	83	0	0	0	0.124984	0.124201	0.125849	0.124695	0	0.250761	0.224925	0.222997	0.227071	0.2244	0	0.451561	1.79963	1.79959	9.92375	
