10.9166	2	35	10.8627	2	26	10.0638	2	22	0	0	0	0.00499391	0.00470667	0.00535333	0.00499406	0.00470333	0.00535333	0.00895807	0.00850667	0.00958333	0.00895844	0.00850667	0.00958333	1.7938	1.79382	11.0319	
11.0245	2	42	10.9029	2	25	10.0982	2	22	0	0	0	0.0100062	0.00965667	0.0103967	0.010006	0.00965667	0.0104	0.0180478	0.0173033	0.0191	0.0180479	0.0173033	0.0191	1.80365	1.8037	11.0143	
11.1228	2	39	10.9239	2	28	10.1107	2	25	0	0	0	0.0150311	0.0144367	0.01558	0.0150309	0.0144367	0.01558	0.0270341	0.0255567	0.0287267	0.0270337	0.0255567	0.02872	1.79854	1.79854	10.9913	
11.252	2	50	10.9516	2	28	10.1626	2	27	0	0	0	0.020063	0.0192133	0.02056	0.0200631	0.01921	0.0205567	0.0360442	0.0342933	0.03701	0.0360448	0.03429	0.0370133	1.79655	1.79658	10.9683	
11.4171	2	75	10.9953	2	30	10.1869	2	26	0	0	0	0.0250671	0.0243567	0.0257033	0.0250668	0.02436	0.0257	0.0451293	0.04357	0.04708	0.0451286	0.0435767	0.04708	1.80034	1.80034	10.9482	
11.6173	2	81	11.039	2	30	10.2355	2	28	0	0	0	0.0300682	0.0294533	0.0308833	0.030068	0.0294533	0.03088	0.0541306	0.0524133	0.05635	0.0541301	0.0524133	0.0563467	1.80026	1.80026	10.9237	
11.8611	2	90	11.0924	2	33	10.2986	2	29	0	0	0	0.0350706	0.0342667	0.0356333	0.03507	0.03427	0.0356367	0.0631274	0.0605667	0.0646867	0.0631258	0.06057	0.06469	1.80001	1.8	10.8987	
12.2252	2	152	11.1648	2	42	10.3616	2	42	0	0	0	0.0400941	0.0392067	0.0408067	0.0400931	0.0392067	0.0408067	0.0721909	0.06963	0.0743333	0.0721899	0.0696233	0.0743333	1.80054	1.80056	10.8773	
12.6679	2	178	11.2462	2	38	10.4463	2	38	0	0	0	0.0450691	0.04437	0.0457367	0.0450683	0.04437	0.0457367	0.0810618	0.0796533	0.08337	0.0810601	0.0796467	0.08337	1.79861	1.7986	10.8541	
13.3226	2	215	11.343	2	59	10.5463	2	59	0	0	0	0.050078	0.0492133	0.0508633	0.0500779	0.0492133	0.05086	0.0900839	0.08822	0.0926	0.0900836	0.0882067	0.0926067	1.79887	1.79887	10.8301	
14.3159	2	389	11.4649	2	42	10.6713	2	40	0	0	0	0.055088	0.05381	0.05593	0.0550875	0.05381	0.05593	0.099037	0.0964233	0.102157	0.0990368	0.0964233	0.102173	1.7978	1.79781	10.804	
15.8635	2	386	11.6086	2	42	10.8149	2	42	0	0	0	0.0600776	0.0591367	0.0612233	0.0600776	0.0591467	0.0612233	0.108008	0.105257	0.110557	0.108007	0.105267	0.11056	1.79781	1.79779	10.7799	
18.9502	2	502	11.7556	2	43	10.9599	2	42	0	0	0	0.0651088	0.0639433	0.0663033	0.0651082	0.0639433	0.0663033	0.117116	0.115003	0.12039	0.117114	0.115003	0.12039	1.79877	1.79876	10.7505	
27.3512	2	1228	11.9329	2	44	11.14	2	44	0	0	0	0.0700993	0.06909	0.0710867	0.0700966	0.06909	0.0710867	0.12604	0.12349	0.128027	0.126035	0.123537	0.12805	1.79802	1.79802	10.722	
579.859	2	19939	12.2026	2	79	11.4076	2	79	0	0	0	0.0750159	0.0743357	0.0757243	0.0749502	0.0731686	0.0756014	0.134918	0.133741	0.136324	0.134801	0.132239	0.13631	1.79853	1.79854	10.6958	
