10.819	1	34	10.8088	1	34	10.0126	1	30	0	0	0	0.00499391	0.00470667	0.00535333	0.00499406	0.00472333	0.00524667	0.00895807	0.00850667	0.00958333	0.00895854	0.00813	0.00964	1.7938	1.79384	11.0036	
10.8429	1	38	10.8173	1	38	10.0003	1	36	0	0	0	0.0100062	0.00965667	0.0103967	0.010006	0.00945667	0.01046	0.0180478	0.0173033	0.0191	0.0180478	0.0166833	0.01902	1.80365	1.80369	10.9911	
10.8731	1	44	10.8329	1	44	10.0402	1	40	0	0	0	0.0150311	0.0144367	0.01558	0.015031	0.0145333	0.0157333	0.0270341	0.0255567	0.0287267	0.0270339	0.0257867	0.02832	1.79854	1.79854	11.0004	
10.8841	1	52	10.8297	1	52	10.043	1	52	0	0	0	0.020063	0.0192133	0.02056	0.0200629	0.01946	0.0206567	0.0360442	0.0342933	0.03701	0.0360443	0.03447	0.0372167	1.79655	1.79657	10.9859	
10.9105	1	50	10.8406	1	50	10.0498	1	47	0	0	0	0.0250671	0.0243567	0.0257033	0.0250669	0.0244433	0.0256967	0.0451293	0.04357	0.04708	0.0451292	0.0434933	0.0469567	1.80034	1.80035	10.9807	
10.948	1	53	10.8607	1	53	10.0541	1	53	0	0	0	0.0300682	0.0294533	0.0308833	0.0300681	0.0293233	0.0307833	0.0541306	0.0524133	0.05635	0.0541299	0.0521233	0.0558533	1.80026	1.80025	10.9865	
10.9786	1	59	10.8716	1	59	10.0752	1	55	0	0	0	0.0350706	0.0342667	0.0356333	0.0350699	0.03427	0.03586	0.0631274	0.0605667	0.0646867	0.0631258	0.0610033	0.0651233	1.80001	1.8	10.9849	
11.0008	1	57	10.873	1	57	10.0739	1	53	0	0	0	0.0400941	0.0392067	0.0408067	0.0400932	0.0393167	0.0408067	0.0721909	0.06963	0.0743333	0.0721899	0.0702367	0.0741767	1.80054	1.80055	10.9733	
11.0485	1	60	10.8958	1	60	10.0966	1	56	0	0	0	0.0450691	0.04437	0.0457367	0.0450683	0.04418	0.04582	0.0810618	0.0796533	0.08337	0.08106	0.0788367	0.0836733	1.79861	1.7986	10.9821	
11.0719	1	55	10.8934	1	55	10.0994	1	52	0	0	0	0.050078	0.0492133	0.0508633	0.0500774	0.0487167	0.0508033	0.0900839	0.08822	0.0926	0.090083	0.0870367	0.0924833	1.79887	1.79888	10.9655	
11.1169	1	58	10.9152	1	58	10.1166	1	55	0	0	0	0.055088	0.05381	0.05593	0.0550877	0.05374	0.0558933	0.099037	0.0964233	0.102157	0.099037	0.0958733	0.10191	1.7978	1.79781	10.9745	
11.1543	1	66	10.9217	1	66	10.1195	1	62	0	0	0	0.0600776	0.0591367	0.0612233	0.0600769	0.0589433	0.06136	0.108008	0.105257	0.110557	0.108007	0.10527	0.111	1.79781	1.79781	10.9652	
11.206	1	63	10.9415	1	57	10.1472	1	57	0	0	0	0.0651088	0.0639433	0.0663033	0.0651084	0.06408	0.06601	0.117116	0.115003	0.12039	0.117115	0.114403	0.12033	1.79877	1.79876	10.9677	
11.2594	1	72	10.9562	1	70	10.1607	1	70	0	0	0	0.0700993	0.06909	0.0710867	0.0700992	0.0689233	0.07111	0.12604	0.12349	0.128027	0.12604	0.123163	0.129037	1.79802	1.79803	10.9655	
11.3074	1	69	10.9707	1	69	10.1741	1	65	0	0	0	0.0750704	0.0737533	0.0761233	0.0750697	0.07412	0.0762033	0.134951	0.131883	0.138263	0.13495	0.132267	0.13767	1.79766	1.79766	10.9648	
11.368	1	76	10.9881	1	59	10.1898	1	59	0	0	0	0.0800622	0.0788467	0.08103	0.080062	0.0790033	0.08138	0.143965	0.14126	0.147247	0.143963	0.140457	0.147027	1.79816	1.79815	10.9646	
11.4412	1	62	11.0129	1	62	10.2149	1	58	0	0	0	0.0850491	0.08395	0.08618	0.0850489	0.08404	0.0861667	0.152908	0.149993	0.157033	0.152906	0.149053	0.155487	1.79788	1.79786	10.9708	
11.5079	1	69	11.0246	1	62	10.2308	1	62	0	0	0	0.0900403	0.0884633	0.0911533	0.0900397	0.0889633	0.0911233	0.16192	0.158507	0.16582	0.161918	0.159343	0.16494	1.7983	1.79829	10.9619	
11.5858	1	84	11.0486	1	76	10.2491	1	76	0	0	0	0.0950421	0.0937233	0.0968	0.0950423	0.09377	0.0961033	0.170927	0.16837	0.174373	0.170928	0.168263	0.17404	1.79843	1.79844	10.9664	
11.6822	1	81	11.0785	1	81	10.2876	1	77	0	0	0	0.100013	0.0985333	0.100963	0.100013	0.0988667	0.101283	0.17977	0.175713	0.182563	0.17977	0.177203	0.183697	1.79746	1.79746	10.9734	
11.7714	1	82	11.1004	1	69	10.3027	1	67	0	0	0	0.105002	0.103497	0.10623	0.105002	0.103797	0.106123	0.188772	0.18511	0.191487	0.188772	0.186543	0.19173	1.7978	1.79779	10.9752	
11.8791	1	87	11.127	1	71	10.3312	1	71	0	0	0	0.110025	0.108803	0.110933	0.110025	0.10886	0.111093	0.197865	0.193943	0.200563	0.197867	0.19518	0.200667	1.79837	1.79838	10.9808	
12.0068	1	85	11.1563	1	74	10.3568	1	74	0	0	0	0.115005	0.113697	0.116357	0.115005	0.113763	0.116017	0.206852	0.203757	0.2091	0.206852	0.203857	0.209787	1.79864	1.79862	10.9831	
12.1372	1	86	11.1868	1	85	10.3846	1	81	0	0	0	0.119998	0.118283	0.122007	0.119999	0.118793	0.121067	0.215831	0.212617	0.219593	0.215834	0.212973	0.21864	1.79862	1.79863	10.9896	
12.2831	1	120	11.219	1	73	10.4118	1	73	0	0	0	0.124993	0.123113	0.12644	0.124994	0.123777	0.126093	0.224807	0.220247	0.228537	0.22481	0.221633	0.22837	1.79855	1.79857	10.9959	
12.4412	1	100	11.252	1	81	10.4499	1	81	0	0	0	0.129989	0.12858	0.131213	0.129989	0.12839	0.13147	0.233868	0.23049	0.23632	0.233867	0.229853	0.23703	1.79914	1.79913	11.0007	
12.6403	1	102	11.2864	1	82	10.4877	1	82	0	0	0	0.134996	0.133053	0.136197	0.134996	0.133047	0.13652	0.242952	0.23897	0.246583	0.242948	0.238563	0.246107	1.7997	1.79968	11.0047	
12.8486	1	120	11.3249	1	86	10.5254	1	82	0	0	0	0.139994	0.138493	0.142013	0.139994	0.138473	0.141413	0.251952	0.2488	0.256253	0.251951	0.248317	0.25522	1.79974	1.79974	11.0116	
13.1009	1	129	11.3649	1	91	10.5707	1	91	0	0	0	0.144979	0.143773	0.146277	0.144979	0.143497	0.146333	0.260954	0.25741	0.263863	0.260953	0.25663	0.264307	1.79993	1.79993	11.0192	
13.3712	1	141	11.4077	1	83	10.6074	1	83	0	0	0	0.149981	0.1487	0.151823	0.149982	0.148327	0.151703	0.270081	0.26642	0.273153	0.270085	0.26539	0.27345	1.80077	1.80078	11.0256	
13.6817	1	177	11.446	1	85	10.6455	1	85	0	0	0	0.154962	0.15343	0.15657	0.154962	0.15357	0.156873	0.279066	0.27367	0.282937	0.279063	0.27495	0.282557	1.80087	1.80085	11.0304	
14.0294	1	148	11.4937	1	86	10.6956	1	83	0	0	0	0.159974	0.158073	0.162527	0.159974	0.15853	0.162147	0.288056	0.282593	0.29182	0.28806	0.283527	0.292437	1.80065	1.80066	11.0396	
14.4683	1	147	11.5385	1	98	10.7378	1	98	0	0	0	0.164998	0.163683	0.166847	0.165	0.16324	0.166757	0.297144	0.293697	0.301447	0.297149	0.29168	0.30114	1.8009	1.8009	11.0439	
14.9501	1	159	11.5891	1	86	10.7876	1	86	0	0	0	0.170007	0.16855	0.171683	0.170007	0.168243	0.171633	0.306169	0.301913	0.31111	0.306168	0.300297	0.31062	1.80092	1.80092	11.0534	
15.523	1	164	11.6438	1	96	10.8481	1	96	0	0	0	0.175015	0.173623	0.17631	0.175015	0.17337	0.176523	0.315164	0.312147	0.320017	0.315164	0.310627	0.319097	1.80078	1.80078	11.0633	
16.3038	1	220	11.7057	1	95	10.9078	1	95	0	0	0	0.180035	0.178473	0.18132	0.180036	0.178147	0.18141	0.324209	0.320797	0.328063	0.324214	0.318563	0.328247	1.80081	1.80083	11.0718	
17.2098	1	206	11.767	1	97	10.9677	1	94	0	0	0	0.185042	0.183443	0.187247	0.185042	0.183193	0.18688	0.333258	0.329457	0.33815	0.333258	0.328753	0.336947	1.80099	1.80099	11.0829	
18.3397	1	232	11.8268	1	97	11.0279	1	97	0	0	0	0.190052	0.188477	0.191613	0.190052	0.18832	0.191673	0.34228	0.33753	0.345813	0.342278	0.336907	0.34601	1.80098	1.80097	11.0917	
19.8524	1	297	11.904	1	108	11.1055	1	108	0	0	0	0.195078	0.193537	0.196577	0.195081	0.19354	0.196643	0.351371	0.346713	0.35519	0.35138	0.345603	0.355283	1.80119	1.8012	11.1066	
21.8199	1	308	11.9722	1	111	11.1728	1	108	0	0	0	0.200077	0.198617	0.201723	0.200077	0.198207	0.201993	0.360267	0.355607	0.36468	0.360267	0.354497	0.364237	1.80064	1.80064	11.1142	
24.4379	1	436	12.0362	1	94	11.2339	1	93	0	0	0	0.20508	0.20345	0.206583	0.205079	0.20312	0.207217	0.369221	0.364673	0.373783	0.369213	0.364243	0.372483	1.80038	1.80035	11.1208	
30.1613	1	593	12.1387	1	124	11.3424	1	120	0	0	0	0.210069	0.20844	0.211993	0.210066	0.207983	0.212263	0.378249	0.374823	0.38371	0.378245	0.373117	0.38231	1.80059	1.8006	11.1357	
38.5446	1	816	12.2141	1	111	11.4117	1	111	0	0	0	0.215034	0.21343	0.216783	0.215044	0.213543	0.217393	0.38709	0.382543	0.391393	0.38711	0.383003	0.391183	1.80013	1.80015	11.1445	
80.7196	1	2474	12.3087	1	122	11.5107	1	122	0	0	0	0.220014	0.218425	0.221285	0.219962	0.218557	0.222305	0.396134	0.39233	0.40017	0.396039	0.392888	0.400775	1.8005	1.80049	11.155	
3166.82	1	63598	12.384	1	132	11.5844	1	128	0	0	0	0.224951	0.224034	0.226276	0.22393	0.222817	0.225519	0.40501	0.402551	0.408337	0.403176	0.400651	0.408073	1.80044	1.80046	11.1661	
