23.5168	10	70	23.5069	10	70	23.0937	10	68	0.011003	0	2	0.00499391	0.00468333	0.00544667	0.00499391	0	0.00986333	0.00697302	0.00645	0.00758	0.00697323	0	0.0138633	1.39631	1.39635	5.24475	
23.6661	10	76	23.6441	10	75	23.2431	10	75	0.0238497	0	2	0.0100062	0.00969	0.01043	0.010006	0	0.0201833	0.014022	0.01366	0.01482	0.0140216	0	0.02773	1.40133	1.40132	5.23897	
23.8159	10	78	23.7829	10	75	23.3797	10	74	0.0369857	0	2	0.0150311	0.0145533	0.0155267	0.0150306	0	0.0302667	0.0210356	0.02021	0.0218467	0.021035	0	0.04244	1.39947	1.39948	5.22855	
24.051	10	83	24.0045	10	80	23.5746	10	80	0.04976	0	2	0.020063	0.0193933	0.0205867	0.0200624	0	0.0403367	0.0280604	0.0268967	0.02899	0.0280597	0	0.0565033	1.39862	1.39862	5.23216	
24.3456	10	83	24.2835	10	81	23.8649	10	81	0.0632096	0	2	0.0250671	0.02453	0.0255567	0.0250666	0	0.0503133	0.0350995	0.03419	0.0361233	0.0350984	0	0.0706467	1.40022	1.40021	5.23763	
24.6618	10	91	24.5843	10	89	24.1524	10	89	0.075994	0	2	0.0300682	0.0291967	0.0305867	0.030067	0	0.0605067	0.0420955	0.0408833	0.0429267	0.0420939	0	0.0846067	1.4	1.4	5.23411	
25.0814	10	87	24.9833	10	87	24.5339	10	87	0.088849	0	2	0.0350706	0.03432	0.03617	0.0350694	0	0.0693433	0.049093	0.0477067	0.0507233	0.0490912	0	0.0971233	1.39983	1.39983	5.23564	
25.6398	10	104	25.51	10	104	25.0483	10	102	0.103405	0	2	0.0400941	0.0393233	0.0408233	0.0400926	0	0.0810267	0.0561355	0.0547433	0.0575733	0.0561336	0	0.11386	1.40009	1.4001	5.23221	
26.4306	10	117	26.2584	10	117	25.7782	10	117	0.116881	0	2	0.0450691	0.04407	0.0458767	0.0450676	0	0.0908967	0.0630745	0.0616967	0.0642433	0.0630727	0	0.127103	1.39951	1.39951	5.23564	
27.6062	10	188	27.3517	10	144	26.8482	10	144	0.129516	0	2	0.0500779	0.0490767	0.05075	0.0500762	0	0.0994433	0.0700785	0.06875	0.0713767	0.070076	0	0.139357	1.39939	1.39939	5.23292	
29.5976	10	232	29.1284	10	161	28.5741	10	160	0.144197	0	2	0.0550879	0.0544333	0.05588	0.0550863	0	0.110937	0.0770664	0.0760667	0.0785267	0.0770636	0	0.15539	1.39897	1.39896	5.23473	
34.1587	10	423	32.6608	10	211	31.9576	10	207	0.159302	0	2	0.0600782	0.0592867	0.0609267	0.0600788	0	0.119667	0.0840488	0.0827867	0.0854767	0.0840489	0	0.167167	1.39899	1.39898	5.23529	
63.7934	10	2353	40.6337	10	273	39.4668	10	273	0.17541	0	2	0.0650315	0.064288	0.0658	0.065031	0	0.130008	0.0909979	0.089832	0.092536	0.0909976	0	0.181764	1.39929	1.3993	5.23254	
23452.2	10	303443	54.5228	10	321	50.4841	10	317	0.187889	0	2	0.0681688	0.0544486	0.07078	0.0681689	0	0.13967	0.0953756	0.0761571	0.0995186	0.0953751	0	0.1952	1.39911	1.3991	5.2424	
