7.08841	2	24	7.08841	2	24	6.26388	2	22	0	0	0	0.00503313	0.00481	0.00530333	0.00503313	0.00481	0.0053	0.00901479	0.00842333	0.00938667	0.00901479	0.00842333	0.00938667	1.79109	1.79109	7.27091	
7.19272	2	27	7.19245	2	27	6.42293	2	23	0	0	0	0.0100071	0.00965667	0.0101967	0.0100071	0.00965667	0.0102	0.0181071	0.0176567	0.0190767	0.0181075	0.0176567	0.01908	1.80943	1.80947	7.33268	
7.28129	2	26	7.28071	2	26	6.5107	2	22	0	0	0	0.0149985	0.0147133	0.0155233	0.0149985	0.0147133	0.01552	0.0269394	0.0256067	0.0280867	0.0269394	0.0256067	0.0280867	1.79613	1.79613	7.40501	
7.32656	2	27	7.32572	2	27	6.53494	2	24	0	0	0	0.019986	0.01961	0.02052	0.019986	0.01961	0.0205167	0.0358335	0.03493	0.03684	0.0358327	0.03493	0.0368367	1.79293	1.79289	7.42761	
7.41078	2	27	7.4094	2	27	6.61496	2	24	0	0	0	0.0249837	0.0244333	0.0254267	0.024984	0.0244333	0.0254233	0.0448033	0.0432067	0.0459867	0.0448044	0.0432067	0.0459833	1.7933	1.79333	7.48192	
7.5064	2	36	7.50359	2	36	6.69218	2	32	0	0	0	0.0300242	0.0295467	0.03048	0.0300242	0.0295433	0.0304767	0.0540175	0.05332	0.0554333	0.0540175	0.0533167	0.0554333	1.79913	1.79913	7.53593	
7.58327	2	46	7.57807	2	46	6.77138	2	43	0	0	0	0.0350258	0.03456	0.0356267	0.0350258	0.0345567	0.0356267	0.0631567	0.0616533	0.06481	0.0631567	0.06165	0.0648067	1.80315	1.80315	7.56875	
7.65252	2	39	7.64424	2	39	6.84691	2	35	0	0	0	0.0400277	0.03946	0.04073	0.0400279	0.0394567	0.0407267	0.0721635	0.0709767	0.07374	0.0721642	0.0709933	0.0737367	1.80284	1.80285	7.60903	
7.7648	2	40	7.75408	2	40	6.93461	2	36	0	0	0	0.0450169	0.0439567	0.0456967	0.0450169	0.0439567	0.0456967	0.0811485	0.0793167	0.08211	0.0811502	0.0793167	0.08211	1.80262	1.80266	7.6804	
7.84239	2	40	7.82688	2	40	7.03167	2	36	0	0	0	0.0499998	0.0493	0.0506933	0.0500002	0.0493	0.05069	0.0900577	0.0887133	0.0915567	0.090059	0.0887133	0.0915667	1.80116	1.80117	7.71291	
7.93446	2	42	7.91258	2	42	7.13281	2	38	0	0	0	0.0550015	0.05412	0.0556867	0.0550017	0.05412	0.0556833	0.0989573	0.0961867	0.101667	0.0989579	0.0961933	0.101663	1.79918	1.79918	7.7666	
8.04283	2	58	8.012	2	58	7.21634	2	54	0	0	0	0.0599671	0.0591933	0.0606667	0.0599675	0.0591933	0.0606633	0.107884	0.10628	0.110047	0.107885	0.106297	0.11005	1.79905	1.79905	7.82208	
8.14323	2	45	8.10312	2	43	7.31022	2	41	0	0	0	0.0650215	0.0644433	0.06613	0.0650215	0.06444	0.0661367	0.116787	0.114973	0.119243	0.116787	0.11497	0.119247	1.79613	1.79613	7.86496	
8.26817	2	47	8.21686	2	47	7.43783	2	47	0	0	0	0.0699785	0.0688767	0.0706767	0.0699788	0.0688767	0.07068	0.125762	0.123223	0.12785	0.12576	0.123223	0.127843	1.79715	1.79711	7.92955	
8.38742	2	43	8.32097	2	43	7.53603	2	41	0	0	0	0.0749754	0.0739667	0.0760933	0.0749758	0.0739633	0.0760933	0.134679	0.132943	0.137253	0.134677	0.132947	0.137253	1.79631	1.79627	7.97582	
8.53194	2	60	8.44775	2	60	7.67226	2	56	0	0	0	0.0799906	0.0789433	0.0806033	0.0799906	0.07894	0.0806067	0.143754	0.1418	0.145303	0.143754	0.141793	0.145303	1.79713	1.79714	8.03235	
8.69725	2	48	8.58786	2	48	7.82319	2	44	0	0	0	0.0850135	0.0841767	0.08594	0.0850121	0.0841767	0.0859433	0.152908	0.15066	0.154753	0.152903	0.15064	0.154737	1.79864	1.7986	8.10093	
8.859	2	52	8.72305	2	51	7.94754	2	47	0	0	0	0.0900248	0.0892033	0.09142	0.0900263	0.0892067	0.0914167	0.16201	0.159603	0.16706	0.162009	0.159607	0.167047	1.79961	1.79957	8.15956	
9.02419	2	49	8.85316	2	49	8.07638	2	45	0	0	0	0.0950098	0.0942767	0.09608	0.0950098	0.0942767	0.0960767	0.170997	0.16884	0.173027	0.170998	0.168837	0.17303	1.79979	1.79979	8.21284	
9.21708	2	54	9.00617	2	54	8.23446	2	53	0	0	0	0.100001	0.0992933	0.10096	0.100002	0.0992867	0.100963	0.180058	0.177937	0.182947	0.180057	0.177937	0.18295	1.80056	1.80053	8.2665	
9.43488	2	65	9.16682	2	65	8.39877	2	61	0	0	0	0.105056	0.104367	0.105867	0.105056	0.104363	0.10587	0.189182	0.1872	0.191547	0.189182	0.187197	0.19155	1.80077	1.80077	8.33395	
9.68378	2	67	9.3495	2	67	8.57813	2	63	0	0	0	0.110075	0.108663	0.11093	0.110076	0.108667	0.110927	0.198212	0.19493	0.200707	0.198215	0.194933	0.200707	1.80071	1.8007	8.40671	
9.98036	2	65	9.56204	2	59	8.80337	2	57	0	0	0	0.115057	0.113993	0.11592	0.115057	0.113997	0.11593	0.207168	0.20457	0.210507	0.207166	0.204573	0.210517	1.80056	1.80055	8.4878	
10.2971	2	75	9.77447	2	66	9.03072	2	62	0	0	0	0.120091	0.11929	0.121323	0.120091	0.119297	0.121317	0.216163	0.21313	0.21876	0.216168	0.213143	0.21876	1.8	1.80002	8.56493	
10.7007	2	82	10.0268	2	82	9.28967	2	78	0	0	0	0.125085	0.12432	0.126297	0.125085	0.12433	0.1263	0.22529	0.223193	0.229163	0.225287	0.223177	0.229167	1.80109	1.80107	8.63903	
11.0714	2	90	10.2587	2	90	9.52207	2	86	0	0	0	0.130036	0.12924	0.131267	0.130034	0.12924	0.131267	0.23412	0.231557	0.23707	0.234118	0.23156	0.23708	1.80043	1.80044	8.70355	
11.5724	2	81	10.5355	2	72	9.81459	2	68	0	0	0	0.135046	0.134093	0.136103	0.135047	0.134077	0.1361	0.243109	0.241307	0.245997	0.243111	0.24132	0.245993	1.80019	1.8002	8.77707	
12.191	2	122	10.8505	2	71	10.1242	2	71	0	0	0	0.140089	0.13944	0.141097	0.140087	0.139437	0.1411	0.252135	0.24934	0.25455	0.252127	0.249337	0.254553	1.79982	1.7998	8.86176	
12.9108	2	113	11.1985	2	94	10.4768	2	94	0	0	0	0.145101	0.143857	0.14625	0.145097	0.143847	0.146237	0.261322	0.259377	0.263003	0.261318	0.259353	0.263	1.80097	1.80098	8.9469	
13.9411	2	198	11.5976	2	95	10.8969	2	91	0	0	0	0.150073	0.148857	0.15121	0.15007	0.14886	0.151203	0.270177	0.26602	0.273463	0.270172	0.266027	0.27345	1.80031	1.8003	9.02275	
15.0418	2	147	11.9853	2	97	11.28	2	93	0	0	0	0.155095	0.153963	0.155983	0.155092	0.153967	0.155973	0.279321	0.275037	0.28224	0.279316	0.275027	0.282253	1.80096	1.80098	9.0901	
16.8408	2	251	12.5225	2	108	11.8215	2	104	0	0	0	0.160132	0.159087	0.161083	0.160126	0.1591	0.16108	0.288289	0.285193	0.291183	0.288279	0.285223	0.291173	1.80032	1.80032	9.1979	
19.6195	2	342	13.1061	2	114	12.4142	2	110	0	0	0	0.165183	0.164203	0.166453	0.16518	0.164187	0.166433	0.297368	0.293813	0.300543	0.297365	0.29382	0.300577	1.80023	1.80026	9.28236	
24.0388	2	448	13.761	2	125	13.0739	2	125	0	0	0	0.170181	0.169017	0.171337	0.170173	0.169003	0.171317	0.306336	0.302677	0.31067	0.306324	0.302683	0.3107	1.80006	1.80008	9.3598	
33.4566	2	925	14.4464	2	136	13.7735	2	132	0	0	0	0.175065	0.174046	0.176162	0.175073	0.174044	0.176152	0.314814	0.3135	0.316642	0.31483	0.313716	0.316632	1.79827	1.79827	9.42726	
168.585	2	7864	15.4354	2	122	14.7516	2	122	0	0	0	0.180062	0.179326	0.18081	0.180066	0.179323	0.180794	0.323767	0.321927	0.325564	0.323777	0.321916	0.325543	1.79809	1.7981	9.52867	
3920.39	2	106176	16.2597	2	153	15.5567	2	153	0	0	0	-0.431832	-0.429455	-0.433679	-0.428932	-0.385249	-0.433805	-0.776465	-0.772287	-0.780571	-0.771237	-0.692088	-0.780751	1.79807	1.79804	9.57452	
