5.6492	1	27	5.64833	1	27	4.91737	1	23	0	0	0	0.00503313	0.00481	0.00530333	0.00503292	0	0.02034	0.00901479	0.00842333	0.00938667	0.00901458	0	0.03638	1.79109	1.79113	5.7973	
5.79608	1	33	5.79496	1	33	5.00888	1	29	0	0	0	0.0100071	0.00965667	0.0101967	0.0100071	0	0.0406567	0.0181071	0.0176567	0.0190767	0.0181073	0	0.0732967	1.80943	1.80945	5.85458	
5.91306	1	32	5.91082	1	32	5.13	1	28	0	0	0	0.0149985	0.0147133	0.0155233	0.0149983	0	0.0602167	0.0269394	0.0256067	0.0280867	0.0269392	0	0.10803	1.79613	1.79614	5.92063	
6.0415	1	41	6.03782	1	41	5.2824	1	37	0	0	0	0.019986	0.01961	0.02052	0.0199863	0	0.0805133	0.0358335	0.03493	0.03684	0.0358337	0	0.14498	1.79293	1.79292	5.97337	
6.20442	1	45	6.19878	1	45	5.48255	1	41	0	0	0	0.0249837	0.0244333	0.0254267	0.024984	0	0.1007	0.0448033	0.0432067	0.0459867	0.0448046	0	0.18158	1.7933	1.79333	6.04922	
6.37772	1	45	6.36804	1	45	5.63422	1	41	0	0	0	0.0300242	0.0295467	0.03048	0.0300242	0	0.12085	0.0540175	0.05332	0.0554333	0.0540175	0	0.21757	1.79913	1.79913	6.11192	
6.56013	1	46	6.5476	1	46	5.83665	1	42	0	0	0	0.0350258	0.03456	0.0356267	0.0350254	0	0.14059	0.0631567	0.0616533	0.06481	0.0631562	0	0.253737	1.80315	1.80315	6.18215	
6.77991	1	52	6.75991	1	52	6.08654	1	48	0	0	0	0.0400277	0.03946	0.04073	0.0400277	0	0.160507	0.0721635	0.0709767	0.07374	0.0721644	0	0.2902	1.80284	1.80286	6.27112	
6.99955	1	54	6.97362	1	54	6.30979	1	50	0	0	0	0.0450169	0.0439567	0.0456967	0.0450171	0	0.18061	0.0811485	0.0793167	0.08211	0.0811496	0	0.325537	1.80262	1.80264	6.35806	
7.24788	1	54	7.21265	1	54	6.5917	1	50	0	0	0	0.0499998	0.0493	0.0506933	0.05	0	0.201593	0.0900577	0.0887133	0.0915567	0.0900585	0	0.361353	1.80116	1.80117	6.45629	
7.53294	1	62	7.48348	1	62	6.88595	1	58	0	0	0	0.0550015	0.05412	0.0556867	0.055001	0	0.221877	0.0989573	0.0961867	0.101667	0.0989567	0	0.397143	1.79918	1.79918	6.55936	
7.86447	1	75	7.79746	1	69	7.25725	1	65	0	0	0	0.0599671	0.0591933	0.0606667	0.0599675	0	0.241723	0.107884	0.10628	0.110047	0.107884	0	0.433653	1.79905	1.79904	6.67972	
8.23495	1	76	8.14202	1	76	7.6384	1	72	0	0	0	0.0650215	0.0644433	0.06613	0.06502	0	0.262287	0.116787	0.114973	0.119243	0.116784	0	0.470753	1.79613	1.79613	6.82035	
8.72191	1	85	8.59369	1	85	8.14874	1	81	0	0	0	0.0699785	0.0688767	0.0706767	0.0699775	0	0.28181	0.125762	0.123223	0.12785	0.12576	0	0.5068	1.79715	1.79716	7.0096	
9.29466	1	89	9.11535	1	87	8.69431	1	83	0	0	0	0.0749754	0.0739667	0.0760933	0.0749744	0	0.302107	0.134679	0.132943	0.137253	0.134674	0	0.543013	1.79631	1.79627	7.21623	
10.0464	1	124	9.7783	1	120	9.4701	1	116	0	0	0	0.0799906	0.0789433	0.0806033	0.0799906	0	0.32179	0.143754	0.1418	0.145303	0.143755	0	0.578617	1.79713	1.79715	7.48511	
11.0084	1	161	10.5974	1	127	10.3434	1	123	0	0	0	0.0850135	0.0841767	0.08594	0.0850121	0	0.341753	0.152908	0.15066	0.154753	0.1529	0	0.61483	1.79864	1.79857	7.82315	
12.4089	1	198	11.7317	1	146	11.5448	1	142	0	0	0	0.0900248	0.0892033	0.09142	0.090024	0	0.361833	0.16201	0.159603	0.16706	0.162009	0	0.65082	1.79961	1.79963	8.30103	
14.3683	1	302	13.1442	1	159	13.0482	1	159	0	0	0	0.0950098	0.0942767	0.09608	0.0950102	0	0.381347	0.170997	0.16884	0.173027	0.170999	0	0.68814	1.79979	1.7998	8.87931	
18.1893	1	368	15.5163	1	211	15.5215	1	207	0	0	0	0.100001	0.0992933	0.10096	0.0999927	0	0.401537	0.180058	0.177937	0.182947	0.180042	0	0.72569	1.80056	1.80055	9.86809	
37.0972	1	1795	20.1488	1	233	20.2694	1	229	0	0	0	0.104967	0.104326	0.105526	0.104957	0	0.421262	0.18889	0.18744	0.191384	0.188875	0	0.759198	1.79951	1.79954	11.6773	
8761.8	1	395818	27.3049	1	274	27.4176	1	271	0	0	0	-0.256471	-0.254599	-0.258022	-0.249978	0	-1.00416	-0.461463	-0.456185	-0.466115	-0.44986	0	-1.80647	1.79928	1.7996	14.2198	
