7.11834	2	22	7.1183	2	22	6.38059	2	22	0	0	0	0.00503313	0.00481	0.00530333	0.00503313	0.00481	0.0053	0.00901479	0.00842333	0.00938667	0.00901479	0.00842333	0.00938667	1.79109	1.79109	7.30018	
7.25151	2	25	7.25143	2	25	6.42614	2	23	0	0	0	0.0100071	0.00965667	0.0101967	0.0100071	0.00965667	0.0102	0.0181071	0.0176567	0.0190767	0.0181077	0.0176567	0.01908	1.80943	1.80949	7.38798	
7.31852	2	26	7.31807	2	26	6.53701	2	23	0	0	0	0.0149985	0.0147133	0.0155233	0.0149985	0.0147133	0.01552	0.0269394	0.0256067	0.0280867	0.0269394	0.0256067	0.0280867	1.79613	1.79613	7.44085	
7.36611	2	26	7.36514	2	26	6.60195	2	24	0	0	0	0.019986	0.01961	0.02052	0.0199863	0.01961	0.0205167	0.0358335	0.03493	0.03684	0.0358337	0.03493	0.0368367	1.79293	1.79292	7.46393	
7.44435	2	28	7.44228	2	28	6.65871	2	24	0	0	0	0.0249837	0.0244333	0.0254267	0.0249842	0.0244333	0.0254233	0.0448033	0.0432067	0.0459867	0.0448048	0.0432067	0.0459833	1.7933	1.79333	7.5125	
7.55135	2	28	7.54793	2	28	6.71514	2	26	0	0	0	0.0300242	0.0295467	0.03048	0.0300244	0.0295433	0.0304767	0.0540175	0.05332	0.0554333	0.0540177	0.0533167	0.0554333	1.79913	1.79913	7.57969	
7.63243	2	38	7.6271	2	38	6.83493	2	34	0	0	0	0.0350258	0.03456	0.0356267	0.0350258	0.03456	0.0356267	0.0631567	0.0616533	0.06481	0.0631567	0.0616533	0.0648067	1.80315	1.80315	7.61695	
7.73096	2	41	7.72276	2	41	6.91827	2	41	0	0	0	0.0400277	0.03946	0.04073	0.0400275	0.03946	0.0407267	0.0721635	0.0709767	0.07374	0.0721642	0.07098	0.0737367	1.80284	1.80286	7.67953	
7.80812	2	40	7.79642	2	40	6.98361	2	36	0	0	0	0.0450169	0.0439567	0.0456967	0.0450171	0.0439567	0.0456967	0.0811485	0.0793167	0.08211	0.0811504	0.0793167	0.08211	1.80262	1.80266	7.71646	
7.90322	2	43	7.88578	2	43	7.08018	2	39	0	0	0	0.0499998	0.0493	0.0506933	0.0500004	0.0493	0.05069	0.0900577	0.0887133	0.0915567	0.0900594	0.0887133	0.0915667	1.80116	1.80117	7.76612	
8.00235	2	42	7.97822	2	42	7.20054	2	38	0	0	0	0.0550015	0.05412	0.0556867	0.0550023	0.0541233	0.0556867	0.0989573	0.0961867	0.101667	0.0989581	0.09619	0.101667	1.79918	1.79916	7.81907	
8.11696	2	44	8.08463	2	44	7.28306	2	40	0	0	0	0.0599671	0.0591933	0.0606667	0.0599679	0.0591933	0.0606667	0.107884	0.10628	0.110047	0.107884	0.106283	0.110047	1.79905	1.79902	7.88197	
8.21485	2	46	8.17264	2	46	7.39209	2	42	0	0	0	0.0650215	0.0644433	0.06613	0.0650217	0.06444	0.0661367	0.116787	0.114973	0.119243	0.116788	0.11497	0.119247	1.79613	1.79613	7.92369	
8.31402	2	44	8.25859	2	44	7.46226	2	41	0	0	0	0.0699785	0.0688767	0.0706767	0.069979	0.0688767	0.07068	0.125762	0.123223	0.12785	0.125761	0.12323	0.12784	1.79715	1.79713	7.96786	
8.47243	2	47	8.40403	2	47	7.60866	2	43	0	0	0	0.0749754	0.0739667	0.0760933	0.074976	0.0739633	0.0760933	0.134679	0.132943	0.137253	0.134678	0.132947	0.13725	1.79631	1.79627	8.04795	
8.58696	2	47	8.49742	2	47	7.71974	2	43	0	0	0	0.0799906	0.0789433	0.0806033	0.0799906	0.07894	0.08061	0.143754	0.1418	0.145303	0.143754	0.141783	0.145307	1.79713	1.79713	8.08166	
8.74456	2	48	8.62988	2	47	7.8544	2	45	0	0	0	0.0850135	0.0841767	0.08594	0.0850123	0.0841767	0.0859433	0.152908	0.15066	0.154753	0.152904	0.15066	0.154753	1.79864	1.79861	8.1418	
8.90717	2	52	8.76287	2	52	7.98723	2	49	0	0	0	0.0900248	0.0892033	0.09142	0.0900267	0.0892067	0.0914233	0.16201	0.159603	0.16706	0.162012	0.15961	0.167063	1.79961	1.7996	8.19352	
9.08211	2	54	8.89997	2	54	8.12257	2	50	0	0	0	0.0950098	0.0942767	0.09608	0.0950102	0.0942767	0.0960733	0.170997	0.16884	0.173027	0.170996	0.16884	0.17303	1.79979	1.79977	8.25948	
9.28872	2	60	9.06603	2	60	8.29838	2	56	0	0	0	0.100001	0.0992933	0.10096	0.100001	0.09929	0.10096	0.180058	0.177937	0.182947	0.180058	0.177937	0.182947	1.80056	1.80057	8.32149	
9.4927	2	62	9.21322	2	62	8.43651	2	58	0	0	0	0.105056	0.104367	0.105867	0.105056	0.104363	0.105867	0.189182	0.1872	0.191547	0.189181	0.187193	0.191547	1.80077	1.80076	8.37276	
9.74592	2	65	9.39418	2	65	8.63246	2	61	0	0	0	0.110075	0.108663	0.11093	0.110075	0.108667	0.110927	0.198212	0.19493	0.200707	0.198212	0.194933	0.20071	1.80071	1.80071	8.44515	
10.0458	2	74	9.61534	2	74	8.86626	2	70	0	0	0	0.115057	0.113993	0.11592	0.115056	0.11398	0.115927	0.207168	0.20457	0.210507	0.207161	0.204577	0.2105	1.80056	1.80053	8.53014	
10.3331	2	69	9.79498	2	69	9.04235	2	65	0	0	0	0.120091	0.11929	0.121323	0.120091	0.119293	0.121317	0.216163	0.21313	0.21876	0.216164	0.213147	0.218743	1.8	1.8	8.58168	
10.7358	2	70	10.0454	2	67	9.30873	2	64	0	0	0	0.125085	0.12432	0.126297	0.125084	0.12433	0.1263	0.22529	0.223193	0.229163	0.225285	0.223183	0.229167	1.80109	1.80107	8.66414	
11.1056	2	91	10.2641	2	82	9.51058	2	79	0	0	0	0.130036	0.12924	0.131267	0.130034	0.129237	0.131263	0.23412	0.231557	0.23707	0.234119	0.23156	0.237067	1.80043	1.80044	8.72607	
11.5728	2	94	10.517	2	89	9.77884	2	85	0	0	0	0.135046	0.134093	0.136103	0.135046	0.134083	0.136103	0.243109	0.241307	0.245997	0.243111	0.241317	0.245997	1.80019	1.8002	8.79132	
12.1348	2	107	10.8016	2	87	10.0723	2	83	0	0	0	0.140089	0.13944	0.141097	0.140088	0.139437	0.141107	0.252135	0.24934	0.25455	0.252129	0.24935	0.25456	1.79982	1.79979	8.85043	
12.8876	2	132	11.13	2	82	10.4034	2	79	0	0	0	0.145101	0.143857	0.14625	0.145097	0.143847	0.146247	0.261322	0.259377	0.263003	0.261317	0.259353	0.263	1.80097	1.80097	8.93166	
13.7498	2	158	11.4667	2	91	10.7545	2	87	0	0	0	0.150073	0.148857	0.15121	0.150071	0.148857	0.15121	0.270177	0.26602	0.273463	0.270174	0.26603	0.273433	1.80031	1.80031	8.99077	
15.011	2	166	11.9074	2	125	11.2178	2	121	0	0	0	0.155095	0.153963	0.155983	0.155096	0.153967	0.155983	0.279321	0.275037	0.28224	0.279323	0.275047	0.282257	1.80096	1.80097	9.06896	
16.39	2	203	12.3276	2	123	11.6233	2	119	0	0	0	0.160132	0.159087	0.161083	0.160129	0.1591	0.161083	0.288289	0.285193	0.291183	0.288282	0.28523	0.29118	1.80032	1.80031	9.13137	
18.7463	2	319	12.7666	2	121	12.0691	2	121	0	0	0	0.165183	0.164203	0.166453	0.165181	0.16419	0.166433	0.297368	0.293813	0.300543	0.297365	0.293823	0.30058	1.80023	1.80024	9.18547	
22.5208	2	1018	13.3364	2	106	12.6483	2	106	0	0	0	0.170181	0.169017	0.171337	0.170179	0.16904	0.17126	0.306336	0.302677	0.31067	0.306341	0.302693	0.31071	1.80006	1.80011	9.25044	
13961.3	2	185164	14.3191	2	145	13.6095	2	145	0	0	0	-0.408369	-0.406245	-0.410515	-0.396816	-0.326626	-0.410515	-0.734463	-0.731508	-0.737981	-0.713778	-0.587128	-0.737981	1.79853	1.79876	9.61019	
