5.42419	1	27	5.42212	1	27	4.66511	1	23	0	0	0	0.00503313	0.00481	0.00530333	0.00503292	0.00485333	0.00523333	0.00901479	0.00842333	0.00938667	0.00901458	0.00845333	0.00953333	1.79109	1.79113	5.60731	
5.50433	1	27	5.50069	1	27	4.70535	1	23	0	0	0	0.0100071	0.00965667	0.0101967	0.0100069	0.00964667	0.01039	0.0181071	0.0176567	0.0190767	0.0181071	0.01748	0.01876	1.80943	1.80946	5.64583	
5.56274	1	27	5.55629	1	27	4.76516	1	23	0	0	0	0.0149985	0.0147133	0.0155233	0.0149981	0.0148167	0.01522	0.0269394	0.0256067	0.0280867	0.026939	0.02633	0.0278433	1.79613	1.79616	5.68875	
5.62099	1	30	5.61242	1	30	4.83521	1	26	0	0	0	0.019986	0.01961	0.02052	0.0199858	0.01966	0.0203033	0.0358335	0.03493	0.03684	0.0358333	0.0350033	0.03669	1.79293	1.79294	5.72742	
5.69594	1	31	5.68583	1	31	4.90109	1	27	0	0	0	0.0249837	0.0244333	0.0254267	0.024984	0.0247	0.0254733	0.0448033	0.0432067	0.0459867	0.0448044	0.0433767	0.04618	1.7933	1.79333	5.7676	
5.75549	1	32	5.74014	1	32	4.9519	1	28	0	0	0	0.0300242	0.0295467	0.03048	0.0300242	0.0292733	0.0305967	0.0540175	0.05332	0.0554333	0.0540175	0.05254	0.0554367	1.79913	1.79913	5.78998	
5.85356	1	34	5.83587	1	34	5.05167	1	30	0	0	0	0.0350258	0.03456	0.0356267	0.0350254	0.0344667	0.0356367	0.0631567	0.0616533	0.06481	0.0631562	0.06177	0.0643333	1.80315	1.80315	5.85266	
5.93299	1	34	5.91096	1	34	5.1302	1	31	0	0	0	0.0400277	0.03946	0.04073	0.0400279	0.03949	0.0405033	0.0721635	0.0709767	0.07374	0.0721646	0.07009	0.0736167	1.80284	1.80286	5.89457	
6.01937	1	35	5.9925	1	35	5.20736	1	31	0	0	0	0.0450169	0.0439567	0.0456967	0.0450173	0.0445133	0.0458567	0.0811485	0.0793167	0.08211	0.0811498	0.0791133	0.0825967	1.80262	1.80264	5.94107	
6.12486	1	34	6.08895	1	34	5.30999	1	30	0	0	0	0.0499998	0.0493	0.0506933	0.0499998	0.0491033	0.0508833	0.0900577	0.0887133	0.0915567	0.0900575	0.0884933	0.0920333	1.80116	1.80116	6.00247	
6.19432	1	47	6.15153	1	47	5.36646	1	43	0	0	0	0.0550015	0.05412	0.0556867	0.0550019	0.05423	0.0559933	0.0989573	0.0961867	0.101667	0.0989569	0.0973667	0.101087	1.79918	1.79915	6.03629	
6.29426	1	41	6.24319	1	41	5.48577	1	37	0	0	0	0.0599671	0.0591933	0.0606667	0.0599675	0.0593167	0.0608333	0.107884	0.10628	0.110047	0.107884	0.10633	0.110247	1.79905	1.79904	6.08676	
6.40251	1	39	6.34182	1	39	5.58668	1	35	0	0	0	0.0650215	0.0644433	0.06613	0.0650215	0.0643067	0.06615	0.116787	0.114973	0.119243	0.116787	0.114763	0.11975	1.79613	1.79613	6.14345	
6.50984	1	45	6.43465	1	45	5.66957	1	41	0	0	0	0.0699785	0.0688767	0.0706767	0.0699794	0.0693367	0.07104	0.125762	0.123223	0.12785	0.125762	0.123587	0.129007	1.79715	1.79713	6.19606	
6.63724	1	49	6.5495	1	44	5.78562	1	40	0	0	0	0.0749754	0.0739667	0.0760933	0.0749752	0.0743267	0.0759933	0.134679	0.132943	0.137253	0.134677	0.132207	0.137433	1.79631	1.79628	6.26	
6.77156	1	46	6.66495	1	46	5.90553	1	42	0	0	0	0.0799906	0.0789433	0.0806033	0.0799906	0.0791967	0.0808833	0.143754	0.1418	0.145303	0.143754	0.14093	0.14601	1.79713	1.79714	6.32163	
6.9075	1	55	6.78001	1	55	6.02203	1	51	0	0	0	0.0850135	0.0841767	0.08594	0.0850125	0.0843733	0.0859067	0.152908	0.15066	0.154753	0.152902	0.150473	0.15464	1.79864	1.79858	6.38096	
7.05888	1	59	6.9112	1	59	6.16465	1	55	0	0	0	0.0900248	0.0892033	0.09142	0.0900258	0.08911	0.0911633	0.16201	0.159603	0.16706	0.162012	0.158977	0.163893	1.79961	1.79962	6.44479	
7.19724	1	56	7.02338	1	52	6.27852	1	48	0	0	0	0.0950098	0.0942767	0.09608	0.0950106	0.0940267	0.0964033	0.170997	0.16884	0.173027	0.170998	0.16776	0.17343	1.79979	1.79978	6.50411	
7.37982	1	65	7.17185	1	51	6.41794	1	47	0	0	0	0.100001	0.0992933	0.10096	0.100001	0.09872	0.10145	0.180058	0.177937	0.182947	0.180058	0.17672	0.18333	1.80056	1.80057	6.57434	
7.57284	1	61	7.32529	1	54	6.58853	1	50	0	0	0	0.105056	0.104367	0.105867	0.105057	0.103987	0.106647	0.189182	0.1872	0.191547	0.189183	0.18624	0.192593	1.80077	1.80077	6.64883	
7.78293	1	59	7.48682	1	54	6.74561	1	50	0	0	0	0.110075	0.108663	0.11093	0.110076	0.10926	0.111747	0.198212	0.19493	0.200707	0.198213	0.196167	0.202413	1.80071	1.80069	6.72104	
7.99435	1	67	7.64668	1	55	6.91101	1	51	0	0	0	0.115057	0.113993	0.11592	0.115056	0.11395	0.11677	0.207168	0.20457	0.210507	0.207164	0.204083	0.21237	1.80056	1.80055	6.79347	
8.26457	1	70	7.84061	1	61	7.11692	1	61	0	0	0	0.120091	0.11929	0.121323	0.120091	0.11915	0.12206	0.216163	0.21313	0.21876	0.216165	0.213493	0.22126	1.8	1.80001	6.88201	
8.55556	1	73	8.03947	1	73	7.32037	1	69	0	0	0	0.125085	0.12432	0.126297	0.125084	0.123813	0.126907	0.22529	0.223193	0.229163	0.225285	0.222673	0.230323	1.80109	1.80107	6.96508	
8.84624	1	102	8.23553	1	73	7.52242	1	69	0	0	0	0.130036	0.12924	0.131267	0.130035	0.128727	0.13155	0.23412	0.231557	0.23707	0.23412	0.23166	0.238683	1.80043	1.80043	7.04833	
9.22492	1	80	8.47961	1	67	7.77118	1	63	0	0	0	0.135046	0.134093	0.136103	0.135047	0.13397	0.136863	0.243109	0.241307	0.245997	0.243109	0.241153	0.248143	1.80019	1.80018	7.14421	
9.63727	1	96	8.72062	1	81	8.0224	1	81	0	0	0	0.140089	0.13944	0.141097	0.140088	0.13869	0.1421	0.252135	0.24934	0.25455	0.252132	0.25004	0.25766	1.79982	1.79982	7.23334	
10.1578	1	115	9.01951	1	80	8.31618	1	76	0	0	0	0.145101	0.143857	0.14625	0.145101	0.143967	0.14687	0.261322	0.259377	0.263003	0.261325	0.25928	0.266137	1.80097	1.80099	7.3361	
10.7588	1	125	9.32233	1	74	8.62952	1	70	0	0	0	0.150073	0.148857	0.15121	0.150075	0.14876	0.15162	0.270177	0.26602	0.273463	0.270179	0.267663	0.274967	1.80031	1.8003	7.43931	
11.5026	1	139	9.65251	1	74	8.97098	1	74	0	0	0	0.155095	0.153963	0.155983	0.155096	0.153553	0.156497	0.279321	0.275037	0.28224	0.279326	0.276473	0.284243	1.80096	1.80099	7.53981	
12.3948	1	195	10.0197	1	93	9.34161	1	93	0	0	0	0.160132	0.159087	0.161083	0.160128	0.158513	0.161473	0.288289	0.285193	0.291183	0.288284	0.285417	0.292887	1.80032	1.80033	7.64277	
13.7423	1	255	10.4886	1	94	9.82463	1	90	0	0	0	0.165183	0.164203	0.166453	0.165183	0.16355	0.166563	0.297368	0.293813	0.300543	0.29737	0.29447	0.30183	1.80023	1.80024	7.77852	
15.6731	1	262	10.9852	1	102	10.3271	1	102	0	0	0	0.170181	0.169017	0.171337	0.170182	0.16874	0.17179	0.306336	0.302677	0.31067	0.306341	0.303203	0.311043	1.80006	1.80008	7.91342	
18.288	1	365	11.5246	1	103	10.8683	1	99	0	0	0	0.175217	0.174117	0.176273	0.175218	0.17386	0.17675	0.315385	0.312637	0.31849	0.315389	0.312307	0.319457	1.79997	1.79998	8.02944	
24.3008	1	592	12.17	1	111	11.5189	1	109	0	0	0	0.18028	0.178787	0.181217	0.180283	0.179097	0.18156	0.324327	0.32116	0.326523	0.324327	0.320687	0.328387	1.79901	1.79899	8.16774	
103.527	1	4501	12.9054	1	117	12.263	1	117	0	0	0	0.185072	0.184053	0.185863	0.18509	0.183599	0.186049	0.332772	0.330981	0.334531	0.332803	0.33065	0.334717	1.79807	1.79806	8.30764	
4358.73	1	101942	13.5445	1	140	12.91	1	140	0	0	0	-0.443467	-0.441669	-0.444905	-0.4403	-0.437009	-0.442229	-0.797586	-0.793967	-0.801384	-0.79189	-0.787661	-0.796161	1.79852	1.79852	8.40853	
