5.31338	2	16	5.31289	2	16	4.4983	2	12	0	0	0	0.00503313	0.00481	0.00530333	0.00503292	0.00481	0.0053	0.00901479	0.00842333	0.00938667	0.00901458	0.00842333	0.00938667	1.79109	1.79113	5.51	
5.35489	2	16	5.35342	2	16	4.56957	2	14	0	0	0	0.0100071	0.00965667	0.0101967	0.0100069	0.00965667	0.0101967	0.0181071	0.0176567	0.0190767	0.0181073	0.0176567	0.0190767	1.80943	1.80949	5.52246	
5.38366	2	19	5.38201	2	19	4.61476	2	16	0	0	0	0.0149985	0.0147133	0.0155233	0.0149981	0.0147133	0.01552	0.0269394	0.0256067	0.0280867	0.026939	0.0256067	0.0280867	1.79613	1.79616	5.552	
5.39514	2	20	5.39312	2	20	4.60796	2	16	0	0	0	0.019986	0.01961	0.02052	0.0199856	0.01961	0.0205167	0.0358335	0.03493	0.03684	0.0358323	0.03493	0.0368367	1.79293	1.7929	5.55681	
5.42661	2	20	5.42292	2	20	4.64453	2	16	0	0	0	0.0249837	0.0244333	0.0254267	0.0249837	0.0244333	0.0254233	0.0448033	0.0432067	0.0459867	0.0448042	0.0432067	0.0459833	1.7933	1.79333	5.5777	
5.46767	2	25	5.46259	2	20	4.67026	2	16	0	0	0	0.0300242	0.0295467	0.03048	0.030024	0.0295433	0.0304767	0.0540175	0.05332	0.0554333	0.0540173	0.0533167	0.0554333	1.79913	1.79914	5.59674	
5.49163	2	20	5.48572	2	20	4.69472	2	17	0	0	0	0.0350258	0.03456	0.0356267	0.0350254	0.0345567	0.0356267	0.0631567	0.0616533	0.06481	0.0631562	0.06165	0.0648067	1.80315	1.80315	5.60432	
5.51719	2	23	5.51068	2	23	4.73069	2	19	0	0	0	0.0400277	0.03946	0.04073	0.0400277	0.0394567	0.0407267	0.0721635	0.0709767	0.07374	0.0721633	0.0709833	0.0737367	1.80284	1.80283	5.617	
5.5545	2	28	5.54595	2	22	4.75384	2	18	0	0	0	0.0450169	0.0439567	0.0456967	0.0450169	0.0439567	0.0456967	0.0811485	0.0793167	0.08211	0.0811494	0.0793167	0.08211	1.80262	1.80264	5.64304	
5.57966	2	24	5.56958	2	22	4.79126	2	22	0	0	0	0.0499998	0.0493	0.0506933	0.05	0.0493	0.05069	0.0900577	0.0887133	0.0915567	0.0900588	0.0887133	0.0915667	1.80116	1.80117	5.65441	
5.61313	2	25	5.60043	2	25	4.83535	2	21	0	0	0	0.0550015	0.05412	0.0556867	0.0550013	0.0541167	0.0556833	0.0989573	0.0961867	0.101667	0.0989575	0.0961767	0.101663	1.79918	1.79919	5.67323	
5.64002	2	24	5.62567	2	24	4.85276	2	20	0	0	0	0.0599671	0.0591933	0.0606667	0.0599669	0.0591933	0.0606633	0.107884	0.10628	0.110047	0.107883	0.106283	0.110047	1.79905	1.79905	5.68575	
5.66909	2	28	5.65247	2	24	4.88134	2	20	0	0	0	0.0650215	0.0644433	0.06613	0.0650213	0.06444	0.0661367	0.116787	0.114973	0.119243	0.116787	0.11497	0.119243	1.79613	1.79614	5.70316	
5.71077	2	34	5.68852	2	24	4.92328	2	21	0	0	0	0.0699785	0.0688767	0.0706767	0.0699785	0.0688767	0.0706767	0.125762	0.123223	0.12785	0.125761	0.123223	0.127843	1.79715	1.79714	5.72279	
5.72888	2	34	5.70504	2	25	4.9366	2	24	0	0	0	0.0749754	0.0739667	0.0760933	0.0749754	0.0739633	0.0760933	0.134679	0.132943	0.137253	0.134677	0.132947	0.137253	1.79631	1.79628	5.73111	
5.76581	2	29	5.73825	2	26	4.97035	2	22	0	0	0	0.0799906	0.0789433	0.0806033	0.0799912	0.07894	0.0806067	0.143754	0.1418	0.145303	0.143755	0.141793	0.145303	1.79713	1.79714	5.7466	
5.81321	2	38	5.7791	2	25	5.02276	2	24	0	0	0	0.0850135	0.0841767	0.08594	0.0850131	0.0841767	0.0859433	0.152908	0.15066	0.154753	0.152906	0.15066	0.154753	1.79864	1.79861	5.77162	
5.84932	2	41	5.81132	2	26	5.04953	2	23	0	0	0	0.0900248	0.0892033	0.09142	0.0900263	0.0892067	0.0914233	0.16201	0.159603	0.16706	0.16201	0.159607	0.167063	1.79961	1.79959	5.78475	
5.88493	2	33	5.83978	2	28	5.07902	2	24	0	0	0	0.0950098	0.0942767	0.09608	0.0950098	0.0942767	0.0960767	0.170997	0.16884	0.173027	0.170998	0.168837	0.17303	1.79979	1.79979	5.79822	
5.91838	2	42	5.86727	2	29	5.10852	2	25	0	0	0	0.100001	0.0992933	0.10096	0.100001	0.09929	0.10096	0.180058	0.177937	0.182947	0.180057	0.177937	0.182947	1.80056	1.80055	5.8087	
5.95572	2	42	5.89647	2	28	5.1363	2	24	0	0	0	0.105056	0.104367	0.105867	0.105057	0.104363	0.10587	0.189182	0.1872	0.191547	0.189183	0.187197	0.19155	1.80077	1.80077	5.82367	
6.00229	2	48	5.93389	2	30	5.17651	2	26	0	0	0	0.110075	0.108663	0.11093	0.110076	0.108667	0.11093	0.198212	0.19493	0.200707	0.198214	0.194933	0.200707	1.80071	1.80071	5.8397	
6.04707	2	46	5.9711	2	32	5.21251	2	28	0	0	0	0.115057	0.113993	0.11592	0.115057	0.113997	0.115923	0.207168	0.20457	0.210507	0.207166	0.204573	0.21051	1.80056	1.80055	5.85958	
6.09193	2	45	6.00284	2	31	5.25188	2	27	0	0	0	0.120091	0.11929	0.121323	0.120092	0.119293	0.12132	0.216163	0.21313	0.21876	0.216167	0.21314	0.21876	1.8	1.80002	5.87526	
6.12957	2	58	6.03209	2	29	5.27978	2	27	0	0	0	0.125085	0.12432	0.126297	0.125085	0.124333	0.126297	0.22529	0.223193	0.229163	0.22529	0.223187	0.229157	1.80109	1.80109	5.88667	
6.17164	2	42	6.0611	2	29	5.30993	2	25	0	0	0	0.130036	0.12924	0.131267	0.130035	0.12924	0.131267	0.23412	0.231557	0.23707	0.234119	0.23156	0.23708	1.80043	1.80044	5.8992	
6.22087	2	47	6.09466	2	29	5.345	2	27	0	0	0	0.135046	0.134093	0.136103	0.135046	0.134087	0.136107	0.243109	0.241307	0.245997	0.243108	0.24131	0.246	1.80019	1.80018	5.91255	
6.26824	2	61	6.12761	2	29	5.38055	2	28	0	0	0	0.140089	0.13944	0.141097	0.140087	0.139437	0.1411	0.252135	0.24934	0.25455	0.252129	0.24934	0.254553	1.79982	1.7998	5.9284	
6.3313	2	61	6.16761	2	28	5.41876	2	26	0	0	0	0.145101	0.143857	0.14625	0.1451	0.143857	0.14625	0.261322	0.259377	0.263003	0.261323	0.259377	0.263	1.80097	1.80098	5.94267	
6.37653	2	63	6.19216	2	31	5.451	2	28	0	0	0	0.150073	0.148857	0.15121	0.150071	0.14886	0.151207	0.270177	0.26602	0.273463	0.270173	0.266027	0.273447	1.80031	1.8003	5.95266	
6.43561	2	72	6.22891	2	32	5.48333	2	31	0	0	0	0.155095	0.153963	0.155983	0.155095	0.153967	0.15598	0.279321	0.275037	0.28224	0.279321	0.275043	0.282243	1.80096	1.80096	5.9629	
6.5127	2	71	6.27338	2	40	5.53175	2	36	0	0	0	0.160132	0.159087	0.161083	0.160131	0.1591	0.161083	0.288289	0.285193	0.291183	0.288289	0.28522	0.291183	1.80032	1.80033	5.98098	
6.57565	2	78	6.30579	2	40	5.56035	2	36	0	0	0	0.165183	0.164203	0.166453	0.165182	0.1642	0.16645	0.297368	0.293813	0.300543	0.297366	0.293813	0.300557	1.80023	1.80024	5.995	
6.63744	2	74	6.34413	2	29	5.60307	2	27	0	0	0	0.170181	0.169017	0.171337	0.170179	0.169013	0.17133	0.306336	0.302677	0.31067	0.306335	0.302683	0.310693	1.80006	1.80007	6.00823	
6.70729	2	82	6.37234	2	32	5.62814	2	28	0	0	0	0.175217	0.174117	0.176273	0.175216	0.174123	0.176267	0.315385	0.312637	0.31849	0.315385	0.312643	0.31851	1.79997	1.79997	6.01552	
6.79428	2	92	6.41122	2	32	5.67279	2	30	0	0	0	0.18028	0.178787	0.181217	0.18028	0.17878	0.18121	0.324327	0.32116	0.326523	0.324324	0.32116	0.326513	1.79901	1.799	6.02862	
6.86484	2	85	6.4454	2	33	5.70307	2	30	0	0	0	0.18528	0.18345	0.18669	0.185281	0.183453	0.18669	0.333208	0.331463	0.33741	0.333209	0.33148	0.337397	1.7984	1.7984	6.03979	
6.9767	2	96	6.47918	2	31	5.73606	2	28	0	0	0	0.190258	0.18945	0.191683	0.190258	0.189453	0.19169	0.34208	0.339013	0.34423	0.34208	0.339013	0.34423	1.79798	1.79798	6.0515	
7.08558	2	92	6.52962	2	40	5.786	2	36	0	0	0	0.195212	0.19321	0.1966	0.19521	0.19321	0.196583	0.350996	0.34645	0.353823	0.350994	0.346453	0.353833	1.79803	1.79803	6.06592	
7.23925	2	145	6.55083	2	40	5.8099	2	40	0	0	0	0.200214	0.19899	0.201843	0.200215	0.19898	0.201867	0.360125	0.35611	0.364773	0.36013	0.3561	0.364803	1.7987	1.79872	6.07013	
7.36169	2	133	6.59977	2	45	5.86169	2	41	0	0	0	0.205178	0.203447	0.206533	0.205177	0.203443	0.206537	0.369072	0.365927	0.371617	0.369078	0.36594	0.37161	1.79879	1.79883	6.08086	
7.57491	2	155	6.64006	2	47	5.90711	2	47	0	0	0	0.210146	0.209193	0.210833	0.210146	0.20919	0.210837	0.377912	0.37409	0.37995	0.377911	0.374093	0.379947	1.79833	1.79833	6.09365	
7.75501	2	238	6.69021	2	42	5.95697	2	38	0	0	0	0.215113	0.214033	0.21652	0.215113	0.21403	0.21652	0.386873	0.383873	0.390327	0.386868	0.38387	0.39032	1.79846	1.79844	6.10396	
8.07015	2	179	6.71832	2	41	5.98482	2	38	0	0	0	0.220135	0.218983	0.22155	0.220136	0.218983	0.221543	0.395772	0.393563	0.397797	0.395774	0.393567	0.397783	1.79786	1.79786	6.10845	
8.46686	2	233	6.76449	2	43	6.02839	2	40	0	0	0	0.225164	0.224647	0.225963	0.22517	0.224647	0.225963	0.404797	0.402063	0.407097	0.404808	0.402107	0.407103	1.79779	1.79779	6.11894	
9.50048	2	408	6.80363	2	50	6.06839	2	46	0	0	0	0.230132	0.228587	0.232	0.230128	0.22859	0.232003	0.413767	0.408927	0.41791	0.413762	0.408937	0.41791	1.79796	1.79797	6.1285	
10.8329	2	636	6.84749	2	52	6.10975	2	48	0	0	0	0.234907	0.233756	0.236177	0.234907	0.233754	0.236177	0.422354	0.419836	0.424771	0.422355	0.419834	0.424766	1.79797	1.79796	6.13935	
922.892	2	22676	6.81898	2	56	6.07701	2	52	0	0	0	-0.559714	-0.557575	-0.562441	-0.558897	-0.549892	-0.562438	-1.00635	-1.00006	-1.01329	-1.00493	-0.985157	-1.01328	1.79797	1.79806	6.13526	
