4.07612	1	16	4.07463	1	16	3.29311	1	12	0	0	0	0.00503313	0.00481	0.00530333	0.00503292	0.00485333	0.00523333	0.00901479	0.00842333	0.00938667	0.00901458	0.00845333	0.00953333	1.79109	1.79113	4.27795	
4.08992	1	16	4.08565	1	16	3.28595	1	13	0	0	0	0.0100071	0.00965667	0.0101967	0.0100069	0.00964667	0.01039	0.0181071	0.0176567	0.0190767	0.0181071	0.01748	0.01876	1.80943	1.80946	4.2636	
4.10004	1	16	4.09495	1	16	3.31185	1	14	0	0	0	0.0149985	0.0147133	0.0155233	0.0149981	0.0148167	0.01522	0.0269394	0.0256067	0.0280867	0.026939	0.02633	0.0278433	1.79613	1.79616	4.281	
4.11352	1	18	4.10543	1	16	3.32013	1	14	0	0	0	0.019986	0.01961	0.02052	0.0199858	0.01966	0.0203033	0.0358335	0.03493	0.03684	0.0358333	0.0350033	0.03669	1.79293	1.79294	4.29034	
4.13225	1	20	4.12149	1	20	3.34006	1	16	0	0	0	0.0249837	0.0244333	0.0254267	0.024984	0.0247	0.0254733	0.0448033	0.0432067	0.0459867	0.0448044	0.0433767	0.04618	1.7933	1.79333	4.29924	
4.14773	1	20	4.13489	1	20	3.34103	1	16	0	0	0	0.0300242	0.0295467	0.03048	0.030024	0.0292733	0.0305967	0.0540175	0.05332	0.0554333	0.0540173	0.05254	0.0554367	1.79913	1.79914	4.29963	
4.18231	1	20	4.16744	1	20	3.37311	1	18	0	0	0	0.0350258	0.03456	0.0356267	0.0350254	0.0344667	0.0356367	0.0631567	0.0616533	0.06481	0.0631562	0.06177	0.0643333	1.80315	1.80315	4.32202	
4.2003	1	22	4.18194	1	19	3.3923	1	17	0	0	0	0.0400277	0.03946	0.04073	0.0400277	0.03949	0.0405033	0.0721635	0.0709767	0.07374	0.0721642	0.07009	0.0736167	1.80284	1.80286	4.32759	
4.21763	1	23	4.19627	1	23	3.40897	1	19	0	0	0	0.0450169	0.0439567	0.0456967	0.0450173	0.0445133	0.0458567	0.0811485	0.0793167	0.08211	0.0811494	0.0791133	0.0825967	1.80262	1.80263	4.33749	
4.24012	1	25	4.21496	1	21	3.4286	1	17	0	0	0	0.0499998	0.0493	0.0506933	0.0499998	0.0491	0.0508833	0.0900577	0.0887133	0.0915567	0.0900581	0.0884933	0.0920333	1.80116	1.80117	4.34967	
4.26492	1	22	4.23601	1	21	3.45211	1	18	0	0	0	0.0550015	0.05412	0.0556867	0.0550015	0.05423	0.05599	0.0989573	0.0961867	0.101667	0.0989569	0.0973667	0.10109	1.79918	1.79917	4.36469	
4.28397	1	24	4.25145	1	21	3.47873	1	17	0	0	0	0.0599671	0.0591933	0.0606667	0.0599675	0.0593167	0.0608333	0.107884	0.10628	0.110047	0.107884	0.10633	0.110247	1.79905	1.79904	4.37299	
4.30696	1	25	4.26951	1	20	3.50106	1	18	0	0	0	0.0650215	0.0644433	0.06613	0.0650213	0.0643067	0.06615	0.116787	0.114973	0.119243	0.116787	0.114763	0.11975	1.79613	1.79614	4.38717	
4.32863	1	22	4.28807	1	22	3.51066	1	18	0	0	0	0.0699785	0.0688767	0.0706767	0.0699788	0.0693367	0.07104	0.125762	0.123223	0.12785	0.125762	0.123577	0.129007	1.79715	1.79715	4.39596	
4.35871	1	23	4.31155	1	22	3.5408	1	22	0	0	0	0.0749754	0.0739667	0.0760933	0.0749752	0.0743267	0.0759933	0.134679	0.132943	0.137253	0.134678	0.132207	0.137433	1.79631	1.7963	4.41173	
4.38457	1	28	4.33115	1	21	3.5604	1	18	0	0	0	0.0799906	0.0789433	0.0806033	0.079991	0.0792	0.0808833	0.143754	0.1418	0.145303	0.143754	0.14093	0.14601	1.79713	1.79713	4.42338	
4.41065	1	26	4.35182	1	23	3.57793	1	19	0	0	0	0.0850135	0.0841767	0.08594	0.0850129	0.0843733	0.0859067	0.152908	0.15066	0.154753	0.152906	0.15048	0.154637	1.79864	1.79862	4.43362	
4.43847	1	25	4.37371	1	22	3.60764	1	20	0	0	0	0.0900248	0.0892033	0.09142	0.0900258	0.0891133	0.09116	0.16201	0.159603	0.16706	0.162012	0.15898	0.16389	1.79961	1.79961	4.44127	
4.47103	1	26	4.39856	1	24	3.63486	1	20	0	0	0	0.0950098	0.0942767	0.09608	0.0950104	0.0940267	0.0964067	0.170997	0.16884	0.173027	0.170998	0.16776	0.173433	1.79979	1.79979	4.45873	
4.49704	1	32	4.42107	1	23	3.6462	1	19	0	0	0	0.100001	0.0992933	0.10096	0.100001	0.09872	0.10145	0.180058	0.177937	0.182947	0.18006	0.17672	0.18333	1.80056	1.80058	4.46955	
4.53395	1	29	4.44953	1	26	3.68843	1	22	0	0	0	0.105056	0.104367	0.105867	0.105056	0.103987	0.106647	0.189182	0.1872	0.191547	0.189183	0.186237	0.192593	1.80077	1.80077	4.48815	
4.55903	1	29	4.46628	1	27	3.70023	1	23	0	0	0	0.110075	0.108663	0.11093	0.110076	0.10925	0.11175	0.198212	0.19493	0.200707	0.198214	0.19617	0.202417	1.80071	1.80069	4.49509	
4.59371	1	37	4.49002	1	23	3.73173	1	23	0	0	0	0.115057	0.113993	0.11592	0.115057	0.113957	0.11677	0.207168	0.20457	0.210507	0.207166	0.204103	0.21237	1.80056	1.80056	4.50833	
4.63661	1	30	4.52027	1	26	3.76184	1	25	0	0	0	0.120091	0.11929	0.121323	0.120092	0.119157	0.122063	0.216163	0.21313	0.21876	0.216167	0.213493	0.221263	1.8	1.80002	4.52789	
4.66119	1	30	4.53976	1	28	3.77956	1	24	0	0	0	0.125085	0.12432	0.126297	0.125084	0.123813	0.126907	0.22529	0.223193	0.229163	0.225286	0.222693	0.230323	1.80109	1.80108	4.53364	
4.70197	1	36	4.56814	1	28	3.81689	1	24	0	0	0	0.130036	0.12924	0.131267	0.130035	0.128733	0.131543	0.23412	0.231557	0.23707	0.234122	0.231667	0.238677	1.80043	1.80045	4.55075	
4.73402	1	36	4.58639	1	30	3.83151	1	26	0	0	0	0.135046	0.134093	0.136103	0.135047	0.13397	0.136863	0.243109	0.241307	0.245997	0.243109	0.241153	0.248143	1.80019	1.80018	4.55865	
4.77299	1	34	4.61355	1	29	3.86344	1	25	0	0	0	0.140089	0.13944	0.141097	0.140089	0.13869	0.142097	0.252135	0.24934	0.25455	0.252134	0.250053	0.257657	1.79982	1.79982	4.57186	
4.82771	1	36	4.65134	1	27	3.90021	1	23	0	0	0	0.145101	0.143857	0.14625	0.1451	0.143967	0.14687	0.261322	0.259377	0.263003	0.261323	0.259283	0.266137	1.80097	1.80098	4.59469	
4.86071	1	35	4.67219	1	29	3.92117	1	25	0	0	0	0.150073	0.148857	0.15121	0.150072	0.14875	0.15162	0.270177	0.26602	0.273463	0.270174	0.267657	0.274967	1.80031	1.8003	4.6036	
4.91171	1	50	4.70049	1	28	3.955	1	25	0	0	0	0.155095	0.153963	0.155983	0.155095	0.153553	0.156497	0.279321	0.275037	0.28224	0.279321	0.276473	0.284243	1.80096	1.80097	4.61675	
4.95523	1	40	4.72632	1	31	3.97765	1	27	0	0	0	0.160132	0.159087	0.161083	0.160131	0.158517	0.161477	0.288289	0.285193	0.291183	0.288289	0.285423	0.292897	1.80032	1.80034	4.62877	
5.01122	1	42	4.76335	1	27	4.01624	1	24	0	0	0	0.165183	0.164203	0.166453	0.165183	0.163547	0.16656	0.297368	0.293813	0.300543	0.29737	0.294467	0.301827	1.80023	1.80024	4.65213	
5.05849	1	44	4.79291	1	36	4.04993	1	32	0	0	0	0.170181	0.169017	0.171337	0.170179	0.168737	0.171793	0.306336	0.302677	0.31067	0.306334	0.30321	0.311047	1.80006	1.80006	4.66347	
5.10693	1	40	4.81802	1	27	4.07627	1	27	0	0	0	0.175217	0.174117	0.176273	0.175216	0.173847	0.17675	0.315385	0.312637	0.31849	0.315384	0.312303	0.319443	1.79997	1.79997	4.67528	
5.1723	1	42	4.85147	1	31	4.11349	1	27	0	0	0	0.18028	0.178787	0.181217	0.18028	0.179097	0.181567	0.324327	0.32116	0.326523	0.324326	0.3207	0.328403	1.79901	1.79901	4.69252	
5.23576	1	41	4.88347	1	40	4.15381	1	36	0	0	0	0.18528	0.18345	0.18669	0.185282	0.18392	0.187003	0.333208	0.331463	0.33741	0.333211	0.32872	0.337003	1.7984	1.7984	4.70552	
5.29803	1	53	4.90845	1	29	4.17587	1	25	0	0	0	0.190258	0.18945	0.191683	0.190258	0.188937	0.191603	0.34208	0.339013	0.34423	0.342078	0.337777	0.346063	1.79798	1.79797	4.71684	
5.37744	1	48	4.9528	1	34	4.22378	1	34	0	0	0	0.195212	0.19321	0.1966	0.195213	0.193913	0.19685	0.350996	0.34645	0.353823	0.350996	0.346883	0.354703	1.79803	1.79801	4.74004	
5.43727	1	45	4.98279	1	32	4.25786	1	29	0	0	0	0.200214	0.19899	0.201843	0.200214	0.198627	0.20177	0.360125	0.35611	0.364773	0.360125	0.354997	0.363777	1.7987	1.7987	4.75196	
5.52226	1	50	5.02574	1	37	4.29775	1	33	0	0	0	0.205178	0.203447	0.206533	0.205177	0.203343	0.206597	0.369072	0.365927	0.371617	0.369073	0.363993	0.372773	1.79879	1.7988	4.77165	
5.61149	1	71	5.06285	1	39	4.34259	1	35	0	0	0	0.210146	0.209193	0.210833	0.210146	0.20821	0.211467	0.377912	0.37409	0.37995	0.377909	0.37243	0.381207	1.79833	1.79832	4.78733	
5.68147	1	65	5.08661	1	33	4.36102	1	29	0	0	0	0.215113	0.214033	0.21652	0.215113	0.21349	0.21649	0.386873	0.383873	0.390327	0.386869	0.381583	0.38988	1.79846	1.79844	4.79392	
5.78389	1	107	5.13422	1	42	4.40927	1	38	0	0	0	0.220135	0.218983	0.22155	0.220135	0.218307	0.22157	0.395772	0.393563	0.397797	0.395771	0.39011	0.39879	1.79786	1.79786	4.81549	
5.88588	1	52	5.16983	1	33	4.45007	1	29	0	0	0	0.225164	0.224647	0.225963	0.225164	0.22333	0.226653	0.404797	0.402063	0.407097	0.4048	0.399803	0.407757	1.79779	1.7978	4.82823	
5.99655	1	58	5.21443	1	39	4.49524	1	39	0	0	0	0.230132	0.228587	0.232	0.23013	0.228153	0.23178	0.413767	0.408927	0.41791	0.413766	0.408693	0.416873	1.79796	1.79797	4.84809	
6.13143	1	68	5.2617	1	38	4.54834	1	34	0	0	0	0.23507	0.23383	0.23663	0.235071	0.233253	0.23685	0.422628	0.418507	0.42607	0.42263	0.41787	0.425557	1.79788	1.79788	4.86632	
6.24427	1	73	5.29775	1	41	4.58325	1	41	0	0	0	0.24003	0.238893	0.242187	0.24003	0.238267	0.241727	0.43155	0.427747	0.436627	0.43155	0.42708	0.434527	1.7979	1.7979	4.879	
6.38829	1	63	5.35194	1	41	4.63698	1	39	0	0	0	0.24505	0.244253	0.246043	0.24505	0.243453	0.246737	0.440688	0.436627	0.444483	0.440689	0.435897	0.44335	1.79836	1.79837	4.89976	
6.54373	1	74	5.39101	1	45	4.67845	1	41	0	0	0	0.249961	0.248477	0.25131	0.24996	0.24841	0.251767	0.449549	0.445797	0.452603	0.449544	0.4454	0.452247	1.79847	1.79847	4.91072	
6.69912	1	84	5.43279	1	38	4.72217	1	35	0	0	0	0.254964	0.25383	0.256647	0.254964	0.253507	0.256933	0.458597	0.45551	0.46243	0.458595	0.45439	0.46164	1.79868	1.79867	4.92375	
6.90897	1	92	5.48284	1	42	4.77461	1	38	0	0	0	0.259973	0.2587	0.261123	0.259977	0.258463	0.261463	0.467604	0.46453	0.470857	0.467609	0.463027	0.470623	1.79867	1.79865	4.94117	
7.11304	1	78	5.5419	1	46	4.83508	1	42	0	0	0	0.265002	0.26314	0.266663	0.265004	0.263273	0.26632	0.476581	0.4737	0.478723	0.476585	0.472487	0.48008	1.79841	1.79841	4.96349	
7.32018	1	82	5.58563	1	44	4.88513	1	42	0	0	0	0.270024	0.26872	0.271523	0.27002	0.268423	0.27138	0.485605	0.481313	0.491187	0.485594	0.481613	0.488513	1.79838	1.79836	4.97703	
7.62943	1	102	5.63705	1	39	4.93626	1	38	0	0	0	0.275017	0.274063	0.276677	0.275019	0.273443	0.276683	0.494525	0.490707	0.49701	0.494527	0.490643	0.497617	1.79816	1.79815	4.99096	
7.8868	1	94	5.69107	1	43	4.99168	1	39	0	0	0	0.280041	0.278987	0.28115	0.280041	0.278533	0.28201	0.503516	0.49919	0.50723	0.503519	0.500483	0.50725	1.79801	1.79802	5.00712	
8.23444	1	106	5.75013	1	45	5.04892	1	41	0	0	0	0.285015	0.28285	0.286227	0.285016	0.283603	0.287003	0.512439	0.509477	0.517123	0.512442	0.50965	0.516143	1.79794	1.79794	5.0247	
8.56323	1	103	5.8055	1	39	5.10672	1	36	0	0	0	0.290035	0.288213	0.29115	0.290034	0.28832	0.29236	0.521427	0.518177	0.52464	0.521424	0.517823	0.526017	1.79781	1.7978	5.03679	
9.09872	1	165	5.87315	1	45	5.17868	1	45	0	0	0	0.295025	0.293633	0.29691	0.29502	0.293253	0.297357	0.530447	0.52501	0.53639	0.53044	0.52699	0.534867	1.79797	1.79798	5.05546	
9.61531	1	113	5.93826	1	49	5.24701	1	45	0	0	0	0.300039	0.298963	0.301397	0.300033	0.297633	0.302233	0.539366	0.534617	0.545557	0.539355	0.535327	0.543047	1.79766	1.79765	5.07365	
10.2415	1	172	6.0018	1	47	5.30738	1	46	0	0	0	0.305054	0.30396	0.306623	0.305047	0.302203	0.306963	0.548402	0.545333	0.551867	0.548388	0.543417	0.55188	1.79772	1.79771	5.08653	
10.9315	1	144	6.08411	1	48	5.39408	1	48	0	0	0	0.310057	0.30876	0.311037	0.310063	0.30722	0.311843	0.557393	0.555433	0.56053	0.557403	0.552417	0.56141	1.79771	1.79771	5.11331	
11.878	1	148	6.13476	1	52	5.44722	1	48	0	0	0	0.315018	0.3131	0.315813	0.315016	0.312313	0.316803	0.56651	0.56362	0.569487	0.566501	0.56172	0.570623	1.79834	1.79833	5.11563	
13.3461	1	227	6.22034	1	49	5.53352	1	45	0	0	0	0.319978	0.318667	0.321327	0.31998	0.317397	0.32171	0.575376	0.57096	0.578647	0.575381	0.570837	0.579333	1.79817	1.79818	5.13834	
14.8052	1	285	6.30679	1	57	5.62002	1	53	0	0	0	0.324917	0.32338	0.326245	0.32491	0.323113	0.326163	0.584129	0.57977	0.58923	0.584123	0.580412	0.588193	1.79778	1.7978	5.15748	
16.6276	1	293	6.36773	1	58	5.6786	1	58	0	0	0	0.329942	0.32845	0.331093	0.32994	0.328085	0.331137	0.593168	0.590045	0.596695	0.593168	0.589357	0.597428	1.7978	1.79781	5.16643	
20.1051	1	337	6.46429	1	54	5.78161	1	50	0	0	0	0.334925	0.33371	0.336392	0.334924	0.332995	0.336552	0.602038	0.59872	0.607132	0.602032	0.598245	0.607058	1.79753	1.79752	5.18524	
26.5193	1	431	6.55656	1	62	5.87608	1	62	0	0	0	0.33991	0.33848	0.341305	0.33992	0.33808	0.341475	0.611038	0.607017	0.615775	0.611061	0.60744	0.61569	1.79765	1.79766	5.20015	
41.1019	1	857	6.65894	1	66	5.97671	1	62	0	0	0	0.344923	0.343538	0.345857	0.344936	0.343197	0.346008	0.620383	0.617512	0.622937	0.620405	0.617937	0.62328	1.79861	1.79861	5.21828	
389.698	1	8697	6.76242	1	61	6.08053	1	57	0	0	0	-0.816284	-0.814187	-0.819447	-0.816031	-0.813757	-0.817951	-1.4687	-1.46068	-1.47801	-1.46822	-1.46127	-1.47334	1.79926	1.79922	5.23461	
