5.32253	2	18	5.32203	2	18	4.55579	2	14	0	0	0	0.00503313	0.00481	0.00530333	0.00503292	0.00481	0.0053	0.00901479	0.00842333	0.00938667	0.00901458	0.00842333	0.00938667	1.79109	1.79113	5.51972	
5.37948	2	18	5.37798	2	18	4.56759	2	14	0	0	0	0.0100071	0.00965667	0.0101967	0.0100069	0.00965667	0.0101967	0.0181071	0.0176567	0.0190767	0.0181075	0.0176567	0.0190767	1.80943	1.80951	5.54836	
5.40183	2	18	5.40018	2	18	4.61934	2	14	0	0	0	0.0149985	0.0147133	0.0155233	0.0149981	0.0147133	0.01552	0.0269394	0.0256067	0.0280867	0.026939	0.0256067	0.0280867	1.79613	1.79616	5.57089	
5.41992	2	19	5.41759	2	19	4.64376	2	15	0	0	0	0.019986	0.01961	0.02052	0.0199858	0.01961	0.0205167	0.0358335	0.03493	0.03684	0.0358333	0.03493	0.0368367	1.79293	1.79294	5.58249	
5.44969	2	20	5.44588	2	20	4.66766	2	16	0	0	0	0.0249837	0.0244333	0.0254267	0.024984	0.0244333	0.0254233	0.0448033	0.0432067	0.0459867	0.0448046	0.0432067	0.0459833	1.7933	1.79333	5.60006	
5.49634	2	25	5.49075	2	20	4.69189	2	16	0	0	0	0.0300242	0.0295467	0.03048	0.0300242	0.0295433	0.0304767	0.0540175	0.05332	0.0554333	0.0540175	0.0533167	0.0554333	1.79913	1.79913	5.62734	
5.5369	2	20	5.52964	2	20	4.74755	2	16	0	0	0	0.0350258	0.03456	0.0356267	0.0350254	0.03456	0.0356267	0.0631567	0.0616533	0.06481	0.0631562	0.0616533	0.0648067	1.80315	1.80315	5.64594	
5.57797	2	23	5.56966	2	23	4.77993	2	20	0	0	0	0.0400277	0.03946	0.04073	0.0400275	0.03946	0.0407267	0.0721635	0.0709767	0.07374	0.072164	0.07098	0.0737367	1.80284	1.80286	5.6737	
5.60638	2	28	5.59547	2	22	4.80643	2	18	0	0	0	0.0450169	0.0439567	0.0456967	0.0450171	0.0439567	0.0456967	0.0811485	0.0793167	0.08211	0.0811496	0.0793167	0.08211	1.80262	1.80264	5.69044	
5.64169	2	24	5.62844	2	22	4.84742	2	19	0	0	0	0.0499998	0.0493	0.0506933	0.05	0.0493	0.05069	0.0900577	0.0887133	0.0915567	0.090059	0.0887133	0.0915667	1.80116	1.80118	5.70748	
5.67288	2	26	5.65605	2	25	4.88302	2	21	0	0	0	0.0550015	0.05412	0.0556867	0.0550019	0.05412	0.0556867	0.0989573	0.0961867	0.101667	0.0989585	0.0961867	0.101667	1.79918	1.79918	5.72903	
5.72002	2	26	5.70041	2	25	4.9253	2	21	0	0	0	0.0599671	0.0591933	0.0606667	0.0599677	0.0591933	0.0606667	0.107884	0.10628	0.110047	0.107884	0.106283	0.110047	1.79905	1.79903	5.75783	
5.75186	2	28	5.72877	2	23	4.96624	2	22	0	0	0	0.0650215	0.0644433	0.06613	0.0650215	0.06444	0.0661367	0.116787	0.114973	0.119243	0.116787	0.114973	0.119243	1.79613	1.79613	5.77296	
5.78961	2	35	5.75995	2	24	4.98611	2	21	0	0	0	0.0699785	0.0688767	0.0706767	0.0699783	0.0688767	0.0706767	0.125762	0.123223	0.12785	0.12576	0.123223	0.127837	1.79715	1.79713	5.79136	
5.84468	2	34	5.81048	2	26	5.0358	2	23	0	0	0	0.0749754	0.0739667	0.0760933	0.074976	0.0739633	0.0760933	0.134679	0.132943	0.137253	0.134679	0.132947	0.137253	1.79631	1.79629	5.82632	
5.87058	2	28	5.82982	2	27	5.06445	2	23	0	0	0	0.0799906	0.0789433	0.0806033	0.0799915	0.07894	0.08061	0.143754	0.1418	0.145303	0.143756	0.141793	0.145307	1.79713	1.79714	5.83115	
5.91857	2	34	5.87099	2	27	5.11033	2	23	0	0	0	0.0850135	0.0841767	0.08594	0.0850133	0.0841767	0.0859433	0.152908	0.15066	0.154753	0.152906	0.150663	0.154753	1.79864	1.79861	5.85883	
5.96354	2	39	5.90761	2	27	5.14457	2	23	0	0	0	0.0900248	0.0892033	0.09142	0.090026	0.0892067	0.09142	0.16201	0.159603	0.16706	0.162011	0.15961	0.16706	1.79961	1.7996	5.87329	
6.02141	2	34	5.9551	2	27	5.19318	2	24	0	0	0	0.0950098	0.0942767	0.09608	0.0950106	0.09428	0.0960767	0.170997	0.16884	0.173027	0.170999	0.16884	0.17303	1.79979	1.79978	5.90058	
6.05601	2	42	5.98191	2	30	5.22517	2	26	0	0	0	0.100001	0.0992933	0.10096	0.100001	0.09929	0.10096	0.180058	0.177937	0.182947	0.180059	0.177937	0.182947	1.80056	1.80058	5.91519	
6.10542	2	51	6.01587	2	28	5.25099	2	24	0	0	0	0.105056	0.104367	0.105867	0.105057	0.104363	0.10587	0.189182	0.1872	0.191547	0.189183	0.187197	0.19155	1.80077	1.80077	5.92824	
6.16315	2	45	6.06345	2	29	5.30752	2	26	0	0	0	0.110075	0.108663	0.11093	0.110075	0.108663	0.11093	0.198212	0.19493	0.200707	0.198214	0.19493	0.20071	1.80071	1.80071	5.95642	
6.2109	2	41	6.09754	2	28	5.33978	2	24	0	0	0	0.115057	0.113993	0.11592	0.115057	0.11399	0.115927	0.207168	0.20457	0.210507	0.207165	0.204577	0.210503	1.80056	1.80054	5.97137	
6.26638	2	42	6.13688	2	29	5.38104	2	26	0	0	0	0.120091	0.11929	0.121323	0.120091	0.119293	0.12132	0.216163	0.21313	0.21876	0.216164	0.213137	0.21876	1.8	1.8	5.9939	
6.32102	2	47	6.17311	2	28	5.41984	2	27	0	0	0	0.125085	0.12432	0.126297	0.125084	0.12433	0.126297	0.22529	0.223193	0.229163	0.225288	0.223183	0.229157	1.80109	1.80108	6.0094	
6.37652	2	57	6.20978	2	31	5.4542	2	27	0	0	0	0.130036	0.12924	0.131267	0.130035	0.12924	0.131267	0.23412	0.231557	0.23707	0.23412	0.231557	0.23708	1.80043	1.80044	6.02582	
6.43278	2	64	6.24334	2	30	5.4867	2	26	0	0	0	0.135046	0.134093	0.136103	0.135046	0.134083	0.136107	0.243109	0.241307	0.245997	0.243108	0.24131	0.246	1.80019	1.80018	6.0437	
6.49549	2	66	6.27643	2	33	5.52672	2	29	0	0	0	0.140089	0.13944	0.141097	0.140088	0.13944	0.1411	0.252135	0.24934	0.25455	0.252131	0.249343	0.254553	1.79982	1.79981	6.05595	
6.55879	2	58	6.31469	2	28	5.55961	2	26	0	0	0	0.145101	0.143857	0.14625	0.1451	0.143853	0.14625	0.261322	0.259377	0.263003	0.261321	0.259373	0.26299	1.80097	1.80097	6.07331	
6.62959	2	67	6.35143	2	32	5.59701	2	28	0	0	0	0.150073	0.148857	0.15121	0.150071	0.14886	0.151207	0.270177	0.26602	0.273463	0.270175	0.26603	0.273447	1.80031	1.80031	6.08919	
6.69792	2	74	6.39147	2	30	5.63856	2	26	0	0	0	0.155095	0.153963	0.155983	0.155095	0.153967	0.155973	0.279321	0.275037	0.28224	0.279322	0.275047	0.282253	1.80096	1.80097	6.09921	
6.77627	2	90	6.42718	2	34	5.67879	2	30	0	0	0	0.160132	0.159087	0.161083	0.16013	0.1591	0.161083	0.288289	0.285193	0.291183	0.288286	0.28522	0.291183	1.80032	1.80033	6.11403	
6.88294	2	98	6.4707	2	32	5.71328	2	28	0	0	0	0.165183	0.164203	0.166453	0.165183	0.164197	0.166453	0.297368	0.293813	0.300543	0.297368	0.293823	0.300557	1.80023	1.80024	6.13124	
6.9721	2	95	6.51422	2	33	5.77161	2	29	0	0	0	0.170181	0.169017	0.171337	0.170179	0.169013	0.171333	0.306336	0.302677	0.31067	0.306336	0.302687	0.310693	1.80006	1.80008	6.14836	
7.068	2	103	6.54057	2	34	5.78554	2	31	0	0	0	0.175217	0.174117	0.176273	0.175218	0.174123	0.176273	0.315385	0.312637	0.31849	0.315391	0.312657	0.31851	1.79997	1.79999	6.15145	
7.19144	2	104	6.58439	2	33	5.83453	2	30	0	0	0	0.18028	0.178787	0.181217	0.18028	0.178787	0.181207	0.324327	0.32116	0.326523	0.324324	0.321167	0.326513	1.79901	1.799	6.17079	
7.28636	2	118	6.61591	2	33	5.86424	2	30	0	0	0	0.18528	0.18345	0.18669	0.18528	0.183447	0.18669	0.333208	0.331463	0.33741	0.333207	0.331443	0.337397	1.7984	1.7984	6.17745	
7.4417	2	166	6.6522	2	44	5.90435	2	40	0	0	0	0.190258	0.18945	0.191683	0.190257	0.18945	0.191683	0.34208	0.339013	0.34423	0.342079	0.339013	0.344227	1.79798	1.79798	6.18881	
7.61921	2	135	6.68219	2	48	5.93419	2	44	0	0	0	0.195212	0.19321	0.1966	0.195213	0.193213	0.1966	0.350996	0.34645	0.353823	0.350997	0.346457	0.353837	1.79803	1.79802	6.19404	
7.93385	2	164	6.72028	2	36	5.96795	2	32	0	0	0	0.200214	0.19899	0.201843	0.200214	0.198983	0.20185	0.360125	0.35611	0.364773	0.360126	0.356103	0.364803	1.7987	1.79871	6.20813	
8.06036	2	187	6.76356	2	51	6.00983	2	47	0	0	0	0.205178	0.203447	0.206533	0.205177	0.203443	0.206537	0.369072	0.365927	0.371617	0.369073	0.36593	0.371573	1.79879	1.7988	6.21468	
8.41979	2	247	6.79013	2	49	6.03515	2	45	0	0	0	0.210146	0.209193	0.210833	0.210146	0.209187	0.210833	0.377912	0.37409	0.37995	0.377911	0.37409	0.379937	1.79833	1.79833	6.22231	
8.86751	2	427	6.83532	2	36	6.08345	2	32	0	0	0	0.215113	0.214033	0.21652	0.215113	0.214027	0.216517	0.386873	0.383873	0.390327	0.386867	0.383853	0.39032	1.79846	1.79844	6.2295	
9.44346	2	292	6.86553	2	38	6.11074	2	38	0	0	0	0.220135	0.218983	0.22155	0.220133	0.21898	0.22154	0.395772	0.393563	0.397797	0.395769	0.393563	0.397787	1.79786	1.79786	6.24158	
10.95	2	396	6.89868	2	49	6.13462	2	45	0	0	0	0.225058	0.224375	0.22559	0.225057	0.224373	0.225587	0.404721	0.402722	0.407058	0.404721	0.40276	0.407048	1.7983	1.7983	6.24552	
265.233	2	10858	6.89008	2	40	6.12397	2	36	0	0	0	0.229953	0.229076	0.23141	0.229737	0.228496	0.231384	0.413485	0.411041	0.415909	0.413088	0.409106	0.415904	1.79813	1.79809	6.24218	
