4.11714	1	16	4.11569	1	16	3.34362	1	12	0	0	0	0.00503313	0.00481	0.00530333	0.00503292	0	0.02034	0.00901479	0.00842333	0.00938667	0.00901458	0	0.03638	1.79109	1.79113	4.31843	
4.14667	1	17	4.14198	1	17	3.33918	1	13	0	0	0	0.0100071	0.00965667	0.0101967	0.0100071	0	0.0406567	0.0181071	0.0176567	0.0190767	0.0181073	0	0.0732967	1.80943	1.80945	4.31975	
4.16979	1	19	4.16261	1	19	3.37785	1	15	0	0	0	0.0149985	0.0147133	0.0155233	0.0149983	0	0.0602167	0.0269394	0.0256067	0.0280867	0.0269392	0	0.10803	1.79613	1.79614	4.34537	
4.19203	1	19	4.18252	1	19	3.40343	1	15	0	0	0	0.019986	0.01961	0.02052	0.0199858	0	0.0805067	0.0358335	0.03493	0.03684	0.0358333	0	0.144973	1.79293	1.79294	4.36101	
4.19864	1	20	4.18661	1	20	3.40574	1	16	0	0	0	0.0249837	0.0244333	0.0254267	0.024984	0	0.1007	0.0448033	0.0432067	0.0459867	0.0448042	0	0.18158	1.7933	1.79332	4.3578	
4.234	1	18	4.22027	1	18	3.42248	1	14	0	0	0	0.0300242	0.0295467	0.03048	0.0300242	0	0.12085	0.0540175	0.05332	0.0554333	0.0540175	0	0.21757	1.79913	1.79913	4.37442	
4.25646	1	22	4.2381	1	22	3.44475	1	18	0	0	0	0.0350258	0.03456	0.0356267	0.0350256	0	0.14059	0.0631567	0.0616533	0.06481	0.0631565	0	0.253737	1.80315	1.80315	4.37899	
4.28614	1	25	4.26533	1	22	3.47688	1	18	0	0	0	0.0400277	0.03946	0.04073	0.0400277	0	0.160507	0.0721635	0.0709767	0.07374	0.0721642	0	0.290197	1.80284	1.80286	4.39478	
4.31774	1	23	4.29287	1	23	3.49946	1	19	0	0	0	0.0450169	0.0439567	0.0456967	0.0450169	0	0.18061	0.0811485	0.0793167	0.08211	0.0811488	0	0.325537	1.80262	1.80263	4.41297	
4.34552	1	24	4.31674	1	24	3.53247	1	20	0	0	0	0.0499998	0.0493	0.0506933	0.0499998	0	0.201593	0.0900577	0.0887133	0.0915567	0.0900583	0	0.361353	1.80116	1.80117	4.42461	
4.37423	1	22	4.3418	1	22	3.55556	1	18	0	0	0	0.0550015	0.05412	0.0556867	0.0550017	0	0.221877	0.0989573	0.0961867	0.101667	0.0989569	0	0.397133	1.79918	1.79916	4.43568	
4.40387	1	26	4.36825	1	26	3.58672	1	22	0	0	0	0.0599671	0.0591933	0.0606667	0.0599671	0	0.241723	0.107884	0.10628	0.110047	0.107884	0	0.433653	1.79905	1.79905	4.44816	
4.43321	1	24	4.3897	1	23	3.61597	1	20	0	0	0	0.0650215	0.0644433	0.06613	0.0650213	0	0.262283	0.116787	0.114973	0.119243	0.116787	0	0.47075	1.79613	1.79614	4.45599	
4.46445	1	26	4.41789	1	25	3.64054	1	21	0	0	0	0.0699785	0.0688767	0.0706767	0.0699779	0	0.281813	0.125762	0.123223	0.12785	0.125761	0	0.506803	1.79715	1.79715	4.46902	
4.50233	1	29	4.44778	1	29	3.67302	1	25	0	0	0	0.0749754	0.0739667	0.0760933	0.0749746	0	0.30211	0.134679	0.132943	0.137253	0.134676	0	0.543023	1.79631	1.79629	4.48213	
4.53813	1	27	4.47807	1	27	3.7058	1	23	0	0	0	0.0799906	0.0789433	0.0806033	0.079991	0	0.321803	0.143754	0.1418	0.145303	0.143755	0	0.57863	1.79713	1.79714	4.48937	
4.58273	1	28	4.51481	1	27	3.73992	1	24	0	0	0	0.0850135	0.0841767	0.08594	0.0850117	0	0.34175	0.152908	0.15066	0.154753	0.152902	0	0.614843	1.79864	1.79861	4.50504	
4.62922	1	32	4.55454	1	29	3.78308	1	25	0	0	0	0.0900248	0.0892033	0.09142	0.0900248	0	0.361837	0.16201	0.159603	0.16706	0.16201	0	0.650823	1.79961	1.79961	4.51752	
4.67112	1	34	4.58839	1	34	3.8145	1	34	0	0	0	0.0950098	0.0942767	0.09608	0.0950106	0	0.381353	0.170997	0.16884	0.173027	0.170999	0	0.688117	1.79979	1.79978	4.53004	
4.72779	1	36	4.63525	1	34	3.86744	1	30	0	0	0	0.100001	0.0992933	0.10096	0.100001	0	0.40158	0.180058	0.177937	0.182947	0.180054	0	0.725737	1.80056	1.80052	4.5489	
4.7836	1	42	4.67757	1	29	3.91176	1	26	0	0	0	0.105056	0.104367	0.105867	0.105056	0	0.421723	0.189182	0.1872	0.191547	0.189181	0	0.760597	1.80077	1.80075	4.56137	
4.8357	1	43	4.72026	1	29	3.96118	1	28	0	0	0	0.110075	0.108663	0.11093	0.110076	0	0.4419	0.198212	0.19493	0.200707	0.198212	0	0.795753	1.80071	1.80069	4.57393	
4.90777	1	38	4.77984	1	35	4.02687	1	31	0	0	0	0.115057	0.113993	0.11592	0.115056	0	0.46214	0.207168	0.20457	0.210507	0.207162	0	0.83318	1.80056	1.80054	4.59827	
4.97458	1	49	4.83073	1	34	4.07015	1	31	0	0	0	0.120091	0.11929	0.121323	0.120088	0	0.48255	0.216163	0.21313	0.21876	0.21616	0	0.86943	1.8	1.80001	4.61614	
5.0385	1	51	4.88194	1	32	4.12561	1	30	0	0	0	0.125085	0.12432	0.126297	0.125082	0	0.50204	0.22529	0.223193	0.229163	0.225279	0	0.905203	1.80109	1.80105	4.62761	
5.11907	1	65	4.94071	1	42	4.19402	1	38	0	0	0	0.130036	0.12924	0.131267	0.130035	0	0.521217	0.23412	0.231557	0.23707	0.234116	0	0.94007	1.80043	1.80041	4.64347	
5.19833	1	44	5.00325	1	40	4.2542	1	38	0	0	0	0.135046	0.134093	0.136103	0.135045	0	0.541707	0.243109	0.241307	0.245997	0.243109	0	0.976313	1.80019	1.8002	4.66278	
5.29296	1	63	5.07248	1	39	4.32996	1	35	0	0	0	0.140089	0.13944	0.141097	0.138883	0	0.55812	0.252135	0.24934	0.25455	0.25	0	1	1.79982	1.80007	4.68022	
5.40153	1	57	5.15403	1	48	4.41702	1	44	0	0	0	0.145101	0.143857	0.14625	0.13889	0	0.558153	0.261322	0.259377	0.263003	0.25	0	1	1.80097	1.79998	4.7071	
5.5	1	59	5.22691	1	49	4.49184	1	47	0	0	0	0.150073	0.148857	0.15121	0.138892	0	0.558163	0.270177	0.26602	0.273463	0.25	0	1	1.80031	1.79996	4.72628	
5.63152	1	69	5.31933	1	66	4.58821	1	62	0	0	0	0.155095	0.153963	0.155983	0.13889	0	0.558153	0.279321	0.275037	0.28224	0.25	0	1	1.80096	1.79998	4.75216	
5.77325	1	67	5.42003	1	42	4.69055	1	47	0	0	0	0.160132	0.159087	0.161083	0.138891	0	0.55816	0.288289	0.285193	0.291183	0.25	0	1	1.80032	1.79998	4.77563	
5.91636	1	75	5.51587	1	54	4.79277	1	50	0	0	0	0.165183	0.164203	0.166453	0.138891	0	0.558163	0.297368	0.293813	0.300543	0.25	0	1	1.80023	1.79997	4.80293	
6.09905	1	75	5.63954	1	50	4.93235	1	49	0	0	0	0.170181	0.169017	0.171337	0.138891	0	0.55815	0.306336	0.302677	0.31067	0.25	0	1	1.80006	1.79998	4.83857	
6.25889	1	98	5.74048	1	52	5.04107	1	50	0	0	0	0.175217	0.174117	0.176273	0.138891	0	0.55816	0.315385	0.312637	0.31849	0.25	0	1	1.79997	1.79997	4.85869	
6.51221	1	136	5.89041	1	68	5.18584	1	65	0	0	0	0.18028	0.178787	0.181217	0.138893	0	0.558167	0.324327	0.32116	0.326523	0.25	0	1	1.79901	1.79995	4.90271	
6.72584	1	116	6.02194	1	53	5.34562	1	53	0	0	0	0.18528	0.18345	0.18669	0.138894	0	0.558173	0.333208	0.331463	0.33741	0.25	0	1	1.7984	1.79994	4.93306	
7.04169	1	119	6.19699	1	60	5.531	1	59	0	0	0	0.190258	0.18945	0.191683	0.138892	0	0.55817	0.34208	0.339013	0.34423	0.25	0	1	1.79798	1.79996	4.97826	
7.38137	1	135	6.38583	1	63	5.72819	1	63	0	0	0	0.195212	0.19321	0.1966	0.138893	0	0.558167	0.350996	0.34645	0.353823	0.25	0	1	1.79803	1.79994	5.03236	
7.83563	1	186	6.60916	1	61	5.96938	1	62	0	0	0	0.200214	0.19899	0.201843	0.138893	0	0.558153	0.360125	0.35611	0.364773	0.25	0	1	1.7987	1.79995	5.09297	
8.48154	1	203	6.85768	1	63	6.2284	1	66	0	0	0	0.205178	0.203447	0.206533	0.138893	0	0.55816	0.369072	0.365927	0.371617	0.25	0	1	1.79879	1.79994	5.16561	
9.18663	1	292	7.12351	1	76	6.53364	1	73	0	0	0	0.210146	0.209193	0.210833	0.138895	0	0.558177	0.377912	0.37409	0.37995	0.25	0	1	1.79833	1.79992	5.23462	
10.1753	1	240	7.47268	1	71	6.88496	1	76	0	0	0	0.215113	0.214033	0.21652	0.138894	0	0.55816	0.386873	0.383873	0.390327	0.25	0	1	1.79846	1.79994	5.34028	
11.7228	1	369	7.85946	1	84	7.31523	1	86	0	0	0	0.220135	0.218983	0.22155	0.138894	0	0.55816	0.395772	0.393563	0.397797	0.25	0	1	1.79786	1.79993	5.45866	
14.9495	1	440	8.3621	1	84	7.82627	1	92	0	0	0	0.225164	0.224647	0.225963	0.138893	0	0.558153	0.404797	0.402063	0.407097	0.25	0	1	1.79779	1.79995	5.61392	
22.3669	1	852	8.98975	1	96	8.51364	1	99	0	0	0	0.22999	0.228955	0.23125	0.138927	0	0.557158	0.41363	0.410888	0.416198	0.25	0	1	1.79847	1.79951	5.82149	
63.8326	1	1737	9.73488	1	120	9.29058	1	120	0	0	0	0.23507	0.23383	0.23663	0.138894	0	0.558187	0.422628	0.418507	0.42607	0.25	0	1	1.79788	1.79994	6.07495	
1621.59	1	34482	10.3014	1	91	9.85726	1	108	0	0	0	-0.240029	-0.238893	-0.242186	-0.138885	0	-0.557745	-0.431549	-0.427745	-0.436625	-0.249999	0	-0.999997	1.7979	1.80005	6.20471	
