5.32899	2	18	5.32568	2	18	4.55783	2	14	0	0	0	0.00503313	0.00481	0.00530333	0.00503292	0.00481	0.0053	0.00901479	0.00842333	0.00938667	0.00901458	0.00842333	0.00938667	1.79109	1.79113	5.52337	
5.39216	2	18	5.385	2	18	4.57165	2	14	0	0	0	0.0100071	0.00965667	0.0101967	0.0100069	0.00965667	0.0101967	0.0181071	0.0176567	0.0190767	0.0181075	0.0176567	0.0190767	1.80943	1.80951	5.55544	
5.41826	2	18	5.41061	2	18	4.62484	2	15	0	0	0	0.0149985	0.0147133	0.0155233	0.0149981	0.0147133	0.01552	0.0269394	0.0256067	0.0280867	0.026939	0.0256067	0.0280867	1.79613	1.79616	5.58128	
5.44313	2	19	5.43092	2	19	4.65159	2	15	0	0	0	0.019986	0.01961	0.02052	0.0199858	0.01961	0.0205167	0.0358335	0.03493	0.03684	0.0358333	0.03493	0.0368367	1.79293	1.79294	5.59585	
5.47727	2	20	5.46301	2	20	4.67736	2	16	0	0	0	0.0249837	0.0244333	0.0254267	0.024984	0.0244333	0.0254233	0.0448033	0.0432067	0.0459867	0.0448046	0.0432067	0.0459833	1.7933	1.79333	5.61767	
5.53072	2	25	5.51	2	20	4.70198	2	19	0	0	0	0.0300242	0.0295467	0.03048	0.0300242	0.0295433	0.0304767	0.0540175	0.05332	0.0554333	0.0540175	0.0533167	0.0554333	1.79913	1.79913	5.64684	
5.57696	2	21	5.55295	2	20	4.76094	2	19	0	0	0	0.0350258	0.03456	0.0356267	0.0350254	0.03456	0.0356267	0.0631567	0.0616533	0.06481	0.0631562	0.0616533	0.0648067	1.80315	1.80315	5.66976	
5.62549	2	24	5.5958	2	23	4.79479	2	20	0	0	0	0.0400277	0.03946	0.04073	0.0400275	0.03946	0.0407267	0.0721635	0.0709767	0.07374	0.072164	0.07098	0.0737367	1.80284	1.80286	5.70002	
5.65625	2	28	5.6222	2	21	4.8213	2	21	0	0	0	0.0450169	0.0439567	0.0456967	0.0450171	0.0439567	0.0456967	0.0811485	0.0793167	0.08211	0.0811496	0.0793167	0.08211	1.80262	1.80264	5.71785	
5.70154	2	25	5.66049	2	22	4.86653	2	19	0	0	0	0.0499998	0.0493	0.0506933	0.05	0.0493	0.05069	0.0900577	0.0887133	0.0915567	0.090059	0.0887133	0.0915667	1.80116	1.80118	5.74051	
5.73928	2	26	5.68953	2	25	4.90255	2	21	0	0	0	0.0550015	0.05412	0.0556867	0.0550019	0.05412	0.0556867	0.0989573	0.0961867	0.101667	0.0989585	0.0961867	0.101667	1.79918	1.79918	5.76249	
5.79301	2	26	5.737	2	24	4.94571	2	22	0	0	0	0.0599671	0.0591933	0.0606667	0.0599677	0.0591933	0.0606667	0.107884	0.10628	0.110047	0.107884	0.106283	0.110047	1.79905	1.79903	5.7948	
5.83014	2	28	5.76571	2	26	4.98788	2	26	0	0	0	0.0650215	0.0644433	0.06613	0.0650215	0.06444	0.0661367	0.116787	0.114973	0.119243	0.116787	0.114973	0.119243	1.79613	1.79613	5.81058	
5.87913	2	34	5.80009	2	24	5.00837	2	21	0	0	0	0.0699785	0.0688767	0.0706767	0.0699781	0.0688733	0.0706767	0.125762	0.123223	0.12785	0.12576	0.12322	0.127837	1.79715	1.79713	5.83192	
5.93792	2	34	5.85176	2	26	5.06009	2	24	0	0	0	0.0749754	0.0739667	0.0760933	0.074976	0.0739633	0.0760933	0.134679	0.132943	0.137253	0.134679	0.132947	0.137253	1.79631	1.79629	5.86842	
5.97484	2	34	5.87258	2	27	5.08974	2	23	0	0	0	0.0799906	0.0789433	0.0806033	0.0799915	0.07894	0.08061	0.143754	0.1418	0.145303	0.143756	0.141793	0.145307	1.79713	1.79714	5.87517	
6.03426	2	35	5.91705	2	25	5.13689	2	23	0	0	0	0.0850135	0.0841767	0.08594	0.0850133	0.0841767	0.0859433	0.152908	0.15066	0.154753	0.152906	0.150663	0.154753	1.79864	1.79861	5.90494	
6.08488	2	41	5.95315	2	27	5.17013	2	23	0	0	0	0.0900248	0.0892033	0.09142	0.090026	0.0892067	0.09142	0.16201	0.159603	0.16706	0.162011	0.15961	0.16706	1.79961	1.7996	5.91997	
6.15069	2	42	5.99781	2	26	5.21589	2	24	0	0	0	0.0950098	0.0942767	0.09608	0.0950104	0.09428	0.0960767	0.170997	0.16884	0.173027	0.170998	0.16884	0.17303	1.79979	1.79979	5.94527	
6.20416	2	49	6.03401	2	30	5.2588	2	26	0	0	0	0.100001	0.0992933	0.10096	0.100001	0.09929	0.10096	0.180058	0.177937	0.182947	0.180058	0.177937	0.182947	1.80056	1.80057	5.9656	
6.26316	2	52	6.06214	2	30	5.27407	2	26	0	0	0	0.105056	0.104367	0.105867	0.105057	0.104363	0.10587	0.189182	0.1872	0.191547	0.189183	0.187197	0.19155	1.80077	1.80077	5.97586	
6.32999	2	50	6.10768	2	28	5.33017	2	28	0	0	0	0.110075	0.108663	0.11093	0.110075	0.108663	0.11093	0.198212	0.19493	0.200707	0.198214	0.19493	0.20071	1.80071	1.80071	6.00235	
6.40137	2	44	6.14767	2	30	5.37112	2	30	0	0	0	0.115057	0.113993	0.11592	0.115057	0.113987	0.115923	0.207168	0.20457	0.210507	0.207164	0.204577	0.210497	1.80056	1.80054	6.02232	
6.45951	2	51	6.17926	2	31	5.4017	2	31	0	0	0	0.120091	0.11929	0.121323	0.120091	0.119293	0.12132	0.216163	0.21313	0.21876	0.216163	0.213137	0.218753	1.8	1.8	6.04098	
6.54408	2	55	6.21866	2	35	5.44695	2	35	0	0	0	0.125085	0.12432	0.126297	0.125084	0.12433	0.126297	0.22529	0.223193	0.229163	0.225287	0.223183	0.229153	1.80109	1.80108	6.05675	
6.60819	2	67	6.25339	2	35	5.47723	2	31	0	0	0	0.130036	0.12924	0.131267	0.130035	0.12924	0.131267	0.23412	0.231557	0.23707	0.234121	0.23156	0.23708	1.80043	1.80044	6.07405	
6.6964	2	63	6.29078	2	32	5.51436	2	32	0	0	0	0.135046	0.134093	0.136103	0.135046	0.134083	0.136107	0.243109	0.241307	0.245997	0.243108	0.24131	0.246	1.80019	1.80018	6.09247	
6.77335	2	70	6.31828	2	31	5.54643	2	31	0	0	0	0.140089	0.13944	0.141097	0.140088	0.13944	0.1411	0.252135	0.24934	0.25455	0.252131	0.249343	0.254553	1.79982	1.79981	6.10149	
6.88682	2	80	6.36133	2	31	5.58631	2	28	0	0	0	0.145101	0.143857	0.14625	0.1451	0.143853	0.14625	0.261322	0.259377	0.263003	0.261321	0.259373	0.26299	1.80097	1.80097	6.12185	
6.98519	2	80	6.39197	2	41	5.61863	2	37	0	0	0	0.150073	0.148857	0.15121	0.150071	0.14886	0.151207	0.270177	0.26602	0.273463	0.270175	0.26603	0.273447	1.80031	1.80031	6.13454	
7.09306	2	75	6.43015	2	40	5.66002	2	40	0	0	0	0.155095	0.153963	0.155983	0.155095	0.153967	0.155987	0.279321	0.275037	0.28224	0.279323	0.275047	0.282253	1.80096	1.80098	6.14615	
7.22284	2	127	6.46458	2	35	5.69553	2	35	0	0	0	0.160132	0.159087	0.161083	0.16013	0.1591	0.161083	0.288289	0.285193	0.291183	0.288284	0.28522	0.291183	1.80032	1.80031	6.15697	
7.36412	2	104	6.50201	2	40	5.72394	2	40	0	0	0	0.165183	0.164203	0.166453	0.165183	0.164197	0.166453	0.297368	0.293813	0.300543	0.297368	0.29382	0.300553	1.80023	1.80023	6.17283	
7.52073	2	102	6.54178	2	39	5.77797	2	39	0	0	0	0.170181	0.169017	0.171337	0.170179	0.169013	0.171333	0.306336	0.302677	0.31067	0.306335	0.302687	0.31069	1.80006	1.80008	6.1893	
7.7074	2	140	6.56486	2	41	5.7905	2	41	0	0	0	0.175217	0.174117	0.176273	0.175217	0.174123	0.176277	0.315385	0.312637	0.31849	0.315387	0.312657	0.318503	1.79997	1.79998	6.19311	
7.94191	2	133	6.60538	2	38	5.839	2	38	0	0	0	0.18028	0.178787	0.181217	0.18028	0.178787	0.18121	0.324327	0.32116	0.326523	0.324324	0.321163	0.326513	1.79901	1.79901	6.21111	
8.13006	2	140	6.62419	2	44	5.85931	2	40	0	0	0	0.18528	0.18345	0.18669	0.185283	0.183453	0.18669	0.333208	0.331463	0.33741	0.333213	0.331487	0.337397	1.7984	1.7984	6.21322	
8.44959	2	177	6.66722	2	41	5.90429	2	41	0	0	0	0.190258	0.18945	0.191683	0.190258	0.189453	0.19169	0.34208	0.339013	0.34423	0.342081	0.339013	0.344227	1.79798	1.79798	6.22473	
8.78571	2	176	6.68012	2	39	5.91652	2	39	0	0	0	0.195212	0.19321	0.1966	0.195215	0.193213	0.1966	0.350996	0.34645	0.353823	0.351	0.346457	0.353837	1.79803	1.79802	6.22608	
9.60391	2	273	6.71421	2	40	5.95034	2	40	0	0	0	0.200214	0.19899	0.201843	0.200214	0.198983	0.201847	0.360125	0.35611	0.364773	0.360127	0.356103	0.364823	1.7987	1.79871	6.2377	
9.87402	2	247	6.75326	2	42	5.98887	2	42	0	0	0	0.205178	0.203447	0.206533	0.205177	0.20344	0.206537	0.369072	0.365927	0.371617	0.369076	0.36596	0.37161	1.79879	1.79882	6.24098	
10.8784	2	304	6.76921	2	43	6.00474	2	40	0	0	0	0.210065	0.209022	0.21122	0.210065	0.209017	0.211218	0.37775	0.373702	0.380507	0.37775	0.37372	0.38052	1.79825	1.79826	6.24679	
12.3345	2	570	6.79026	2	42	6.02659	2	41	0	0	0	0.215045	0.213778	0.21616	0.215041	0.213775	0.216152	0.38679	0.384415	0.38996	0.386783	0.384398	0.389948	1.79865	1.79865	6.2506	
15.4043	2	513	6.80924	2	46	6.0447	2	46	0	0	0	0.220135	0.218983	0.22155	0.220139	0.21898	0.22155	0.395772	0.393563	0.397797	0.39578	0.393567	0.397787	1.79786	1.79786	6.25926	
24.3121	2	837	6.81482	2	40	6.04818	2	40	0	0	0	0.225058	0.224375	0.22559	0.225075	0.224373	0.225595	0.404721	0.402722	0.407058	0.404761	0.402865	0.407048	1.7983	1.79834	6.25647	
192.191	2	5163	6.73025	2	43	5.9646	2	40	0	0	0	0.229953	0.229076	0.23141	0.229869	0.229073	0.231407	0.413485	0.411041	0.415909	0.413326	0.411039	0.415954	1.79813	1.79809	6.24979	
2065.23	2	49333	6.67564	2	48	5.90764	2	44	0	0	0	-0.548113	-0.545428	-0.551078	-0.546334	-0.515738	-0.554061	-0.985489	-0.979613	-0.99113	-0.98235	-0.92695	-0.998897	1.79797	1.79808	6.24297	
