5.32005	2	16	5.31678	2	16	4.50047	2	12	0	0	0	0.00503313	0.00481	0.00530333	0.00503292	0.00481	0.0053	0.00901479	0.00842333	0.00938667	0.00901458	0.00842333	0.00938667	1.79109	1.79113	5.5138	
5.36741	2	16	5.36029	2	16	4.57337	2	14	0	0	0	0.0100071	0.00965667	0.0101967	0.0100069	0.00965667	0.0101967	0.0181071	0.0176567	0.0190767	0.0181073	0.0176567	0.0190767	1.80943	1.80949	5.5295	
5.39936	2	19	5.39172	2	19	4.62004	2	16	0	0	0	0.0149985	0.0147133	0.0155233	0.0149981	0.0147133	0.01552	0.0269394	0.0256067	0.0280867	0.026939	0.0256067	0.0280867	1.79613	1.79616	5.56172	
5.41769	2	20	5.40602	2	20	4.61532	2	16	0	0	0	0.019986	0.01961	0.02052	0.0199856	0.01961	0.0205167	0.0358335	0.03493	0.03684	0.0358323	0.03493	0.0368367	1.79293	1.7929	5.57004	
5.45353	2	20	5.44004	2	20	4.6538	2	16	0	0	0	0.0249837	0.0244333	0.0254267	0.0249837	0.0244333	0.0254233	0.0448033	0.0432067	0.0459867	0.0448042	0.0432067	0.0459833	1.7933	1.79333	5.59496	
5.50087	2	25	5.48147	2	20	4.68065	2	16	0	0	0	0.0300242	0.0295467	0.03048	0.030024	0.0295433	0.0304767	0.0540175	0.05332	0.0554333	0.0540173	0.0533167	0.0554333	1.79913	1.79914	5.61616	
5.53006	2	20	5.50886	2	20	4.70718	2	17	0	0	0	0.0350258	0.03456	0.0356267	0.0350254	0.0345567	0.0356267	0.0631567	0.0616533	0.06481	0.0631562	0.06165	0.0648067	1.80315	1.80315	5.62825	
5.56176	2	24	5.53533	2	23	4.74356	2	19	0	0	0	0.0400277	0.03946	0.04073	0.0400277	0.0394567	0.0407267	0.0721635	0.0709767	0.07374	0.0721633	0.0709833	0.0737367	1.80284	1.80283	5.64259	
5.60276	2	28	5.57335	2	21	4.76891	2	19	0	0	0	0.0450169	0.0439567	0.0456967	0.0450169	0.0439567	0.0456967	0.0811485	0.0793167	0.08211	0.0811494	0.0793167	0.08211	1.80262	1.80264	5.67074	
5.63398	2	25	5.59942	2	22	4.80649	2	22	0	0	0	0.0499998	0.0493	0.0506933	0.05	0.0493	0.05069	0.0900577	0.0887133	0.0915567	0.0900588	0.0887133	0.0915667	1.80116	1.80117	5.68494	
5.6719	2	25	5.63059	2	24	4.84973	2	20	0	0	0	0.0550015	0.05412	0.0556867	0.0550013	0.0541167	0.0556833	0.0989573	0.0961867	0.101667	0.0989575	0.0961767	0.101663	1.79918	1.79919	5.70485	
5.70492	2	24	5.65902	2	24	4.86962	2	20	0	0	0	0.0599671	0.0591933	0.0606667	0.0599669	0.0591933	0.0606633	0.107884	0.10628	0.110047	0.107883	0.106283	0.110047	1.79905	1.79905	5.72041	
5.74126	2	28	5.6892	2	24	4.90087	2	21	0	0	0	0.0650215	0.0644433	0.06613	0.0650213	0.06444	0.0661367	0.116787	0.114973	0.119243	0.116787	0.11497	0.119243	1.79613	1.79614	5.74025	
5.78935	2	34	5.72562	2	24	4.94213	2	21	0	0	0	0.0699785	0.0688767	0.0706767	0.0699785	0.0688767	0.0706767	0.125762	0.123223	0.12785	0.125761	0.123223	0.127843	1.79715	1.79714	5.76127	
5.81121	2	34	5.74433	2	25	4.95808	2	24	0	0	0	0.0749754	0.0739667	0.0760933	0.0749754	0.0739633	0.0760933	0.134679	0.132943	0.137253	0.134677	0.132947	0.137253	1.79631	1.79628	5.77111	
5.85693	2	29	5.7797	2	25	4.99263	2	22	0	0	0	0.0799906	0.0789433	0.0806033	0.0799912	0.07894	0.0806067	0.143754	0.1418	0.145303	0.143755	0.141793	0.145303	1.79713	1.79714	5.78843	
5.90997	2	34	5.82032	2	25	5.04293	2	24	0	0	0	0.0850135	0.0841767	0.08594	0.0850131	0.0841767	0.0859433	0.152908	0.15066	0.154753	0.152906	0.15066	0.154753	1.79864	1.79861	5.8149	
5.95573	2	41	5.85815	2	26	5.07385	2	24	0	0	0	0.0900248	0.0892033	0.09142	0.0900265	0.0892067	0.0914233	0.16201	0.159603	0.16706	0.16201	0.159607	0.167063	1.79961	1.79958	5.83242	
5.99983	2	34	5.8846	2	28	5.10222	2	24	0	0	0	0.0950098	0.0942767	0.09608	0.0950098	0.0942767	0.0960767	0.170997	0.16884	0.173027	0.170998	0.168837	0.17303	1.79979	1.79979	5.84463	
6.03723	2	39	5.9132	2	29	5.13306	2	26	0	0	0	0.100001	0.0992933	0.10096	0.100001	0.09929	0.10096	0.180058	0.177937	0.182947	0.180057	0.177937	0.182947	1.80056	1.80055	5.85708	
6.0874	2	47	5.94382	2	28	5.16076	2	28	0	0	0	0.105056	0.104367	0.105867	0.105057	0.104363	0.10587	0.189182	0.1872	0.191547	0.189183	0.187197	0.19155	1.80077	1.80077	5.87324	
6.14251	2	48	5.97975	2	28	5.20083	2	26	0	0	0	0.110075	0.108663	0.11093	0.110076	0.108667	0.11093	0.198212	0.19493	0.200707	0.198214	0.194933	0.200707	1.80071	1.80071	5.88895	
6.19963	2	49	6.01962	2	31	5.23658	2	27	0	0	0	0.115057	0.113993	0.11592	0.115057	0.113997	0.115923	0.207168	0.20457	0.210507	0.207166	0.204573	0.21051	1.80056	1.80055	5.91122	
6.25524	2	48	6.05066	2	28	5.27698	2	25	0	0	0	0.120091	0.11929	0.121323	0.120092	0.119293	0.12132	0.216163	0.21313	0.21876	0.216168	0.21314	0.21876	1.8	1.80002	5.92893	
6.30904	2	50	6.08107	2	28	5.30335	2	28	0	0	0	0.125085	0.12432	0.126297	0.125085	0.124333	0.126297	0.22529	0.223193	0.229163	0.22529	0.223187	0.229153	1.80109	1.80109	5.93912	
6.35852	2	67	6.10995	2	28	5.33224	2	28	0	0	0	0.130036	0.12924	0.131267	0.130035	0.12924	0.131267	0.23412	0.231557	0.23707	0.23412	0.23156	0.23708	1.80043	1.80044	5.95285	
6.42393	2	61	6.14417	2	32	5.3695	2	32	0	0	0	0.135046	0.134093	0.136103	0.135047	0.134087	0.136107	0.243109	0.241307	0.245997	0.243108	0.241313	0.246	1.80019	1.80018	5.96617	
6.49162	2	62	6.17644	2	33	5.40267	2	33	0	0	0	0.140089	0.13944	0.141097	0.140087	0.139437	0.1411	0.252135	0.24934	0.25455	0.252129	0.24934	0.254553	1.79982	1.7998	5.98309	
6.57953	2	61	6.22079	2	33	5.44532	2	33	0	0	0	0.145101	0.143857	0.14625	0.1451	0.143857	0.14625	0.261322	0.259377	0.263003	0.261323	0.259377	0.263	1.80097	1.80098	5.99949	
6.64722	2	88	6.24175	2	38	5.47048	2	38	0	0	0	0.150073	0.148857	0.15121	0.150071	0.14886	0.151207	0.270177	0.26602	0.273463	0.270173	0.266027	0.273447	1.80031	1.8003	6.00854	
6.73053	2	70	6.27862	2	32	5.50406	2	32	0	0	0	0.155095	0.153963	0.155983	0.155095	0.153967	0.15598	0.279321	0.275037	0.28224	0.279321	0.275043	0.282243	1.80096	1.80096	6.0197	
6.82641	2	78	6.32002	2	36	5.55213	2	36	0	0	0	0.160132	0.159087	0.161083	0.16013	0.1591	0.161083	0.288289	0.285193	0.291183	0.288289	0.285223	0.291183	1.80032	1.80034	6.03751	
6.92633	2	94	6.3514	2	39	5.57777	2	39	0	0	0	0.165183	0.164203	0.166453	0.165183	0.1642	0.16645	0.297368	0.293813	0.300543	0.297369	0.293813	0.300557	1.80023	1.80024	6.05016	
7.01614	2	92	6.38276	2	38	5.61389	2	38	0	0	0	0.170181	0.169017	0.171337	0.170179	0.169013	0.17133	0.306336	0.302677	0.31067	0.306335	0.302683	0.310693	1.80006	1.80007	6.06272	
7.13908	2	106	6.41469	2	38	5.6408	2	34	0	0	0	0.175217	0.174117	0.176273	0.175216	0.174123	0.176267	0.315385	0.312637	0.31849	0.315384	0.312643	0.31851	1.79997	1.79997	6.06897	
7.31364	2	103	6.45152	2	35	5.68591	2	31	0	0	0	0.18028	0.178787	0.181217	0.18028	0.17878	0.181207	0.324327	0.32116	0.326523	0.324324	0.32116	0.326513	1.79901	1.799	6.08343	
7.4403	2	104	6.48308	2	42	5.71391	2	38	0	0	0	0.18528	0.18345	0.18669	0.185281	0.183457	0.18669	0.333208	0.331463	0.33741	0.333209	0.331463	0.337397	1.7984	1.7984	6.09476	
7.61498	2	125	6.52478	2	39	5.75303	2	39	0	0	0	0.190258	0.18945	0.191683	0.190256	0.18945	0.191683	0.34208	0.339013	0.34423	0.342076	0.339013	0.344227	1.79798	1.79797	6.10898	
7.82929	2	161	6.55313	2	34	5.78237	2	34	0	0	0	0.195212	0.19321	0.1966	0.195213	0.19321	0.196587	0.350996	0.34645	0.353823	0.350999	0.346467	0.353837	1.79803	1.79803	6.11593	
8.23977	2	266	6.58376	2	44	5.81712	2	44	0	0	0	0.200214	0.19899	0.201843	0.200216	0.19898	0.20186	0.360125	0.35611	0.364773	0.360133	0.3561	0.364843	1.7987	1.79872	6.12289	
8.44319	2	157	6.62881	2	42	5.86171	2	42	0	0	0	0.205178	0.203447	0.206533	0.205177	0.203443	0.206537	0.369072	0.365927	0.371617	0.369075	0.36594	0.371573	1.79879	1.79881	6.13455	
8.81144	2	191	6.66454	2	46	5.90574	2	46	0	0	0	0.210146	0.209193	0.210833	0.210147	0.20919	0.210837	0.377912	0.37409	0.37995	0.377914	0.374093	0.379947	1.79833	1.79833	6.14331	
9.41224	2	316	6.70846	2	44	5.94638	2	43	0	0	0	0.215113	0.214033	0.21652	0.215111	0.21403	0.21652	0.386873	0.383873	0.390327	0.386863	0.38387	0.39032	1.79846	1.79844	6.15535	
10.2458	2	255	6.72469	2	46	5.96138	2	42	0	0	0	0.220135	0.218983	0.22155	0.220136	0.218983	0.221543	0.395772	0.393563	0.397797	0.395776	0.39356	0.397783	1.79786	1.79787	6.15501	
11.7681	2	405	6.75849	2	40	5.99455	2	40	0	0	0	0.225058	0.224375	0.22559	0.225067	0.224375	0.225585	0.404721	0.402722	0.407058	0.404743	0.402875	0.407048	1.7983	1.79832	6.16591	
16.9148	2	1217	6.7848	2	45	6.01941	2	42	0	0	0	0.230029	0.229182	0.23161	0.230025	0.229184	0.231612	0.413652	0.411738	0.416562	0.413647	0.41175	0.416564	1.79826	1.79827	6.17277	
34.9555	2	1448	6.77402	2	44	6.00959	2	44	0	0	0	0.234907	0.233756	0.236177	0.234912	0.233754	0.236174	0.422354	0.419836	0.424771	0.422363	0.419834	0.424764	1.79797	1.79797	6.17338	
1317.95	2	30432	6.73267	2	52	5.97231	2	48	0	0	0	-0.559714	-0.557575	-0.562441	-0.558649	-0.550265	-0.562438	-1.00635	-1.00006	-1.01329	-1.00446	-0.985743	-1.01328	1.79797	1.79801	6.1654	
