4.08034	1	16	4.07794	1	16	3.29496	1	12	0	0	0	0.00503313	0.00481	0.00530333	0.00503292	0.00485333	0.00523333	0.00901479	0.00842333	0.00938667	0.00901458	0.00845333	0.00953333	1.79109	1.79113	4.28126	
4.09905	1	16	4.09308	1	16	3.29025	1	13	0	0	0	0.0100071	0.00965667	0.0101967	0.0100069	0.00964667	0.01039	0.0181071	0.0176567	0.0190767	0.0181071	0.01748	0.01876	1.80943	1.80946	4.27106	
4.11352	1	18	4.10634	1	18	3.31865	1	16	0	0	0	0.0149985	0.0147133	0.0155233	0.0149983	0.0148167	0.01522	0.0269394	0.0256067	0.0280867	0.0269392	0.02633	0.0278433	1.79613	1.79614	4.29264	
4.13104	1	18	4.11948	1	18	3.32866	1	18	0	0	0	0.019986	0.01961	0.02052	0.0199858	0.01966	0.0203033	0.0358335	0.03493	0.03684	0.0358333	0.0350033	0.03669	1.79293	1.79294	4.30422	
4.15363	1	20	4.13932	1	20	3.35051	1	16	0	0	0	0.0249837	0.0244333	0.0254267	0.024984	0.0247	0.0254733	0.0448033	0.0432067	0.0459867	0.0448044	0.0433767	0.04618	1.7933	1.79333	4.31726	
4.17555	1	21	4.15844	1	21	3.35518	1	18	0	0	0	0.0300242	0.0295467	0.03048	0.030024	0.0292733	0.0305967	0.0540175	0.05332	0.0554333	0.0540173	0.05254	0.0554367	1.79913	1.79914	4.32297	
4.21434	1	20	4.19424	1	20	3.38869	1	18	0	0	0	0.0350258	0.03456	0.0356267	0.0350254	0.0344667	0.0356367	0.0631567	0.0616533	0.06481	0.0631562	0.06177	0.0643333	1.80315	1.80315	4.34909	
4.24099	1	26	4.21571	1	26	3.41439	1	26	0	0	0	0.0400277	0.03946	0.04073	0.0400277	0.03949	0.0405033	0.0721635	0.0709767	0.07374	0.0721642	0.07009	0.0736167	1.80284	1.80286	4.36185	
4.26166	1	22	4.233	1	22	3.43251	1	22	0	0	0	0.0450169	0.0439567	0.0456967	0.0450173	0.0445133	0.0458567	0.0811485	0.0793167	0.08211	0.0811494	0.0791133	0.0825967	1.80262	1.80263	4.37467	
4.29219	1	25	4.25717	1	23	3.457	1	22	0	0	0	0.0499998	0.0493	0.0506933	0.0499998	0.0491	0.0508833	0.0900577	0.0887133	0.0915567	0.0900581	0.0884933	0.0920333	1.80116	1.80117	4.39298	
4.32353	1	27	4.28336	1	23	3.48191	1	20	0	0	0	0.0550015	0.05412	0.0556867	0.0550015	0.05423	0.05599	0.0989573	0.0961867	0.101667	0.0989569	0.0973667	0.10109	1.79918	1.79917	4.41294	
4.34942	1	24	4.3043	1	22	3.51315	1	20	0	0	0	0.0599671	0.0591933	0.0606667	0.0599675	0.0593167	0.0608333	0.107884	0.10628	0.110047	0.107884	0.10633	0.110247	1.79905	1.79904	4.42626	
4.37911	1	26	4.32735	1	26	3.54015	1	22	0	0	0	0.0650215	0.0644433	0.06613	0.0650213	0.0643067	0.06615	0.116787	0.114973	0.119243	0.116787	0.114763	0.11975	1.79613	1.79614	4.44591	
4.4099	1	24	4.35321	1	24	3.55395	1	24	0	0	0	0.0699785	0.0688767	0.0706767	0.0699788	0.0693367	0.07104	0.125762	0.123223	0.12785	0.125762	0.123577	0.129007	1.79715	1.79715	4.46247	
4.44675	1	28	4.38217	1	28	3.58842	1	28	0	0	0	0.0749754	0.0739667	0.0760933	0.0749752	0.0743267	0.0759933	0.134679	0.132943	0.137253	0.134678	0.132207	0.137433	1.79631	1.7963	4.48379	
4.48086	1	29	4.40826	1	25	3.61367	1	23	0	0	0	0.0799906	0.0789433	0.0806033	0.079991	0.0792	0.0808833	0.143754	0.1418	0.145303	0.143754	0.14093	0.14601	1.79713	1.79713	4.50189	
4.51648	1	29	4.43347	1	26	3.6342	1	22	0	0	0	0.0850135	0.0841767	0.08594	0.0850129	0.0843733	0.0859067	0.152908	0.15066	0.154753	0.152906	0.15048	0.154637	1.79864	1.79862	4.51692	
4.55573	1	28	4.46472	1	28	3.67073	1	28	0	0	0	0.0900248	0.0892033	0.09142	0.0900256	0.0891133	0.09116	0.16201	0.159603	0.16706	0.162011	0.15898	0.16389	1.79961	1.79961	4.53352	
4.59565	1	33	4.4945	1	25	3.70139	1	24	0	0	0	0.0950098	0.0942767	0.09608	0.0950104	0.0940267	0.0964067	0.170997	0.16884	0.173027	0.170998	0.16776	0.173433	1.79979	1.79979	4.55595	
4.634	1	34	4.52699	1	34	3.72148	1	34	0	0	0	0.100001	0.0992933	0.10096	0.100001	0.09872	0.10145	0.180058	0.177937	0.182947	0.18006	0.17672	0.18333	1.80056	1.80058	4.57708	
4.67995	1	35	4.56073	1	28	3.7673	1	25	0	0	0	0.105056	0.104367	0.105867	0.105056	0.103987	0.106647	0.189182	0.1872	0.191547	0.189183	0.186237	0.192593	1.80077	1.80078	4.60172	
4.71624	1	30	4.58569	1	30	3.78562	1	29	0	0	0	0.110075	0.108663	0.11093	0.110076	0.10925	0.11175	0.198212	0.19493	0.200707	0.198214	0.196167	0.202417	1.80071	1.80069	4.61737	
4.76771	1	36	4.62053	1	29	3.82649	1	29	0	0	0	0.115057	0.113993	0.11592	0.115057	0.113957	0.11677	0.207168	0.20457	0.210507	0.207166	0.204103	0.21237	1.80056	1.80056	4.64018	
4.82271	1	35	4.65562	1	33	3.86069	1	29	0	0	0	0.120091	0.11929	0.121323	0.120092	0.119157	0.122063	0.216163	0.21313	0.21876	0.216167	0.213493	0.221263	1.8	1.80002	4.66503	
4.86045	1	34	4.68527	1	34	3.88828	1	30	0	0	0	0.125085	0.12432	0.126297	0.125084	0.123813	0.126907	0.22529	0.223193	0.229163	0.225286	0.222693	0.230323	1.80109	1.80108	4.68013	
4.91197	1	42	4.71894	1	38	3.9275	1	34	0	0	0	0.130036	0.12924	0.131267	0.130035	0.128733	0.131543	0.23412	0.231557	0.23707	0.234122	0.231667	0.238677	1.80043	1.80045	4.70295	
4.96172	1	37	4.74897	1	32	3.95187	1	28	0	0	0	0.135046	0.134093	0.136103	0.135047	0.13397	0.136863	0.243109	0.241307	0.245997	0.243109	0.241153	0.248143	1.80019	1.80018	4.72259	
5.01924	1	36	4.78529	1	31	3.99257	1	30	0	0	0	0.140089	0.13944	0.141097	0.140088	0.13869	0.142097	0.252135	0.24934	0.25455	0.252134	0.250053	0.257657	1.79982	1.79982	4.74612	
5.09367	1	42	4.83343	1	36	4.03695	1	33	0	0	0	0.145101	0.143857	0.14625	0.1451	0.143963	0.14687	0.261322	0.259377	0.263003	0.261323	0.259283	0.266137	1.80097	1.80098	4.77869	
5.13906	1	41	4.86206	1	35	4.0643	1	35	0	0	0	0.150073	0.148857	0.15121	0.150072	0.14875	0.15162	0.270177	0.26602	0.273463	0.270174	0.267657	0.274967	1.80031	1.8003	4.79448	
5.21188	1	46	4.89678	1	38	4.10395	1	34	0	0	0	0.155095	0.153963	0.155983	0.155094	0.153553	0.156497	0.279321	0.275037	0.28224	0.279321	0.276473	0.284243	1.80096	1.80097	4.81276	
5.2808	1	44	4.93732	1	39	4.14001	1	39	0	0	0	0.160132	0.159087	0.161083	0.160131	0.158517	0.161477	0.288289	0.285193	0.291183	0.288289	0.285423	0.292897	1.80032	1.80034	4.8382	
5.36541	1	48	4.98816	1	34	4.19183	1	33	0	0	0	0.165183	0.164203	0.166453	0.165183	0.163547	0.16656	0.297368	0.293813	0.300543	0.29737	0.294467	0.301827	1.80023	1.80024	4.87336	
5.43069	1	43	5.02203	1	40	4.22624	1	36	0	0	0	0.170181	0.169017	0.171337	0.17018	0.16874	0.171797	0.306336	0.302677	0.31067	0.306335	0.303207	0.31105	1.80006	1.80006	4.89225	
5.50891	1	65	5.06137	1	37	4.26793	1	37	0	0	0	0.175217	0.174117	0.176273	0.175216	0.173847	0.17675	0.315385	0.312637	0.31849	0.315383	0.312303	0.319443	1.79997	1.79997	4.91515	
5.61035	1	51	5.10809	1	43	4.31373	1	43	0	0	0	0.18028	0.178787	0.181217	0.18028	0.179097	0.181567	0.324327	0.32116	0.326523	0.324326	0.3207	0.328403	1.79901	1.79901	4.94326	
5.6931	1	50	5.14456	1	39	4.35981	1	35	0	0	0	0.18528	0.18345	0.18669	0.185282	0.183923	0.187003	0.333208	0.331463	0.33741	0.333211	0.328723	0.337003	1.7984	1.7984	4.96155	
5.80088	1	53	5.18848	1	37	4.39557	1	33	0	0	0	0.190258	0.18945	0.191683	0.190258	0.188937	0.191603	0.34208	0.339013	0.34423	0.342077	0.337777	0.34606	1.79798	1.79797	4.99058	
5.91673	1	65	5.23791	1	40	4.4533	1	36	0	0	0	0.195212	0.19321	0.1966	0.195213	0.193913	0.19685	0.350996	0.34645	0.353823	0.350996	0.346883	0.354703	1.79803	1.79802	5.01874	
6.01476	1	54	5.2812	1	38	4.49845	1	38	0	0	0	0.200214	0.19899	0.201843	0.200213	0.198627	0.201767	0.360125	0.35611	0.364773	0.360124	0.355	0.363777	1.7987	1.79871	5.04061	
6.14971	1	66	5.33527	1	39	4.54419	1	39	0	0	0	0.205178	0.203447	0.206533	0.205177	0.203343	0.2066	0.369072	0.365927	0.371617	0.369075	0.363993	0.37277	1.79879	1.79881	5.07041	
6.28747	1	52	5.38203	1	47	4.59604	1	47	0	0	0	0.210146	0.209193	0.210833	0.210145	0.208207	0.211467	0.377912	0.37409	0.37995	0.377909	0.372427	0.381203	1.79833	1.79832	5.0942	
6.44249	1	92	5.42719	1	45	4.63939	1	42	0	0	0	0.215113	0.214033	0.21652	0.215113	0.21349	0.21649	0.386873	0.383873	0.390327	0.386869	0.381593	0.38988	1.79846	1.79845	5.1189	
6.58931	1	69	5.48223	1	47	4.69097	1	43	0	0	0	0.220135	0.218983	0.22155	0.220135	0.218307	0.221567	0.395772	0.393563	0.397797	0.395772	0.39011	0.3988	1.79786	1.79786	5.14763	
6.76226	1	69	5.52774	1	41	4.73762	1	38	0	0	0	0.225164	0.224647	0.225963	0.225164	0.22333	0.22665	0.404797	0.402063	0.407097	0.404798	0.399793	0.407763	1.79779	1.7978	5.16809	
6.96789	1	78	5.59199	1	49	4.80113	1	49	0	0	0	0.230132	0.228587	0.232	0.230129	0.22815	0.23178	0.413767	0.408927	0.41791	0.413765	0.408693	0.416873	1.79796	1.79797	5.20063	
7.19044	1	69	5.64777	1	46	4.86515	1	46	0	0	0	0.23507	0.23383	0.23663	0.23507	0.23324	0.236847	0.422628	0.418507	0.42607	0.42263	0.417867	0.425553	1.79788	1.79789	5.22858	
7.43885	1	84	5.7005	1	46	4.91755	1	46	0	0	0	0.24003	0.238893	0.242187	0.240031	0.23827	0.241723	0.43155	0.427747	0.436627	0.431552	0.427083	0.43452	1.7979	1.79791	5.24839	
7.70671	1	83	5.76261	1	60	4.97251	1	56	0	0	0	0.24505	0.244253	0.246043	0.24505	0.243457	0.246743	0.440688	0.436627	0.444483	0.440688	0.435897	0.44336	1.79836	1.79836	5.28121	
8.04876	1	130	5.82134	1	52	5.03495	1	48	0	0	0	0.249961	0.248477	0.25131	0.24996	0.24841	0.251767	0.449549	0.445797	0.452603	0.449544	0.445397	0.452247	1.79847	1.79847	5.30445	
8.38024	1	92	5.8762	1	45	5.08883	1	43	0	0	0	0.254964	0.25383	0.256647	0.254964	0.25351	0.256933	0.458597	0.45551	0.46243	0.458596	0.454397	0.46164	1.79868	1.79867	5.32779	
8.83272	1	104	5.94659	1	54	5.16269	1	50	0	0	0	0.259973	0.2587	0.261123	0.259978	0.25846	0.26147	0.467604	0.46453	0.470857	0.46761	0.46303	0.470617	1.79867	1.79865	5.35238	
9.37614	1	131	6.01696	1	55	5.23314	1	55	0	0	0	0.265002	0.26314	0.266663	0.265004	0.263273	0.266323	0.476581	0.4737	0.478723	0.476586	0.472487	0.480083	1.79841	1.79841	5.38578	
9.95742	1	164	6.08405	1	55	5.30419	1	51	0	0	0	0.270024	0.26872	0.271523	0.270021	0.268423	0.271373	0.485605	0.481313	0.491187	0.485596	0.48162	0.488507	1.79838	1.79836	5.41208	
10.7042	1	178	6.15331	1	65	5.36821	1	61	0	0	0	0.275017	0.274063	0.276677	0.275018	0.273443	0.276687	0.494525	0.490707	0.49701	0.494528	0.490643	0.49762	1.79816	1.79816	5.43418	
11.71	1	191	6.22531	1	51	5.44489	1	49	0	0	0	0.280041	0.278987	0.28115	0.280036	0.278533	0.282003	0.503516	0.49919	0.50723	0.503513	0.500483	0.507237	1.79801	1.79803	5.45977	
12.8586	1	238	6.29443	1	62	5.51472	1	62	0	0	0	0.285015	0.28285	0.286227	0.285009	0.283587	0.286993	0.512439	0.509477	0.517123	0.512429	0.5096	0.516123	1.79794	1.79794	5.48387	
14.2658	1	220	6.37644	1	57	5.59905	1	57	0	0	0	0.290035	0.288213	0.29115	0.290036	0.288317	0.292347	0.521427	0.518177	0.52464	0.52143	0.51781	0.52604	1.79781	1.79781	5.5094	
16.8393	1	258	6.46327	1	68	5.68571	1	64	0	0	0	0.295025	0.293633	0.29691	0.295024	0.293267	0.297367	0.530447	0.52501	0.53639	0.530445	0.52701	0.534893	1.79797	1.79797	5.53734	
20.271	1	346	6.54393	1	72	5.76972	1	68	0	0	0	0.300039	0.298963	0.301397	0.300041	0.297647	0.302233	0.539366	0.534617	0.545557	0.539369	0.535353	0.543033	1.79766	1.79765	5.56253	
27.2408	1	632	6.6326	1	78	5.85305	1	78	0	0	0	0.305017	0.304312	0.306222	0.305029	0.303414	0.306018	0.548368	0.545574	0.550318	0.548393	0.545112	0.551434	1.79783	1.79784	5.58247	
60.905	1	1222	6.73778	1	67	5.95855	1	66	0	0	0	0.310033	0.30873	0.311043	0.310086	0.308807	0.310812	0.557481	0.556145	0.558957	0.557578	0.555057	0.560245	1.79813	1.79814	5.61179	
1963.21	1	22906	6.80952	1	65	6.032	1	65	0	0	0	-0.734835	-0.732064	-0.736778	-0.732534	-0.729321	-0.734948	-1.32191	-1.31525	-1.32583	-1.31768	-1.31222	-1.32235	1.79892	1.7988	5.62453	
