4.12202	1	16	4.11942	1	16	3.34635	1	12	0	0	0	0.00503313	0.00481	0.00530333	0.00503292	0	0.02034	0.00901479	0.00842333	0.00938667	0.00901458	0	0.03638	1.79109	1.79113	4.32224	
4.16103	1	18	4.15229	1	18	3.34727	1	16	0	0	0	0.0100071	0.00965667	0.0101967	0.0100071	0	0.0406567	0.0181071	0.0176567	0.0190767	0.0181073	0	0.0732967	1.80943	1.80945	4.33095	
4.19516	1	23	4.18195	1	23	3.39208	1	19	0	0	0	0.0149985	0.0147133	0.0155233	0.0149983	0	0.0602167	0.0269394	0.0256067	0.0280867	0.0269392	0	0.10803	1.79613	1.79614	4.36662	
4.23077	1	22	4.21412	1	22	3.42879	1	18	0	0	0	0.019986	0.01961	0.02052	0.0199858	0	0.0805067	0.0358335	0.03493	0.03684	0.0358333	0	0.144973	1.79293	1.79294	4.3962	
4.25124	1	23	4.22974	1	21	3.44006	1	20	0	0	0	0.0249837	0.0244333	0.0254267	0.024984	0	0.1007	0.0448033	0.0432067	0.0459867	0.0448042	0	0.18158	1.7933	1.79332	4.40641	
4.30375	1	23	4.27875	1	23	3.47119	1	20	0	0	0	0.0300242	0.0295467	0.03048	0.0300242	0	0.12085	0.0540175	0.05332	0.0554333	0.0540175	0	0.21757	1.79913	1.79913	4.44121	
4.34594	1	25	4.31401	1	25	3.51191	1	24	0	0	0	0.0350258	0.03456	0.0356267	0.0350256	0	0.14059	0.0631567	0.0616533	0.06481	0.0631565	0	0.253737	1.80315	1.80315	4.46665	
4.39728	1	29	4.36025	1	27	3.55929	1	25	0	0	0	0.0400277	0.03946	0.04073	0.0400277	0	0.160507	0.0721635	0.0709767	0.07374	0.0721642	0	0.290197	1.80284	1.80286	4.50508	
4.45331	1	26	4.40801	1	26	3.6024	1	22	0	0	0	0.0450169	0.0439567	0.0456967	0.0450169	0	0.18061	0.0811485	0.0793167	0.08211	0.0811488	0	0.325537	1.80262	1.80263	4.54566	
4.51079	1	31	4.45786	1	31	3.66065	1	28	0	0	0	0.0499998	0.0493	0.0506933	0.0499996	0	0.201593	0.0900577	0.0887133	0.0915567	0.0900581	0	0.361353	1.80116	1.80118	4.59045	
4.56664	1	34	4.50705	1	31	3.70625	1	28	0	0	0	0.0550015	0.05412	0.0556867	0.0550017	0	0.221877	0.0989573	0.0961867	0.101667	0.0989569	0	0.397133	1.79918	1.79916	4.63032	
4.63149	1	32	4.56275	1	32	3.76393	1	32	0	0	0	0.0599671	0.0591933	0.0606667	0.0599671	0	0.241723	0.107884	0.10628	0.110047	0.107884	0	0.433653	1.79905	1.79905	4.67826	
4.69111	1	42	4.61112	1	42	3.82124	1	38	0	0	0	0.0650215	0.0644433	0.06613	0.065021	0	0.262283	0.116787	0.114973	0.119243	0.116787	0	0.47075	1.79613	1.79614	4.72104	
4.76038	1	39	4.67205	1	39	3.87677	1	39	0	0	0	0.0699785	0.0688767	0.0706767	0.0699779	0	0.281813	0.125762	0.123223	0.12785	0.125761	0	0.506803	1.79715	1.79715	4.77106	
4.8337	1	35	4.73135	1	35	3.93419	1	33	0	0	0	0.0749754	0.0739667	0.0760933	0.0749746	0	0.30211	0.134679	0.132943	0.137253	0.134676	0	0.543023	1.79631	1.79629	4.82139	
4.92368	1	39	4.80908	1	39	4.01822	1	39	0	0	0	0.0799906	0.0789433	0.0806033	0.079991	0	0.321803	0.143754	0.1418	0.145303	0.143755	0	0.57863	1.79713	1.79714	4.887	
5.00662	1	34	4.87722	1	34	4.07841	1	30	0	0	0	0.0850135	0.0841767	0.08594	0.0850117	0	0.34175	0.152908	0.15066	0.154753	0.152902	0	0.614843	1.79864	1.79861	4.94148	
5.11078	1	35	4.96283	1	34	4.16922	1	34	0	0	0	0.0900248	0.0892033	0.09142	0.0900246	0	0.361837	0.16201	0.159603	0.16706	0.162009	0	0.650823	1.79961	1.79961	5.01105	
5.20273	1	39	5.04013	1	39	4.23635	1	35	0	0	0	0.0950098	0.0942767	0.09608	0.0950106	0	0.381353	0.170997	0.16884	0.173027	0.170998	0	0.688117	1.79979	1.79978	5.07786	
5.31425	1	41	5.12645	1	41	4.32866	1	37	0	0	0	0.100001	0.0992933	0.10096	0.100001	0	0.40158	0.180058	0.177937	0.182947	0.180054	0	0.725737	1.80056	1.80053	5.14693	
5.43723	1	45	5.22221	1	44	4.42507	1	44	0	0	0	0.105056	0.104367	0.105867	0.105056	0	0.421723	0.189182	0.1872	0.191547	0.189181	0	0.760597	1.80077	1.80075	5.22892	
5.56154	1	57	5.31971	1	44	4.53495	1	44	0	0	0	0.110075	0.108663	0.11093	0.110076	0	0.4419	0.198212	0.19493	0.200707	0.198212	0	0.795753	1.80071	1.80069	5.30891	
5.70032	1	42	5.42816	1	40	4.6415	1	38	0	0	0	0.115057	0.113993	0.11592	0.115055	0	0.46214	0.207168	0.20457	0.210507	0.207162	0	0.83318	1.80056	1.80054	5.39723	
5.85276	1	47	5.53976	1	47	4.74441	1	47	0	0	0	0.120091	0.11929	0.121323	0.120088	0	0.482547	0.216163	0.21313	0.21876	0.21616	0	0.86943	1.8	1.80001	5.48971	
5.99498	1	60	5.64806	1	48	4.85729	1	48	0	0	0	0.125085	0.12432	0.126297	0.125081	0	0.50204	0.22529	0.223193	0.229163	0.225278	0	0.90521	1.80109	1.80106	5.57658	
6.1773	1	59	5.77143	1	55	4.97998	1	51	0	0	0	0.130036	0.12924	0.131267	0.130034	0	0.52121	0.23412	0.231557	0.23707	0.234116	0	0.940063	1.80043	1.80042	5.67402	
6.36369	1	61	5.90313	1	59	5.11168	1	59	0	0	0	0.135046	0.134093	0.136103	0.135045	0	0.541707	0.243109	0.241307	0.245997	0.243109	0	0.976313	1.80019	1.8002	5.78258	
6.57433	1	71	6.0427	1	50	5.26019	1	47	0	0	0	0.140089	0.13944	0.141097	0.138882	0	0.558113	0.252135	0.24934	0.25455	0.25	0	1	1.79982	1.80009	5.8921	
6.81403	1	79	6.19165	1	62	5.40671	1	58	0	0	0	0.145101	0.143857	0.14625	0.13889	0	0.558147	0.261322	0.259377	0.263003	0.25	0	1	1.80097	1.79999	6.0079	
7.06034	1	84	6.34518	1	56	5.56321	1	56	0	0	0	0.150073	0.148857	0.15121	0.138892	0	0.558167	0.270177	0.26602	0.273463	0.25	0	1	1.80031	1.79996	6.12961	
7.35462	1	83	6.50305	1	52	5.7216	1	52	0	0	0	0.155095	0.153963	0.155983	0.138892	0	0.55816	0.279321	0.275037	0.28224	0.25	0	1	1.80096	1.79996	6.24904	
7.67195	1	84	6.67824	1	58	5.88754	1	58	0	0	0	0.160132	0.159087	0.161083	0.138891	0	0.55817	0.288289	0.285193	0.291183	0.25	0	1	1.80032	1.79997	6.38166	
8.06562	1	102	6.86477	1	61	6.08212	1	61	0	0	0	0.165183	0.164203	0.166453	0.138893	0	0.55818	0.297368	0.293813	0.300543	0.25	0	1	1.80023	1.79995	6.524	
8.48634	1	118	7.05507	1	64	6.28156	1	64	0	0	0	0.170181	0.169017	0.171337	0.138891	0	0.558153	0.306336	0.302677	0.31067	0.25	0	1	1.80006	1.79997	6.65677	
8.97742	1	147	7.26304	1	73	6.48203	1	73	0	0	0	0.175217	0.174117	0.176273	0.138892	0	0.55816	0.315385	0.312637	0.31849	0.25	0	1	1.79997	1.79996	6.80818	
9.62914	1	153	7.47498	1	60	6.70561	1	63	0	0	0	0.18012	0.17903	0.181292	0.138876	0	0.558257	0.323988	0.321555	0.326415	0.25	0	1	1.79873	1.80016	6.95688	
10.4306	1	171	7.71548	1	68	6.95611	1	64	0	0	0	0.18528	0.18345	0.18669	0.138892	0	0.55817	0.333208	0.331463	0.33741	0.25	0	1	1.7984	1.79996	7.12133	
11.7895	1	232	7.97846	1	62	7.22982	1	62	0	0	0	0.190258	0.18945	0.191683	0.138894	0	0.558163	0.34208	0.339013	0.34423	0.25	0	1	1.79798	1.79994	7.29359	
13.5316	1	274	8.24963	1	76	7.50386	1	80	0	0	0	0.195212	0.19321	0.1966	0.138895	0	0.558163	0.350996	0.34645	0.353823	0.25	0	1	1.79803	1.79992	7.46059	
19.3827	1	965	8.58467	1	73	7.82271	1	69	0	0	0	0.200214	0.19899	0.201843	0.138895	0	0.558163	0.360125	0.35611	0.364773	0.25	0	1	1.7987	1.79992	7.67016	
36.3135	1	1520	8.91163	1	83	8.15285	1	90	0	0	0	0.205178	0.203447	0.206533	0.138896	0	0.558173	0.369072	0.365927	0.371617	0.25	0	1	1.79879	1.79991	7.84729	
3108.69	1	36851	9.16146	1	77	8.42934	1	77	0	0	0	-0.489965	-0.487198	-0.493282	-0.324364	0	-1.2998	-0.881105	-0.87197	-0.886884	-0.583331	0	-2.33333	1.7983	1.79838	7.98889	
