21.3505	5	57	21.3477	5	57	20.9384	5	57	0.0628057	0	10	0.00499391	0.00467667	0.00542	0.00499401	0	0.0405067	0.00697302	0.00645	0.00752667	0.00697328	0	0.05676	1.39631	1.39633	6.2506	
21.5646	5	62	21.5582	5	62	21.1409	5	60	0.130044	0	13	0.0100062	0.00967667	0.0104433	0.010006	0	0.0807	0.014022	0.01365	0.0149067	0.0140217	0	0.113253	1.40133	1.40133	6.24306	
21.83	5	67	21.8208	5	67	21.4144	5	66	0.188549	0	13	0.0150311	0.0145533	0.01544	0.0150309	0	0.12143	0.0210356	0.0203833	0.0217467	0.0210353	0	0.170217	1.39947	1.39947	6.24708	
22.1475	5	76	22.1351	5	76	21.7204	5	74	0.245337	0	12	0.020063	0.0194367	0.0205867	0.0200624	0	0.16218	0.0280604	0.0270267	0.0289667	0.0280595	0	0.226653	1.39861	1.39861	6.25194	
22.53	5	86	22.514	5	86	22.1086	5	86	0.294906	0	14	0.0250671	0.0244433	0.0256033	0.0250662	0	0.20186	0.0350995	0.03418	0.0359867	0.0350983	0	0.282863	1.40022	1.40022	6.25788	
22.999	5	114	22.9804	5	114	22.5583	5	114	0.339447	0	14	0.0300682	0.0292233	0.0306967	0.0300676	0	0.24255	0.0420955	0.04075	0.04327	0.0420947	0	0.339877	1.4	1.4	6.25128	
23.6531	5	215	23.6308	5	215	23.2335	5	213	0.378213	0	15	0.0350706	0.03434	0.03596	0.0350697	0	0.281987	0.049093	0.0478067	0.0503867	0.0490918	0	0.395673	1.39983	1.39983	6.2504	
24.8064	5	248	24.7804	5	246	24.3939	5	244	0.413608	0	14	0.0400941	0.03921	0.0409833	0.0400929	0	0.322667	0.0561356	0.0548567	0.05721	0.0561345	0	0.4524	1.4001	1.40011	6.25606	
26.8092	5	557	26.778	5	557	26.4225	5	557	0.440254	0	14	0.0450691	0.0441367	0.04603	0.0450682	0	0.36245	0.0630745	0.06123	0.0647133	0.0630731	0	0.50769	1.39951	1.3995	6.24788	
32.5945	5	969	32.5033	5	969	32.1662	5	969	0.463629	0	14	0.050078	0.0491667	0.051	0.0500743	0	0.40247	0.0700785	0.0688733	0.0719667	0.070073	0	0.564023	1.39939	1.39938	6.25269	
49.7628	5	2212	48.022	5	2150	47.5836	5	2150	0.484057	0	10	0.0550881	0.0541367	0.0558667	0.0550894	0	0.44314	0.0770668	0.07569	0.0785133	0.0770688	0	0.62019	1.39897	1.39898	6.2473	
161.307	5	8492	74.8742	5	4135	73.1156	5	4135	0.494204	0	11	0.0600277	0.05934	0.06075	0.060025	0	0.481855	0.0839936	0.0822667	0.0851217	0.0839897	0	0.67342	1.39925	1.39925	6.249	
50535.3	5	1.124e+06	110.07	5	8315	89.1521	5	10271	0.496136	0	11	0.0625419	0.0306957	0.0656114	0.0625419	0	0.501866	0.0874984	0.04303	0.0920514	0.0874984	0	0.701874	1.39904	1.39904	6.26875	
