21.2629	5	56	21.2601	5	56	20.8563	5	54	0.0279612	0	8	0.00499391	0.00467667	0.00542	0.00499401	0.00470333	0.00528333	0.00697302	0.00645	0.00752667	0.00697307	0.00647667	0.00753667	1.39631	1.39629	6.2552	
21.3596	5	60	21.3531	5	60	20.9452	5	58	0.0609619	0	10	0.0100062	0.00967667	0.0104433	0.0100061	0.00947333	0.0105233	0.014022	0.01365	0.0149067	0.0140219	0.0132667	0.0148033	1.40133	1.40134	6.24766	
21.4539	5	61	21.4446	5	61	21.0382	5	61	0.0910436	0	10	0.0150311	0.0145533	0.01544	0.0150308	0.0144633	0.0156833	0.0210356	0.0203833	0.0217467	0.0210352	0.01971	0.022	1.39947	1.39947	6.24227	
21.5967	5	60	21.5844	5	60	21.1752	5	58	0.120955	0	11	0.020063	0.0194367	0.0205867	0.0200624	0.0194767	0.0207	0.0280604	0.0270267	0.0289667	0.0280597	0.0267933	0.0290867	1.39861	1.39862	6.2504	
21.7411	5	68	21.7252	5	66	21.3133	5	66	0.149688	0	11	0.0250671	0.0244433	0.0256067	0.0250664	0.0244133	0.0257067	0.0350995	0.03418	0.0359867	0.0350986	0.0340833	0.03625	1.40022	1.40023	6.25643	
21.8654	5	66	21.8468	5	65	21.4197	5	64	0.178433	0	14	0.0300682	0.0292233	0.0307	0.0300677	0.0293233	0.0308667	0.0420955	0.04075	0.04328	0.0420946	0.0412633	0.0435933	1.4	1.4	6.25336	
22.0018	5	67	21.9796	5	66	21.5688	5	66	0.206083	0	12	0.0350706	0.0343433	0.0359767	0.0350698	0.0343067	0.03589	0.049093	0.0478133	0.05039	0.0490917	0.0481733	0.0502267	1.39983	1.39983	6.25128	
22.1551	5	73	22.1292	5	72	21.6973	5	70	0.230668	0	13	0.0400941	0.0392167	0.04097	0.040093	0.0393067	0.0407867	0.0561356	0.0548767	0.0571967	0.0561344	0.0548967	0.0572533	1.4001	1.4001	6.25005	
22.3182	5	77	22.2889	5	77	21.8696	5	77	0.256778	0	13	0.0450691	0.0441167	0.04602	0.0450683	0.04412	0.0457933	0.0630745	0.06124	0.0646767	0.0630731	0.06168	0.0643733	1.39951	1.3995	6.25081	
22.4762	5	81	22.4441	5	81	22.0077	5	81	0.279164	0	13	0.050078	0.04928	0.0509467	0.0500772	0.04873	0.0508767	0.0700785	0.0687933	0.0721067	0.0700778	0.06797	0.07163	1.39939	1.39939	6.24676	
22.6804	5	79	22.6443	5	79	22.2189	5	79	0.304176	0	14	0.055088	0.05406	0.0559833	0.0550871	0.0537667	0.0558967	0.0770665	0.0753467	0.07919	0.0770655	0.0750733	0.0786133	1.39897	1.39897	6.24838	
22.8946	5	86	22.8546	5	86	22.4331	5	86	0.32615	0	15	0.0600776	0.0592467	0.0612	0.0600767	0.0590967	0.0612433	0.0840478	0.0824133	0.0853267	0.0840459	0.0823467	0.0856233	1.39899	1.39898	6.24863	
23.1401	5	104	23.0969	5	104	22.6791	5	102	0.345793	0	13	0.0651088	0.0639933	0.0664733	0.0651081	0.0640133	0.0660567	0.0911061	0.0889067	0.0934933	0.0911045	0.0890933	0.0926	1.39929	1.39928	6.24946	
23.4038	5	102	23.3563	5	100	22.9431	5	100	0.366563	0	14	0.0700993	0.06919	0.07113	0.0700988	0.0689733	0.07122	0.0980728	0.0964033	0.100483	0.0980726	0.0962667	0.0997233	1.39906	1.39906	6.24962	
23.7056	5	100	23.6546	5	100	23.2439	5	100	0.383687	0	14	0.0750704	0.0739433	0.0761367	0.0750697	0.0740233	0.07623	0.105011	0.10297	0.107143	0.10501	0.10328	0.106837	1.39884	1.39884	6.25006	
24.0375	5	128	23.9822	5	128	23.569	5	128	0.402102	0	15	0.0800622	0.07895	0.0812933	0.080062	0.0789033	0.0812633	0.112014	0.11019	0.11391	0.112014	0.10995	0.113813	1.39909	1.39909	6.24875	
24.4453	5	128	24.3853	5	128	23.9787	5	128	0.419787	0	14	0.0850491	0.0841033	0.0860667	0.0850486	0.0840567	0.0861433	0.118972	0.116673	0.120947	0.118971	0.117223	0.120683	1.39886	1.39886	6.25016	
24.9051	5	124	24.8404	5	123	24.4318	5	123	0.434617	0	12	0.0900403	0.0888667	0.09136	0.0900402	0.08894	0.0910067	0.12598	0.1236	0.12816	0.125981	0.12444	0.127533	1.39915	1.39916	6.2488	
25.4824	5	168	25.4115	5	168	25.0056	5	168	0.448688	0	15	0.0950421	0.09383	0.0962067	0.0950414	0.09382	0.0961933	0.132973	0.13148	0.13484	0.132972	0.13096	0.134593	1.3991	1.39909	6.24971	
26.1591	5	170	26.0811	5	170	25.6886	5	168	0.463383	0	14	0.100013	0.09859	0.10126	0.100014	0.09878	0.101227	0.139894	0.13721	0.14255	0.139894	0.137643	0.141767	1.39875	1.39875	6.25094	
27.0124	5	238	26.9243	5	238	26.5312	5	236	0.474602	0	14	0.105002	0.103687	0.106487	0.105003	0.10361	0.106093	0.146888	0.144967	0.149573	0.14689	0.14487	0.148607	1.39891	1.39891	6.2515	
28.1064	5	297	27.9987	5	281	27.6078	5	281	0.48792	0	16	0.110025	0.108887	0.111323	0.110024	0.109007	0.111063	0.153951	0.151507	0.155817	0.153951	0.152087	0.155587	1.39924	1.39924	6.24919	
29.4303	5	352	29.2892	5	352	28.8983	5	352	0.498303	0	14	0.115005	0.11361	0.11624	0.115005	0.113767	0.115987	0.160931	0.158323	0.163047	0.16093	0.158607	0.162493	1.39934	1.39933	6.25128	
31.3026	5	376	31.08	5	344	30.6694	5	340	0.508502	0	16	0.119998	0.11878	0.12135	0.12	0.118707	0.121083	0.167909	0.16569	0.171433	0.167912	0.16597	0.169613	1.39927	1.39927	6.25151	
34.0302	5	543	33.5104	5	543	33.0593	5	541	0.516767	0	14	0.124993	0.12368	0.126733	0.124994	0.123613	0.12616	0.174905	0.172127	0.177207	0.174907	0.172843	0.176867	1.39932	1.39932	6.24832	
38.3704	5	725	36.9498	5	658	36.4077	5	656	0.525674	0	15	0.129989	0.128587	0.131713	0.129989	0.128323	0.13139	0.181923	0.180117	0.184313	0.181923	0.179797	0.18398	1.39953	1.39953	6.25	
48.5051	5	1181	41.9275	5	766	41.1408	5	766	0.534576	0	13	0.134998	0.133397	0.13628	0.135002	0.13318	0.136387	0.188971	0.187093	0.191427	0.188975	0.18649	0.191047	1.3998	1.39979	6.24881	
240.116	5	10682	49.5142	5	926	48.1862	5	926	0.542625	0	14	0.139985	0.138777	0.141772	0.139986	0.13892	0.141158	0.195979	0.193922	0.19859	0.19598	0.194123	0.198423	1.4	1.4	6.25154	
