21.2281	5	52	21.2253	5	52	20.8252	5	50	0.0294004	0	4	0.00499391	0.00467667	0.00542	0.00499401	0.00470333	0.00528333	0.00697302	0.00645	0.00752667	0.00697307	0.00647667	0.00753667	1.39631	1.39629	6.2552	
21.2837	5	53	21.2773	5	53	20.8736	5	52	0.0622007	0	5	0.0100062	0.00967667	0.0104433	0.0100061	0.00947333	0.0105233	0.014022	0.01365	0.0149067	0.0140219	0.0132667	0.0148033	1.40133	1.40134	6.24766	
21.331	5	55	21.3217	5	55	20.9226	5	53	0.0902778	0	5	0.0150311	0.0145533	0.01544	0.0150308	0.0144633	0.0156833	0.0210356	0.0203867	0.0217467	0.0210352	0.01971	0.022	1.39947	1.39947	6.24224	
21.422	5	56	21.4096	5	56	21.0084	5	54	0.118655	0	6	0.020063	0.0194367	0.0205867	0.0200626	0.0194767	0.0207	0.0280604	0.0270267	0.0289667	0.0280598	0.0267933	0.0290867	1.39861	1.39862	6.25043	
21.5087	5	59	21.4927	5	58	21.091	5	56	0.144838	0	6	0.0250671	0.02444	0.02561	0.0250664	0.0244133	0.0257067	0.0350995	0.0342033	0.0359867	0.0350986	0.0340833	0.03625	1.40022	1.40023	6.25638	
21.5663	5	58	21.5476	5	57	21.1311	5	57	0.171809	0	7	0.0300682	0.02922	0.0306967	0.0300677	0.0293233	0.0308667	0.0420955	0.04074	0.0432833	0.0420946	0.0412633	0.0435933	1.4	1.4	6.25338	
21.6289	5	59	21.6067	5	57	21.2053	5	55	0.197554	0	7	0.0350706	0.03435	0.03599	0.0350699	0.0343067	0.03589	0.049093	0.0477967	0.0504333	0.049092	0.0481733	0.0502267	1.39983	1.39983	6.2513	
21.6955	5	58	21.6695	5	58	21.2501	5	56	0.222907	0	7	0.0400941	0.0392233	0.0409833	0.0400928	0.0393067	0.0407867	0.0561356	0.0548833	0.0571967	0.0561344	0.0548967	0.0572533	1.4001	1.40011	6.2501	
21.7632	5	60	21.7339	5	58	21.3269	5	56	0.243851	0	8	0.0450691	0.0441133	0.04604	0.0450681	0.04412	0.0457933	0.0630745	0.0612867	0.0647033	0.0630731	0.06168	0.0643733	1.39951	1.39951	6.25061	
21.816	5	59	21.784	5	59	21.3595	5	57	0.265271	0	7	0.050078	0.0493367	0.0509333	0.0500772	0.04873	0.0508767	0.0700785	0.0688633	0.0720867	0.0700778	0.06797	0.07163	1.39939	1.39939	6.24689	
21.8923	5	59	21.8561	5	59	21.4419	5	59	0.287818	0	7	0.055088	0.0540833	0.0560233	0.0550873	0.0537667	0.0559	0.0770665	0.0754633	0.0792433	0.0770657	0.0750733	0.0786133	1.39897	1.39897	6.24846	
21.967	5	63	21.9273	5	63	21.5154	5	61	0.307044	0	8	0.0600776	0.0592867	0.06121	0.0600769	0.0590967	0.0612433	0.0840478	0.0824733	0.0853033	0.0840462	0.0823467	0.0856233	1.39899	1.39898	6.24874	
22.0419	5	63	21.9989	5	63	21.5918	5	62	0.326785	0	8	0.0651088	0.0639933	0.06638	0.0651082	0.06401	0.0660567	0.0911061	0.0889	0.0934133	0.0911049	0.0890933	0.0926	1.39929	1.39928	6.24963	
22.1174	5	63	22.0704	5	63	21.6647	5	61	0.345444	0	8	0.0700993	0.0690967	0.0711133	0.0700987	0.0689733	0.0712233	0.0980728	0.0963567	0.1004	0.0980725	0.0962667	0.0997233	1.39906	1.39906	6.24937	
22.1998	5	69	22.1493	5	69	21.7458	5	67	0.363591	0	10	0.0750704	0.0739033	0.0761633	0.0750697	0.0740233	0.07623	0.105011	0.10287	0.107203	0.10501	0.10328	0.106837	1.39884	1.39883	6.25044	
22.2756	5	66	22.2211	5	66	21.8127	5	64	0.380588	0	9	0.0800622	0.0788867	0.0810833	0.0800618	0.0789033	0.0812633	0.112014	0.110083	0.113703	0.112014	0.10995	0.113817	1.39909	1.39909	6.24864	
22.3671	5	68	22.3082	5	66	21.9062	5	64	0.396632	0	8	0.0850491	0.0840433	0.08628	0.0850487	0.0840567	0.0861433	0.118972	0.117337	0.12077	0.118971	0.117223	0.120683	1.39886	1.39886	6.24998	
22.4518	5	70	22.3891	5	70	21.9854	5	70	0.412286	0	11	0.0900403	0.0891333	0.0915433	0.0900402	0.08894	0.0910067	0.12598	0.123823	0.128323	0.125981	0.12444	0.127533	1.39915	1.39916	6.2492	
22.5462	5	69	22.4791	5	69	22.0718	5	69	0.426591	0	11	0.0950421	0.09376	0.09604	0.0950422	0.0938233	0.0961933	0.132973	0.131133	0.1351	0.132973	0.130963	0.134593	1.3991	1.39909	6.25051	
22.6546	5	75	22.5829	5	73	22.1844	5	73	0.441157	0	9	0.100013	0.0983	0.101373	0.100014	0.0987833	0.10123	0.139894	0.137227	0.142403	0.139895	0.137643	0.141777	1.39875	1.39875	6.25184	
22.7574	5	74	22.6808	5	74	22.2848	5	72	0.453789	0	11	0.105002	0.103957	0.10642	0.105002	0.10361	0.106093	0.146888	0.145143	0.149433	0.146888	0.14487	0.14861	1.39891	1.39891	6.2516	
22.8682	5	74	22.7865	5	74	22.397	5	72	0.467863	0	10	0.110025	0.1089	0.111053	0.110025	0.109007	0.111067	0.153951	0.152293	0.155773	0.153951	0.152087	0.155583	1.39924	1.39924	6.25026	
22.9946	5	75	22.9076	5	75	22.5156	5	75	0.480194	0	11	0.115005	0.113487	0.116057	0.115005	0.113763	0.11599	0.16093	0.15901	0.16267	0.160932	0.158597	0.162503	1.39934	1.39934	6.25082	
23.1256	5	81	23.0334	5	81	22.6412	5	81	0.491033	0	10	0.119998	0.118727	0.12104	0.119998	0.11871	0.121087	0.167909	0.165693	0.16986	0.16791	0.16597	0.169613	1.39927	1.39927	6.25233	
23.26	5	84	23.1625	5	83	22.7739	5	83	0.50255	0	10	0.124993	0.123707	0.126067	0.124993	0.12362	0.12617	0.174905	0.172833	0.17716	0.174906	0.17285	0.176873	1.39932	1.39932	6.25075	
23.4085	5	93	23.3055	5	93	22.915	5	93	0.513351	0	10	0.129989	0.128653	0.131673	0.129989	0.12833	0.13141	0.181923	0.179653	0.18401	0.181925	0.179793	0.18398	1.39953	1.39954	6.25129	
23.5577	5	90	23.4477	5	88	23.0608	5	88	0.523044	0	13	0.134996	0.13376	0.136583	0.134996	0.133163	0.136407	0.188967	0.18613	0.19205	0.188966	0.186467	0.191073	1.3998	1.3998	6.24817	
23.7485	5	95	23.6319	5	89	23.2415	5	89	0.532625	0	10	0.139993	0.138417	0.14219	0.139993	0.1385	0.141277	0.195964	0.193077	0.199457	0.195963	0.193223	0.198203	1.39981	1.39981	6.24956	
23.9446	5	92	23.8202	5	92	23.4352	5	90	0.541802	0	12	0.14498	0.143583	0.146313	0.144979	0.143507	0.146267	0.202969	0.200197	0.20512	0.202968	0.199793	0.2053	1.39998	1.39998	6.25108	
24.1674	5	97	24.0343	5	95	23.6449	5	93	0.550723	0	11	0.149981	0.148803	0.15129	0.149982	0.148437	0.1517	0.210028	0.208093	0.21245	0.210029	0.207097	0.21273	1.40036	1.40036	6.25208	
24.4153	5	117	24.2724	5	112	23.8847	5	112	0.558606	0	11	0.154962	0.15312	0.156663	0.154962	0.153453	0.156757	0.217009	0.213667	0.219437	0.217009	0.21354	0.219613	1.4004	1.4004	6.25343	
24.6669	5	134	24.5136	5	134	24.1198	5	134	0.565387	0	13	0.159973	0.15878	0.16137	0.159973	0.158477	0.161847	0.224021	0.22216	0.22662	0.22402	0.221023	0.227127	1.40036	1.40036	6.24999	
24.9945	5	144	24.8262	5	144	24.4338	5	144	0.572414	0	11	0.164998	0.163763	0.16642	0.164999	0.16328	0.16689	0.231077	0.22892	0.233397	0.231079	0.228423	0.23427	1.40048	1.40049	6.25253	
25.3506	5	133	25.1661	5	133	24.772	5	133	0.578881	0	11	0.170007	0.168303	0.171557	0.170008	0.168313	0.1716	0.238088	0.235097	0.241267	0.238089	0.23536	0.240987	1.40046	1.40046	6.24836	
25.798	5	183	25.5825	5	183	25.18	5	183	0.584617	0	11	0.175015	0.17343	0.177177	0.175016	0.173327	0.176313	0.245088	0.24273	0.247963	0.245091	0.242207	0.247587	1.40038	1.40039	6.24917	
26.3094	5	167	26.0593	5	143	25.6493	5	143	0.589249	0	13	0.180034	0.178493	0.182297	0.180034	0.178337	0.18137	0.252109	0.249593	0.255013	0.252108	0.24929	0.255123	1.40034	1.40033	6.24857	
27.0184	5	256	26.6842	5	228	26.2622	5	228	0.594808	0	12	0.185042	0.183403	0.18637	0.185043	0.183423	0.186793	0.259141	0.25654	0.26132	0.259144	0.256407	0.2626	1.40044	1.40045	6.25013	
27.9978	5	236	27.5064	5	208	27.0596	5	208	0.599387	0	12	0.190053	0.18864	0.19158	0.190053	0.188577	0.19179	0.266176	0.26385	0.26902	0.266178	0.263523	0.269613	1.40054	1.40054	6.2515	
29.4617	5	335	28.5754	5	222	28.0919	5	222	0.60378	0	11	0.195077	0.19373	0.196847	0.195076	0.193567	0.196857	0.273225	0.27042	0.276447	0.273222	0.270473	0.277017	1.4006	1.40059	6.25015	
31.6179	5	410	29.9583	5	271	29.4187	5	271	0.6075	0	11	0.200077	0.197397	0.202267	0.200078	0.198143	0.20204	0.280163	0.276953	0.284047	0.280166	0.276903	0.284287	1.40028	1.40028	6.24754	
36.8759	5	733	32.1092	5	283	31.457	5	283	0.611171	0	11	0.205093	0.20315	0.207033	0.205094	0.203087	0.207147	0.287171	0.28397	0.290237	0.287172	0.283857	0.291587	1.40019	1.40019	6.2522	
63.9673	5	3319	35.5864	5	325	34.7052	5	325	0.614501	0	12	0.20998	0.208659	0.2114	0.209985	0.208837	0.211426	0.294023	0.29141	0.296267	0.294028	0.292147	0.297241	1.40024	1.40024	6.2498	
5817.28	5	126886	39.9154	5	389	38.5354	5	413	0.616719	0	13	0.213307	0.191359	0.216233	0.213306	0.212197	0.214776	0.298681	0.267723	0.30294	0.298681	0.296833	0.301754	1.40024	1.40024	6.25263	
23.03	5	66	22.2508	5	55	20.8512	5	55	0.0457413	0	6	9.90625e-05	0	0.00086	9.90625e-05	0	0.00078	0.000139688	0	0.00177	0.000139688	0	0.00094	1.41009	1.41009	6.32965	
23.03	5	66	22.2508	5	55	20.8512	5	55	0.0457413	0	6	0.000165104	0	0.00143333	0.000165104	0	0.0013	0.000232813	0	0.00295	0.000232813	0	0.00156667	1.41009	1.41009	6.32965	
10.3717	5	57	6.6053	5	12	5.97973	5	10	0.288048	0	3	0.000631406	0	0.04041	0.000631406	0	0.04041	0.000917344	0	0.05871	0.000917344	0	0.05871	1.45286	1.45286	1	
16.2163	5	87	14.8061	5	57	14.0663	5	57	0.166098	0	7	0.000314491	0	0.0087451	0.000314491	0	0.0074	0.000435876	0	0.0136275	0.000435876	0	0.0115412	1.38597	1.38597	3.75402	
