21.2811	5	62	21.2784	5	62	20.867	5	60	0.0455555	0	11	0.00499391	0.00467667	0.00542	0.0049938	0.00467667	0.00542	0.00697302	0.00645	0.00752667	0.00697286	0.00645	0.00752667	1.39631	1.3963	6.24443	
21.4755	5	66	21.4691	5	66	21.0559	5	64	0.096674	0	16	0.0100062	0.00967667	0.0104433	0.0100059	0.00967667	0.0104433	0.014022	0.01365	0.0149067	0.0140217	0.01365	0.0149067	1.40133	1.40135	6.24691	
21.6809	5	74	21.6717	5	74	21.2396	5	74	0.143612	0	15	0.0150311	0.0145533	0.0154367	0.0150308	0.01455	0.0154367	0.0210356	0.0203833	0.0217367	0.0210353	0.0203833	0.0217367	1.39947	1.39948	6.2476	
21.9055	5	76	21.8931	5	76	21.4785	5	76	0.191608	0	14	0.020063	0.0194367	0.02058	0.0200625	0.0194367	0.0205867	0.0280604	0.0270267	0.0289667	0.0280598	0.02703	0.0289667	1.39861	1.39862	6.24484	
22.2039	5	86	22.1879	5	86	21.7676	5	84	0.236216	0	14	0.0250671	0.0244333	0.0256167	0.0250664	0.0244333	0.0256133	0.0350995	0.0342067	0.03598	0.0350984	0.0342067	0.03598	1.40022	1.40022	6.24396	
22.5841	5	98	22.5654	5	98	22.1625	5	96	0.278269	0	14	0.0300682	0.02923	0.0306967	0.0300672	0.0292333	0.0307	0.0420955	0.0407567	0.0432967	0.0420939	0.0407667	0.0432833	1.4	1.39999	6.25097	
23.0219	5	130	22.9997	5	130	22.5989	5	130	0.319097	0	16	0.0350706	0.03435	0.0359633	0.0350699	0.03434	0.0359567	0.049093	0.0478333	0.0504433	0.049092	0.04784	0.0504367	1.39983	1.39983	6.24203	
23.6554	5	123	23.6294	5	123	23.2381	5	121	0.353725	0	15	0.0400941	0.0392167	0.0409667	0.040093	0.03921	0.0409667	0.0561356	0.0548767	0.0572167	0.0561342	0.05487	0.0572167	1.4001	1.4001	6.24536	
24.486	5	178	24.4563	5	178	24.0656	5	176	0.384995	0	16	0.0450691	0.0441633	0.04608	0.0450674	0.0441633	0.0460867	0.0630745	0.06121	0.06466	0.063072	0.0612067	0.0646733	1.39951	1.3995	6.24399	
25.7557	5	273	25.7223	5	273	25.3615	5	273	0.411001	0	16	0.050078	0.0493467	0.0509933	0.0500763	0.0493467	0.05099	0.0700785	0.0688067	0.0721933	0.0700768	0.0688067	0.0721833	1.39939	1.3994	6.25059	
27.7062	5	459	27.6613	5	459	27.2898	5	457	0.430405	0	16	0.055088	0.0541267	0.0558533	0.0550865	0.0541333	0.0558533	0.0770665	0.07556	0.0787167	0.0770643	0.0755667	0.0787167	1.39897	1.39897	6.24944	
31.5761	5	960	31.2464	5	771	30.8489	5	771	0.445541	0	13	0.0600776	0.0593567	0.0609733	0.0600764	0.0593533	0.0609867	0.0840478	0.0828267	0.0858533	0.0840458	0.08283	0.0858667	1.39899	1.39898	6.24944	
925.612	5	41792	40.8745	5	1371	39.4951	5	1371	0.453488	0	12	0.0649684	0.0630043	0.0657386	0.0649684	0.0630157	0.0657386	0.0908979	0.0879186	0.0918386	0.0908979	0.0879271	0.0918386	1.39911	1.39911	6.2539	
