8.96076	3	30	8.95897	3	30	8.15118	3	26	0	0	0	0.00499391	0.00471	0.00536	0.00499401	0.00471	0.00536	0.00895208	0.00824333	0.00963	0.00895229	0.00824333	0.00963	1.7926	1.79261	9.15641	
9.04174	3	33	9.03742	3	33	8.22459	3	29	0	0	0	0.0100062	0.00962333	0.01048	0.0100061	0.00962333	0.01048	0.0180378	0.0172933	0.0192367	0.0180377	0.0172933	0.0192367	1.80265	1.80267	9.21341	
9.09672	3	34	9.09048	3	34	8.30295	3	30	0	0	0	0.0150311	0.0145233	0.0156967	0.015031	0.0145233	0.0156967	0.02704	0.0259333	0.0284833	0.0270397	0.0259333	0.0284833	1.79893	1.79893	9.25936	
9.15409	3	33	9.14541	3	33	8.35614	3	29	0	0	0	0.020063	0.0194867	0.0205667	0.0200629	0.0194867	0.0205667	0.0360579	0.0347767	0.0372567	0.0360583	0.0347767	0.0372567	1.79723	1.79726	9.3049	
9.21952	3	34	9.20783	3	34	8.42163	3	30	0	0	0	0.0250671	0.02449	0.0257333	0.0250669	0.0244867	0.0257367	0.0451318	0.0439833	0.0464533	0.0451318	0.0439833	0.0464567	1.80044	1.80046	9.35369	
9.28478	3	34	9.27056	3	34	8.49882	3	30	0	0	0	0.0300682	0.02949	0.0307167	0.0300678	0.0294933	0.0307067	0.0541228	0.0526633	0.0563	0.0541219	0.0526667	0.0563	1.8	1.79999	9.40477	
9.32817	3	34	9.3114	3	34	8.53382	3	30	0	0	0	0.0350706	0.0342367	0.0362133	0.03507	0.0342333	0.0362133	0.0631154	0.0612733	0.06533	0.0631146	0.0612733	0.06533	1.79966	1.79968	9.43505	
9.38966	3	34	9.37047	3	34	8.58991	3	30	0	0	0	0.0400941	0.0389867	0.0411167	0.0400938	0.0389867	0.04112	0.072177	0.0700667	0.0745967	0.0721765	0.0700667	0.0746	1.80019	1.80019	9.48274	
9.44257	3	36	9.41901	3	36	8.64046	3	32	0	0	0	0.0450691	0.04441	0.0457233	0.0450683	0.0444133	0.0457233	0.0810798	0.07946	0.0826367	0.0810781	0.0794633	0.08265	1.79901	1.79901	9.51927	
9.50423	3	34	9.47723	3	34	8.70574	3	30	0	0	0	0.050078	0.04917	0.05091	0.0500777	0.04916	0.05091	0.090079	0.0880267	0.09225	0.090078	0.0880167	0.0922467	1.79877	1.79876	9.56659	
9.55672	3	37	9.5255	3	34	8.7506	3	32	0	0	0	0.055088	0.0541533	0.0558567	0.0550874	0.05415	0.0558533	0.0990448	0.0965533	0.101737	0.0990435	0.09655	0.101733	1.79794	1.79793	9.60496	
9.62191	3	41	9.58741	3	34	8.81667	3	30	0	0	0	0.0600776	0.0585933	0.0612533	0.0600772	0.05859	0.06125	0.108018	0.105313	0.110653	0.108017	0.105297	0.11065	1.79797	1.79796	9.65161	
9.6932	3	37	9.65344	3	36	8.8855	3	32	0	0	0	0.0651088	0.0641933	0.06608	0.0651087	0.0641933	0.0660767	0.117103	0.115033	0.120723	0.117103	0.115043	0.120737	1.79857	1.79858	9.70543	
9.74206	3	39	9.69721	3	35	8.93905	3	34	0	0	0	0.0700993	0.0692433	0.0712167	0.070099	0.0692467	0.07121	0.126046	0.123663	0.128517	0.126046	0.123673	0.128537	1.79811	1.79812	9.73746	
9.79397	3	46	9.74296	3	34	8.98092	3	33	0	0	0	0.0750704	0.0737167	0.0760867	0.0750705	0.0737167	0.0760867	0.134952	0.131797	0.13759	0.134952	0.131797	0.13759	1.79767	1.79767	9.77234	
9.85083	3	39	9.79382	3	34	9.03255	3	33	0	0	0	0.0800622	0.0788433	0.08149	0.0800623	0.07884	0.08149	0.143966	0.141463	0.14713	0.143967	0.14147	0.14713	1.79817	1.79818	9.80927	
9.9119	3	40	9.84884	3	38	9.08837	3	34	0	0	0	0.0850492	0.0838967	0.0865433	0.085049	0.0838967	0.0865467	0.152894	0.149913	0.155517	0.152893	0.149897	0.155517	1.79771	1.7977	9.85328	
9.97278	3	48	9.90319	3	48	9.14922	3	44	0	0	0	0.0900403	0.0881367	0.0912167	0.0900405	0.0881367	0.0912167	0.161919	0.158543	0.16451	0.16192	0.158537	0.164513	1.7983	1.7983	9.89011	
10.0214	3	59	9.94445	3	43	9.19013	3	39	0	0	0	0.0950421	0.09396	0.0965867	0.0950424	0.0939533	0.0965867	0.170904	0.16843	0.17513	0.170904	0.168453	0.175127	1.79819	1.79818	9.91827	
10.0856	3	53	9.99887	3	38	9.24757	3	38	0	0	0	0.100014	0.0985767	0.101243	0.100014	0.0985867	0.10124	0.179775	0.176603	0.18299	0.179777	0.176613	0.182987	1.7975	1.79751	9.9601	
10.1419	3	55	10.0453	3	45	9.28815	3	41	0	0	0	0.105002	0.103807	0.106227	0.105002	0.103807	0.106237	0.188774	0.18556	0.191903	0.188775	0.185557	0.191893	1.79782	1.79782	9.98963	
10.2053	3	62	10.0993	3	62	9.3479	3	58	0	0	0	0.110025	0.108787	0.111333	0.110026	0.108787	0.111333	0.197877	0.1946	0.20158	0.197879	0.194613	0.201577	1.79847	1.79848	10.0305	
10.2712	3	54	10.1533	3	43	9.40002	3	43	0	0	0	0.115005	0.113727	0.116963	0.115005	0.113727	0.116977	0.206856	0.20342	0.21087	0.206857	0.20342	0.210897	1.79868	1.79867	10.0668	
10.321	3	54	10.1914	3	48	9.44017	3	44	0	0	0	0.119998	0.118613	0.121213	0.119998	0.118613	0.1212	0.215819	0.211733	0.21892	0.215821	0.211747	0.21893	1.79853	1.79854	10.0921	
10.3931	3	55	10.2495	3	45	9.50256	3	44	0	0	0	0.124993	0.12335	0.12636	0.124993	0.123347	0.12636	0.224817	0.22087	0.228107	0.224818	0.220867	0.22812	1.79863	1.79864	10.1304	
10.4605	3	61	10.2991	3	49	9.54903	3	45	0	0	0	0.129989	0.128747	0.13121	0.12999	0.128743	0.13121	0.233857	0.230573	0.237133	0.23386	0.230573	0.237153	1.79906	1.79906	10.1629	
10.5191	3	58	10.3439	3	50	9.5937	3	50	0	0	0	0.134996	0.133797	0.136793	0.134995	0.133797	0.136793	0.242939	0.23918	0.246713	0.242939	0.239177	0.246713	1.7996	1.79961	10.1885	
10.5888	3	65	10.3942	3	46	9.65137	3	43	0	0	0	0.139994	0.1387	0.142043	0.139993	0.13869	0.142037	0.251935	0.248517	0.255967	0.251934	0.248527	0.255963	1.79962	1.79962	10.2214	
10.657	3	90	10.4399	3	46	9.69114	3	42	0	0	0	0.14498	0.1435	0.146687	0.144979	0.1435	0.146693	0.260957	0.257767	0.264273	0.260956	0.257767	0.26428	1.79996	1.79995	10.2497	
10.7353	3	71	10.4913	3	48	9.7491	3	44	0	0	0	0.149981	0.14896	0.151417	0.149982	0.148953	0.15141	0.270074	0.265633	0.274083	0.270076	0.26565	0.274073	1.80072	1.80073	10.2804	
10.8101	3	73	10.5379	3	47	9.79536	3	47	0	0	0	0.154962	0.153983	0.15644	0.154963	0.153983	0.156443	0.279055	0.27535	0.282653	0.279056	0.275347	0.28267	1.80079	1.80079	10.3073	
10.8825	3	85	10.5813	3	64	9.83537	3	60	0	0	0	0.159973	0.15789	0.16147	0.159974	0.157883	0.16147	0.288068	0.28388	0.291447	0.288068	0.28387	0.291447	1.80072	1.80072	10.3304	
10.9728	3	79	10.635	3	50	9.88853	3	48	0	0	0	0.164998	0.16387	0.166513	0.164998	0.163867	0.166503	0.297156	0.29383	0.300683	0.297158	0.293867	0.300687	1.80097	1.80097	10.3586	
11.0563	3	89	10.6813	3	89	9.94102	3	85	0	0	0	0.170008	0.168587	0.171523	0.170008	0.168577	0.171523	0.306168	0.30249	0.30979	0.30617	0.302487	0.309793	1.80091	1.80092	10.3847	
11.1524	3	99	10.7247	3	71	9.98036	3	67	0	0	0	0.175015	0.17378	0.176443	0.175016	0.17378	0.176437	0.315161	0.309647	0.319467	0.315163	0.309687	0.319483	1.80077	1.80076	10.4067	
11.2515	3	98	10.7734	3	50	10.0372	3	46	0	0	0	0.180034	0.178163	0.18141	0.180035	0.178163	0.18141	0.324183	0.32065	0.327567	0.324183	0.320653	0.327573	1.80068	1.80066	10.4293	
11.356	3	104	10.8203	3	61	10.0759	3	57	0	0	0	0.185041	0.1837	0.186537	0.185044	0.183713	0.18654	0.333238	0.329753	0.336673	0.333244	0.329787	0.336727	1.80089	1.80089	10.4542	
11.4831	3	114	10.8677	3	71	10.1263	3	67	0	0	0	0.190052	0.188987	0.191353	0.190054	0.18899	0.191353	0.342298	0.3384	0.345987	0.342303	0.338403	0.34597	1.80108	1.80108	10.4732	
11.612	3	134	10.9197	3	70	10.1764	3	70	0	0	0	0.195077	0.19343	0.196657	0.195077	0.193433	0.19667	0.351373	0.34831	0.3549	0.351371	0.348327	0.354897	1.8012	1.8012	10.4926	
11.7501	3	193	10.9555	3	64	10.2124	3	60	0	0	0	0.200077	0.198647	0.202083	0.200077	0.198637	0.202087	0.360248	0.356233	0.365297	0.36025	0.356237	0.3653	1.80055	1.80056	10.5117	
11.9402	3	184	11.0118	3	53	10.2674	3	53	0	0	0	0.20508	0.20363	0.206777	0.205079	0.20363	0.206773	0.369223	0.36587	0.372783	0.369221	0.365873	0.37279	1.80038	1.80038	10.5344	
12.118	3	192	11.058	3	73	10.3136	3	73	0	0	0	0.210069	0.208173	0.2115	0.21007	0.208177	0.211497	0.378256	0.37335	0.38255	0.378257	0.373343	0.382517	1.80062	1.80063	10.547	
12.3629	3	200	11.1131	3	93	10.3743	3	93	0	0	0	0.215034	0.213277	0.21678	0.215033	0.213277	0.216783	0.387101	0.38325	0.39125	0.387101	0.383227	0.391247	1.80019	1.80019	10.5676	
12.651	3	291	11.1536	3	64	10.4092	3	60	0	0	0	0.220028	0.217783	0.221743	0.220027	0.217773	0.221733	0.396088	0.390813	0.39951	0.396088	0.390807	0.399497	1.80017	1.80018	10.5817	
12.9805	3	309	11.2054	3	75	10.4613	3	71	0	0	0	0.225021	0.222313	0.226663	0.225019	0.22232	0.22666	0.405055	0.399957	0.409987	0.405051	0.399957	0.409993	1.80008	1.80008	10.5974	
13.5475	3	380	11.2604	3	66	10.5208	3	62	0	0	0	0.230021	0.227957	0.231717	0.230021	0.227943	0.231717	0.413976	0.409087	0.41777	0.413974	0.4091	0.41775	1.79973	1.79972	10.6127	
14.892	3	815	11.3104	3	77	10.568	3	73	0	0	0	0.234978	0.233426	0.23615	0.234977	0.233428	0.23615	0.423096	0.419928	0.426182	0.423095	0.41992	0.426182	1.80058	1.80058	10.6275	
810.909	3	78206	11.2665	3	81	10.5287	3	81	0	0	0	0.239966	0.238811	0.240996	0.239656	0.220501	0.240999	0.432004	0.429507	0.434551	0.431449	0.397867	0.434534	1.80027	1.80028	10.6225	
