7.75315	1	50	7.73169	1	50	6.93512	1	48	0	0	0	0.00499391	0.00471	0.00536	0.00499401	0	0.0804733	0.00895208	0.00824333	0.00963	0.00895234	0	0.144873	1.7926	1.79262	7.91953	
7.99937	1	53	7.95176	1	53	7.14244	1	53	0	0	0	0.0100062	0.00962333	0.01048	0.010006	0	0.160497	0.0180378	0.0172933	0.0192367	0.0180374	0	0.29003	1.80265	1.80265	8.10616	
8.35785	1	71	8.27845	1	71	7.48873	1	71	0	0	0	0.0150311	0.0145233	0.0156967	0.015031	0	0.242397	0.02704	0.0259333	0.0284833	0.0270397	0	0.434877	1.79893	1.79893	8.41194	
8.81421	1	71	8.68999	1	71	7.90199	1	71	0	0	0	0.020063	0.0194867	0.0205667	0.0200629	0	0.32277	0.0360579	0.0347767	0.0372567	0.0360582	0	0.58038	1.79723	1.79726	8.79373	
9.45039	1	88	9.26722	1	82	8.46826	1	82	0	0	0	0.0250671	0.02449	0.0257333	0.0250667	0	0.40253	0.0451318	0.0439833	0.0464533	0.0451316	0	0.7273	1.80044	1.80046	9.33128	
10.2532	1	96	9.98256	1	96	9.19028	1	96	0	0	0	0.0300682	0.02949	0.0307167	0.0300677	0	0.483247	0.0541228	0.0526633	0.0563	0.0541215	0	0.870847	1.8	1.79999	10.003	
11.2472	1	107	10.8514	1	107	10.0587	1	103	0	0	0	0.0350706	0.0342367	0.0362133	0.0347221	0	0.558183	0.0631154	0.0612733	0.06533	0.0625	0	1	1.79966	1.80001	10.813	
12.6257	1	133	12.0044	1	102	11.187	1	121	0	0	0	0.0400941	0.0389867	0.0411167	0.0347227	0	0.55816	0.072177	0.0700667	0.0745967	0.0625	0	1	1.80019	1.79997	11.8883	
14.4734	1	225	13.4344	1	116	12.6312	1	125	0	0	0	0.0450691	0.04441	0.0457233	0.0347229	0	0.558167	0.0810798	0.07946	0.0826367	0.0625	0	1	1.79901	1.79996	13.2055	
17.5947	1	465	15.3944	1	132	14.5873	1	133	0	0	0	0.050078	0.04917	0.05091	0.0347236	0	0.55818	0.090079	0.0880267	0.09225	0.0625	0	1	1.79877	1.79993	14.9851	
26.0502	1	1364	18.1968	1	171	17.4398	1	171	0	0	0	0.0550276	0.0542883	0.0555967	0.0347313	0	0.557152	0.0989549	0.0973067	0.100442	0.0625	0	1	1.79828	1.79953	17.4472	
6277.08	1	278529	22.0663	1	196	21.2886	1	208	0	0	0	0.0600776	0.0585933	0.0612533	0.0347249	0	0.5577	0.108018	0.105313	0.110653	0.0625	0	1	1.79797	1.79986	20.6122	
