9.34167	2	29	9.30473	2	26	8.50643	2	22	0	0	0	0.00499391	0.00471	0.00536	0.00499401	0.00471	0.00536	0.00895208	0.00824333	0.00963	0.0089524	0.00824333	0.00963	1.7926	1.79263	9.49373	
9.45991	2	35	9.37588	2	25	8.56078	2	21	0	0	0	0.0100062	0.00962333	0.01048	0.010006	0.00962333	0.01048	0.0180378	0.0172933	0.0192367	0.0180374	0.0172933	0.0192367	1.80265	1.80266	9.53138	
9.54802	2	47	9.40959	2	27	8.60665	2	23	0	0	0	0.0150311	0.0145233	0.0156967	0.0150309	0.0145233	0.0156967	0.02704	0.0259333	0.0284833	0.0270396	0.0259333	0.0284833	1.79893	1.79893	9.54489	
9.65484	2	49	9.44593	2	26	8.65117	2	25	0	0	0	0.020063	0.0194867	0.0205667	0.0200632	0.01949	0.0205667	0.0360579	0.0347767	0.0372567	0.0360585	0.0347767	0.0372567	1.79723	1.79725	9.5574	
9.79076	2	66	9.49695	2	29	8.69115	2	26	0	0	0	0.0250671	0.02449	0.0257333	0.0250669	0.0244867	0.0257367	0.0451318	0.0439833	0.0464533	0.045132	0.0439833	0.0464567	1.80044	1.80046	9.57259	
9.9486	2	74	9.5423	2	32	8.73584	2	28	0	0	0	0.0300682	0.02949	0.0307167	0.0300681	0.0294933	0.0307133	0.0541228	0.0526633	0.0563	0.0541223	0.0526667	0.0563	1.8	1.79999	9.58329	
10.1422	2	85	9.60129	2	30	8.80179	2	30	0	0	0	0.0350706	0.0342367	0.0362133	0.0350702	0.0342333	0.0362133	0.0631154	0.0612733	0.06533	0.0631152	0.0612733	0.06533	1.79966	1.79968	9.59755	
10.4055	2	104	9.67479	2	31	8.87388	2	28	0	0	0	0.0400941	0.0389867	0.0411167	0.0400935	0.0389867	0.04112	0.072177	0.0700667	0.0745967	0.0721766	0.0700667	0.0746	1.80019	1.80021	9.61594	
10.7078	2	111	9.7312	2	34	8.93334	2	34	0	0	0	0.0450691	0.04441	0.0457233	0.045068	0.0444133	0.0457233	0.0810798	0.07946	0.0826367	0.0810777	0.0794633	0.0826567	1.79901	1.79901	9.61699	
11.1303	2	179	9.81358	2	35	9.01933	2	31	0	0	0	0.050078	0.04917	0.05091	0.0500775	0.0491633	0.05091	0.090079	0.0880267	0.09225	0.0900784	0.0880167	0.0922467	1.79877	1.79878	9.62471	
11.7602	2	196	9.91903	2	36	9.11401	2	32	0	0	0	0.055088	0.0541533	0.0558567	0.0550877	0.05415	0.05585	0.0990448	0.0965533	0.101737	0.099044	0.09655	0.10173	1.79794	1.79793	9.64334	
12.6916	2	269	10.0309	2	36	9.23653	2	34	0	0	0	0.0600776	0.0585933	0.0612533	0.0600772	0.05859	0.0612533	0.108018	0.105313	0.110653	0.108017	0.105297	0.110653	1.79797	1.79798	9.64559	
14.419	2	370	10.1858	2	38	9.38321	2	38	0	0	0	0.0651088	0.0641933	0.06608	0.0651088	0.0641933	0.0660767	0.117103	0.115033	0.120723	0.117102	0.115037	0.120737	1.79857	1.79857	9.65926	
17.4368	2	586	10.3102	2	37	9.51125	2	37	0	0	0	0.0700993	0.0692433	0.0712167	0.0700983	0.0692567	0.0712133	0.126046	0.123663	0.128517	0.126044	0.12367	0.128577	1.79811	1.79811	9.6609	
29.3191	2	1253	10.4624	2	39	9.6638	2	39	0	0	0	0.0750047	0.0741	0.075816	0.0750058	0.074066	0.075814	0.134847	0.132846	0.137218	0.134849	0.13284	0.137218	1.79785	1.79785	9.66433	
1670.67	2	30761	10.7802	2	40	9.98548	2	40	0	0	0	0.0800144	0.0788657	0.0809929	0.0798666	0.0781629	0.0809914	0.143953	0.141529	0.145764	0.143684	0.140277	0.145763	1.7991	1.79905	9.66663	
