7.67194	1	26	7.66823	1	26	7.25728	1	25	0	0	0	0.00499391	0.00471333	0.00533333	0.00499401	0.00472667	0.00526667	0.00699776	0.00660333	0.00752667	0.00699807	0.0065	0.00741333	1.40126	1.40129	8.26438	
7.67657	1	26	7.66731	1	26	7.27184	1	25	0	0	0	0.0100062	0.00965667	0.0105967	0.0100061	0.00950667	0.0104867	0.0140273	0.0135433	0.0147833	0.0140269	0.0134567	0.01494	1.40185	1.40183	8.26061	
7.71055	1	28	7.69727	1	26	7.29921	1	25	0	0	0	0.0150311	0.01467	0.0156967	0.0150311	0.0145333	0.0156833	0.0210673	0.0203533	0.02175	0.0210674	0.0201667	0.0219967	1.40158	1.40158	8.28828	
7.71774	1	27	7.69971	1	27	7.3001	1	25	0	0	0	0.020063	0.0196333	0.0205067	0.0200627	0.01944	0.02065	0.0281302	0.0272	0.02891	0.0281297	0.0272367	0.02919	1.40209	1.40209	8.28747	
7.75658	1	30	7.73254	1	27	7.3351	1	25	0	0	0	0.0250671	0.0245567	0.02584	0.0250665	0.0244567	0.0256767	0.0351079	0.0343933	0.03642	0.0351068	0.0340233	0.0360167	1.40056	1.40055	8.31912	
7.76635	1	31	7.73791	1	27	7.33781	1	25	0	0	0	0.0300682	0.0294	0.0306767	0.030068	0.0293933	0.03079	0.0421036	0.0410233	0.0429367	0.0421034	0.0410233	0.0432233	1.40027	1.40027	8.32239	
7.79043	1	32	7.75553	1	27	7.36649	1	26	0	0	0	0.0350706	0.0340433	0.0356567	0.0350702	0.0342667	0.0359067	0.0490719	0.0477033	0.0501533	0.0490712	0.04772	0.0505133	1.39923	1.39923	8.33828	
7.79678	1	31	7.75675	1	27	7.35757	1	25	0	0	0	0.0400941	0.0393033	0.0408433	0.0400935	0.0393733	0.0409233	0.0560762	0.0548467	0.0573833	0.0560752	0.0548867	0.05736	1.39861	1.39861	8.3364	
7.82963	1	31	7.78269	1	28	7.38289	1	27	0	0	0	0.0450691	0.0440867	0.0458233	0.0450687	0.0441467	0.0457333	0.0630595	0.0617767	0.0643567	0.0630587	0.0616033	0.06446	1.39917	1.39917	8.359	
7.84119	1	33	7.78822	1	29	7.39632	1	27	0	0	0	0.050078	0.0491767	0.0508067	0.0500777	0.0487733	0.0508433	0.0700796	0.06886	0.0715133	0.0700787	0.06828	0.0712933	1.39941	1.3994	8.36181	
7.86094	1	33	7.80138	1	29	7.40699	1	27	0	0	0	0.055088	0.0541267	0.0558067	0.055088	0.0536833	0.0559167	0.0771148	0.07581	0.0787933	0.0771153	0.0753633	0.0785333	1.39985	1.39986	8.37136	
7.88852	1	38	7.82078	1	38	7.42693	1	36	0	0	0	0.0600776	0.0589033	0.0612833	0.0600772	0.0591433	0.0611933	0.0841092	0.0820833	0.08571	0.0841086	0.0829	0.08547	1.40001	1.40001	8.38748	
7.91265	1	37	7.83779	1	37	7.44401	1	35	0	0	0	0.0651088	0.06383	0.0663967	0.0651088	0.0639267	0.0660767	0.0911576	0.0892667	0.0933567	0.0911576	0.0898033	0.0925367	1.40008	1.40008	8.40094	
7.9356	1	39	7.85229	1	39	7.45481	1	37	0	0	0	0.0700993	0.0687933	0.0714533	0.0700988	0.06902	0.0712533	0.0981781	0.0958267	0.10046	0.0981774	0.09628	0.0997933	1.40056	1.40056	8.41181	
7.97006	1	46	7.87781	1	45	7.4877	1	43	0	0	0	0.0750704	0.07397	0.0765167	0.0750697	0.0740267	0.0762667	0.10513	0.103207	0.107247	0.105129	0.103317	0.106743	1.40042	1.40042	8.43369	
