27.5697	6	67	27.5597	6	67	27.1557	6	67	0.0103564	0	2	0.00499391	0.00468333	0.00544667	0.00499396	0.00470333	0.00528333	0.00697302	0.00645	0.00758	0.00697313	0.00647667	0.00753667	1.39631	1.39631	6.25527	
27.5697	6	67	27.5597	6	67	27.1557	6	67	0.0103564	0	2	0.00499391	0.00468333	0.00544667	0.00499396	0.00470333	0.00528333	0.00697302	0.00645	0.00758	0.00697313	0.00647667	0.00753667	1.39631	1.39631	6.25527	
27.7243	6	74	27.7024	6	74	27.2956	5	73	0.0211795	0	2	0.0100062	0.00968	0.0104133	0.0100059	0.00947333	0.0105233	0.014022	0.0136433	0.0148067	0.0140217	0.0132667	0.0148033	1.40133	1.40134	6.24769	
27.7243	6	74	27.7024	6	74	27.2956	5	73	0.0211795	0	2	0.0100062	0.00968	0.0104133	0.0100059	0.00947333	0.0105233	0.014022	0.0136433	0.0148067	0.0140217	0.0132667	0.0148033	1.40133	1.40134	6.24769	
27.8806	6	76	27.8476	6	76	27.4421	5	74	0.0321797	0	2	0.0150311	0.0145633	0.01551	0.015031	0.0144633	0.0156833	0.0210356	0.0202033	0.0218167	0.0210354	0.01971	0.022	1.39947	1.39947	6.24215	
27.8806	6	76	27.8476	6	76	27.4421	5	74	0.0321797	0	2	0.0150311	0.0145633	0.01551	0.015031	0.0144633	0.0156833	0.0210356	0.0202033	0.0218167	0.0210354	0.01971	0.022	1.39947	1.39947	6.24215	
28.1286	6	85	28.0819	6	81	27.6695	5	80	0.0436231	0	2	0.020063	0.0193533	0.02053	0.0200622	0.0194767	0.0206967	0.0280605	0.0269133	0.0289567	0.0280592	0.0267933	0.0290833	1.39862	1.39861	6.25011	
28.1286	6	85	28.0819	6	81	27.6695	5	80	0.0436231	0	2	0.020063	0.0193533	0.02053	0.0200622	0.0194767	0.0206967	0.0280605	0.0269133	0.0289567	0.0280592	0.0267933	0.0290833	1.39862	1.39861	6.25011	
28.3892	6	83	28.3268	6	83	27.904	5	83	0.054724	0	2	0.0250671	0.0244567	0.0255933	0.0250661	0.02441	0.0257067	0.0350995	0.0340967	0.0358367	0.035098	0.03408	0.03625	1.40022	1.40022	6.25678	
28.3892	6	83	28.3268	6	83	27.904	5	83	0.054724	0	2	0.0250671	0.0244567	0.0255933	0.0250661	0.02441	0.0257067	0.0350995	0.0340967	0.0358367	0.035098	0.03408	0.03625	1.40022	1.40022	6.25678	
28.6459	6	91	28.5693	6	91	28.1317	5	91	0.0656044	0	2	0.0300682	0.0291833	0.0306267	0.0300676	0.0293267	0.0308667	0.0420955	0.0407633	0.04318	0.0420946	0.0412633	0.0435933	1.4	1.4	6.25504	
28.6459	6	91	28.5693	6	91	28.1317	5	91	0.0656044	0	2	0.0300682	0.0291833	0.0306267	0.0300676	0.0293267	0.0308667	0.0420955	0.0407633	0.04318	0.0420946	0.0412633	0.0435933	1.4	1.4	6.25504	
28.9415	6	89	28.8467	6	89	28.4195	5	88	0.0775667	0	2	0.0350706	0.0340867	0.0360433	0.0350694	0.0343033	0.03589	0.049093	0.04772	0.0506233	0.0490911	0.04817	0.0502167	1.39983	1.39983	6.25107	
28.9415	6	89	28.8467	6	89	28.4195	5	88	0.0775667	0	2	0.0350706	0.0340867	0.0360433	0.0350694	0.0343033	0.03589	0.049093	0.04772	0.0506233	0.0490911	0.04817	0.0502167	1.39983	1.39983	6.25107	
29.2833	6	125	29.1671	6	125	28.7051	5	123	0.0900784	0	2	0.0400941	0.03929	0.0409433	0.040093	0.03931	0.0407833	0.0561355	0.05495	0.0574733	0.0561349	0.0549	0.05725	1.40009	1.40012	6.24759	
29.2833	6	125	29.1671	6	125	28.7051	5	123	0.0900784	0	2	0.0400941	0.03929	0.0409433	0.040093	0.03931	0.0407833	0.0561355	0.05495	0.0574733	0.0561349	0.0549	0.05725	1.40009	1.40012	6.24759	
29.7022	6	109	29.5579	6	109	29.0954	5	105	0.100311	0	2	0.0450691	0.0442967	0.04597	0.0450682	0.0441233	0.04579	0.0630745	0.0614233	0.0645567	0.0630733	0.0616967	0.06437	1.39951	1.39951	6.24904	
29.7022	6	109	29.5579	6	109	29.0954	5	105	0.100311	0	2	0.0450691	0.0442967	0.04597	0.0450682	0.0441233	0.04579	0.0630745	0.0614233	0.0645567	0.0630733	0.0616967	0.06437	1.39951	1.39951	6.24904	
30.1692	6	156	29.9984	6	155	29.5076	5	155	0.112741	0	2	0.050078	0.0491867	0.0511167	0.0500767	0.0487333	0.05088	0.0700785	0.0686933	0.0722767	0.0700771	0.0679733	0.0716333	1.39939	1.3994	6.24889	
30.1692	6	156	29.9984	6	155	29.5076	5	155	0.112741	0	2	0.050078	0.0491867	0.0511167	0.0500767	0.0487333	0.05088	0.0700785	0.0686933	0.0722767	0.0700771	0.0679733	0.0716333	1.39939	1.3994	6.24889	
30.7767	6	130	30.5591	6	130	30.0694	5	130	0.123843	0	2	0.055088	0.0542733	0.05603	0.0550868	0.05378	0.0558933	0.0770665	0.07562	0.0784733	0.0770648	0.0750933	0.0786	1.39897	1.39897	6.24446	
30.7767	6	130	30.5591	6	130	30.0694	5	130	0.123843	0	2	0.055088	0.0542733	0.05603	0.0550868	0.05378	0.0558933	0.0770665	0.07562	0.0784733	0.0770648	0.0750933	0.0786	1.39897	1.39897	6.24446	
31.5472	6	146	31.268	6	144	30.7489	5	144	0.134769	0	2	0.0600775	0.0583533	0.0612033	0.060077	0.05909	0.0612433	0.0840478	0.0810733	0.0857833	0.0840461	0.0823433	0.0856233	1.39899	1.39897	6.25033	
31.5472	6	146	31.268	6	144	30.7489	5	144	0.134769	0	2	0.0600775	0.0583533	0.0612033	0.060077	0.05909	0.0612433	0.0840478	0.0810733	0.0857833	0.0840461	0.0823433	0.0856233	1.39899	1.39897	6.25033	
32.7185	6	188	32.3083	6	184	31.76	5	184	0.147429	0	2	0.0651086	0.0641967	0.0659667	0.0651088	0.0640067	0.0660567	0.0911058	0.08911	0.0932667	0.0911057	0.0890933	0.0926033	1.39929	1.39928	6.25601	
32.7185	6	188	32.3083	6	184	31.76	5	184	0.147429	0	2	0.0651086	0.0641967	0.0659667	0.0651088	0.0640067	0.0660567	0.0911058	0.08911	0.0932667	0.0911057	0.0890933	0.0926033	1.39929	1.39928	6.25601	
34.1968	6	244	33.5588	6	199	32.9536	5	199	0.158543	0	2	0.070099	0.0691533	0.0711633	0.0700978	0.0689667	0.0712167	0.0980725	0.0960067	0.0996467	0.0980706	0.0962567	0.0997233	1.39906	1.39905	6.25481	
34.1968	6	244	33.5588	6	199	32.9536	5	199	0.158543	0	2	0.070099	0.0691533	0.0711633	0.0700978	0.0689667	0.0712167	0.0980725	0.0960067	0.0996467	0.0980706	0.0962567	0.0997233	1.39906	1.39905	6.25481	
36.9588	6	384	35.6	6	270	34.9097	5	268	0.170926	0	2	0.0750711	0.0739467	0.07614	0.0750727	0.07402	0.0762233	0.105012	0.10316	0.106767	0.105014	0.1033	0.106827	1.39884	1.39883	6.25382	
36.9588	6	384	35.6	6	270	34.9097	5	268	0.170926	0	2	0.0750711	0.0739467	0.07614	0.0750727	0.07402	0.0762233	0.105012	0.10316	0.106767	0.105014	0.1033	0.106827	1.39884	1.39883	6.25382	
42.5937	6	522	38.88	6	362	38.0209	5	358	0.183831	0	2	0.080063	0.0784433	0.08107	0.0800638	0.07891	0.08126	0.112016	0.110627	0.11354	0.112016	0.109963	0.11381	1.39909	1.39909	6.24401	
42.5937	6	522	38.88	6	362	38.0209	5	358	0.183831	0	2	0.080063	0.0784433	0.08107	0.0800638	0.07891	0.08126	0.112016	0.110627	0.11354	0.112016	0.109963	0.11381	1.39909	1.39909	6.24401	
65.6937	6	1714	45.1572	6	422	43.877	5	418	0.197174	0	2	0.0850482	0.0836267	0.08626	0.0850473	0.0840633	0.08615	0.11897	0.116173	0.12128	0.118969	0.117233	0.12066	1.39885	1.39886	6.24876	
65.6937	6	1714	45.1572	6	422	43.877	5	418	0.197174	0	2	0.0850482	0.0836267	0.08626	0.0850473	0.0840633	0.08615	0.11897	0.116173	0.12128	0.118969	0.117233	0.12066	1.39885	1.39886	6.24876	
10823.6	6	168427	55.7976	6	570	53.1476	5	566	0.208926	0	2	0.0886921	0.0769429	0.0907186	0.0886916	0.0878771	0.0893871	0.124143	0.107583	0.126996	0.124143	0.12267	0.125301	1.39971	1.39971	6.25499	
10823.6	6	168427	55.7976	6	570	53.1476	5	566	0.208926	0	2	0.0886921	0.0769429	0.0907186	0.0886916	0.0878771	0.0893871	0.124143	0.107583	0.126996	0.124143	0.12267	0.125301	1.39971	1.39971	6.25499	
